Sun Apr  2 16:02:25 2017	
100	0	1	step_1_no_load	1	2	2	1006	
100	0	1	step_2_no_load	5	6	0.457620150462	0.511789129507	6	1342	1	
100	0	2	step_1_no_load	1	2	2	658	
100	0	2	step_2_no_load	5	6	0.474613197709	0.533203491871	6	869	1	
100	0	3	step_1_no_load	1	2	2	679	
100	0	3	step_2_no_load	5	6	0.476767372206	0.516002945397	6	679	0	
100	0	4	step_1_no_load	1	2	2	943	
100	0	4	step_2_no_load	5	6	0.478607661228	0.494597764192	6	503	1	
100	0	5	step_1_no_load	1	2	1	391	
100	0	5	step_2_no_load	3	4	0.623810210114	0.576104915614	4	661	1	
100	0	6	step_1_no_load	1	2	1	524	
100	0	6	step_2_no_load	3	4	0.585722686883	0.603642866427	4	551	0	
100	0	7	step_1_no_load	1	2	1	958	
100	0	7	step_2_no_load	5	6	0.500071913476	0.506408070053	6	1097	0	
100	0	8	step_1_no_load	1	2	2	799	
100	0	8	step_2_no_load	5	6	0.489816616396	0.499203529332	6	862	0	
100	0	9	step_1_no_load	1	2	2	764	
100	0	9	step_2_no_load	5	6	0.496546708465	0.54429228266	5	677	1	
100	0	10	step_1_no_load	1	2	2	426	
100	0	10	step_2_no_load	3	4	0.652626043146	0.636063269715	3	556	1	
100	0	11	step_1_no_load	1	2	2	440	
100	0	11	step_2_no_load	5	6	0.477013315682	0.59022801242	5	420	1	
100	0	12	step_1_no_load	1	2	2	436	
100	0	12	step_2_no_load	5	6	0.48457206759	0.597131918027	5	718	1	
100	0	13	step_1_no_load	1	2	2	871	
100	0	13	step_2_no_load	3	4	0.653587098421	0.558313135925	3	736	1	
100	0	14	step_1_no_load	1	2	2	1057	
100	0	14	step_2_no_load	5	6	0.491234392147	0.611256675753	5	1335	0	
100	0	15	step_1_no_load	1	2	1	696	
100	0	15	step_2_no_load	3	4	0.612260006668	0.570419113221	3	1098	0	
100	0	16	step_1_no_load	1	2	1	413	
100	0	16	step_2_no_load	3	4	0.628091198119	0.553308964466	4	535	0	
100	0	17	step_1_no_load	1	2	1	441	
100	0	17	step_2_no_load	3	4	0.633350170016	0.562895132605	3	232	0	
100	0	18	step_1_no_load	1	2	2	532	
100	0	18	step_2_no_load	5	6	0.517514133912	0.626895526976	6	985	1	
100	0	19	step_1_no_load	1	2	2	258	
100	0	19	step_2_no_load	5	6	0.498240186199	0.644773170243	6	666	1	
100	0	20	step_1_no_load	1	2	2	346	
100	0	20	step_2_no_load	3	4	0.636521555122	0.491720931314	4	543	0	
100	0	21	step_1_no_load	1	2	2	567	
100	0	21	step_2_no_load	3	4	0.630305464549	0.470207377245	3	600	1	
100	0	22	step_1_no_load	1	2	2	389	
100	0	22	step_2_no_load	3	4	0.621949894727	0.468700882609	3	810	0	
100	0	23	step_1_no_load	1	2	2	319	
100	0	23	step_2_no_load	5	6	0.520606588181	0.604065470975	6	1315	0	
100	0	24	step_1_no_load	1	2	2	655	
100	0	24	step_2_no_load	3	4	0.582115115688	0.503316199018	3	1013	1	
100	0	25	step_1_no_load	1	2	2	459	
100	0	25	step_2_no_load	5	6	0.503316372362	0.629917901014	6	992	1	
100	0	26	step_1_no_load	1	2	2	363	
100	0	26	step_2_no_load	5	6	0.511744353778	0.640635035276	5	825	1	
100	0	27	step_1_no_load	1	2	2	644	
100	0	27	step_2_no_load	3	4	0.57860777711	0.54756089792	3	908	1	
100	0	28	step_1_no_load	1	2	2	588	
100	0	28	step_2_no_load	3	4	0.588356036098	0.553259388875	3	949	0	
100	0	29	step_1_no_load	1	2	2	506	
100	0	29	step_2_no_load	5	6	0.521159009103	0.618626354124	5	769	0	
100	0	30	step_1_no_load	1	2	1	1270	
100	0	30	step_2_no_load	3	4	0.608245979832	0.574272497114	4	1195	0	
100	0	31	step_1_no_load	1	2	1	614	
100	0	31	step_2_no_load	3	4	0.636602545794	0.541819886458	3	1082	0	
100	0	32	step_1_no_load	1	2	1	691	
100	0	32	step_2_no_load	5	6	0.520318771114	0.605616211083	5	1377	1	
100	0	33	step_1_no_load	1	2	1	754	
100	0	33	step_2_no_load	3	4	0.611700032906	0.542309898544	4	860	1	
100	0	34	step_1_no_load	1	2	1	637	
100	0	34	step_2_no_load	5	6	0.454565258478	0.670290552209	6	1062	1	
100	0	35	step_1_no_load	1	2	2	619	
100	0	35	step_2_no_load	3	4	0.566827313385	0.594167768198	3	1255	0	
100	0	36	step_1_no_load	1	2	1	1063	
100	0	36	step_2_no_load	3	4	0.527635087561	0.611274573488	4	898	0	
100	0	37	step_1_no_load	1	2	2	896	
100	0	37	step_2_no_load	3	4	0.513822304161	0.598446394142	3	909	0	
100	0	38	step_1_no_load	1	2	2	983	
100	0	38	step_2_no_load	3	4	0.539078491643	0.595113730206	4	1051	1	
100	0	39	step_1_no_load	1	2	2	533	
100	0	39	step_2_no_load	5	6	0.578640235206	0.634483337633	5	829	1	
100	0	40	step_1_no_load	1	2	2	556	
100	0	40	step_2_no_load	3	4	0.580760785074	0.607992802154	4	770	1	
100	0	41	step_1_no_load	1	2	1	719	
100	0	41	step_2_no_load	3	4	0.524862294848	0.588857868869	4	1021	0	
100	0	42	step_1_no_load	1	2	1	310	
100	0	42	step_2_no_load	3	4	0.533857158543	0.609164606591	3	527	0	
100	0	43	step_1_no_load	1	2	2	572	
100	0	43	step_2_no_load	5	6	0.548128010644	0.581931546759	5	930	0	
100	0	44	step_1_no_load	1	2	2	462	
100	0	44	step_2_no_load	5	6	0.537842745081	0.589653131867	6	733	1	
100	0	45	step_1_no_load	1	2	2	595	
100	0	45	step_2_no_load	5	6	0.5288039409	0.620699591043	5	1456	0	
100	0	46	step_1_no_load	1	2	2	683	
100	0	46	step_2_no_load	5	6	0.532238720495	0.654261318712	6	1230	1	
100	0	47	step_1_no_load	1	2	2	437	
100	0	47	step_2_no_load	5	6	0.493112702321	0.634373567175	6	534	1	
100	0	48	step_1_no_load	1	2	2	395	
100	0	48	step_2_no_load	5	6	0.488280685105	0.657624935632	6	992	1	
100	0	49	step_1_no_load	1	2	2	546	
100	0	49	step_2_no_load	5	6	0.489287375157	0.614679490594	5	855	0	
100	0	50	step_1_no_load	1	2	2	327	
100	0	50	step_2_no_load	3	4	0.481616544184	0.606862017918	3	868	0	
100	0	51	step_1_no_load	1	2	2	530	
100	0	51	step_2_no_load	5	6	0.469943944943	0.613357430892	5	608	0	
100	0	52	step_1_no_load	1	2	2	347	
100	0	52	step_2_no_load	5	6	0.429622901875	0.613408921915	6	843	1	
100	0	53	step_1_no_load	1	2	2	458	
100	0	53	step_2_no_load	3	4	0.475342927439	0.551457882502	4	602	0	
100	0	54	step_1_no_load	1	2	2	375	
100	0	54	step_2_no_load	5	6	0.491512498697	0.652515308527	6	668	1	
100	0	55	step_1_no_load	1	2	2	318	
100	0	55	step_2_no_load	3	4	0.526704292526	0.574045915747	3	660	1	
100	0	56	step_1_no_load	1	2	2	504	
100	0	56	step_2_no_load	3	4	0.538512915562	0.601856598146	-1	-1	-1	
100	0	57	step_1_no_load	1	2	1	560	
100	0	57	step_2_no_load	3	4	0.516475618243	0.641849303307	4	702	1	
100	0	58	step_1_no_load	1	2	1	643	
100	0	58	step_2_no_load	3	4	0.528376440027	0.664682809182	4	945	1	
100	0	59	step_1_no_load	1	2	2	493	
100	0	59	step_2_no_load	5	6	0.480274332693	0.608951267756	6	1094	0	
100	0	60	step_1_no_load	1	2	2	483	
100	0	60	step_2_no_load	5	6	0.491916707098	0.599559577859	5	675	1	
100	0	61	step_1_no_load	1	2	2	756	
100	0	61	step_2_no_load	5	6	0.464268875813	0.602879526975	5	1355	1	
100	0	62	step_1_no_load	1	2	2	535	
100	0	62	step_2_no_load	3	4	0.533031417444	0.691137204746	4	990	0	
100	0	63	step_1_no_load	1	2	2	433	
100	0	63	step_2_no_load	5	6	0.53192660365	0.642623127313	5	939	0	
100	0	64	step_1_no_load	1	2	1	661	
100	0	64	step_2_no_load	5	6	0.555062911513	0.626149195169	6	732	1	
100	0	65	step_1_no_load	1	2	1	688	
100	0	65	step_2_no_load	3	4	0.517687993213	0.612660225018	3	1079	1	
100	0	66	step_1_no_load	1	2	1	625	
100	0	66	step_2_no_load	3	4	0.555324764318	0.606938648072	3	688	1	
100	0	67	step_1_no_load	1	2	1	246	
100	0	67	step_2_no_load	3	4	0.538279387614	0.597650193897	3	875	1	
100	0	68	step_1_no_load	1	2	2	1311	
100	0	68	step_2_no_load	3	4	0.523301545299	0.622963076372	3	1102	1	
100	0	69	step_1_no_load	1	2	2	777	
100	0	69	step_2_no_load	3	4	0.560462111264	0.622221685203	3	780	1	
100	0	70	step_1_no_load	1	2	2	717	
100	0	70	step_2_no_load	5	6	0.498834901463	0.697741832068	6	983	1	
100	0	71	step_1_no_load	1	2	2	606	
100	0	71	step_2_no_load	5	6	0.482863323776	0.706816191949	6	947	0	
100	0	72	step_1_no_load	1	2	2	454	
100	0	72	step_2_no_load	5	6	0.47409116389	0.705884789502	5	957	1	
100	0	73	step_1_no_load	1	2	2	645	
100	0	73	step_2_no_load	3	4	0.50185699984	0.657126403029	3	1126	0	
100	0	74	step_1_no_load	1	2	2	312	
100	0	74	step_2_no_load	3	4	0.491044983779	0.614462146454	4	797	0	
100	0	75	step_1_no_load	1	2	2	525	
100	0	75	step_2_no_load	5	6	0.44832280175	0.697629587097	6	1231	1	
100	0	76	step_1_no_load	1	2	2	277	
100	0	76	step_2_no_load	5	6	0.488583631821	0.690117652944	6	557	1	
100	0	77	step_1_no_load	1	2	2	430	
100	0	77	step_2_no_load	5	6	0.446809557226	0.679737625371	6	965	1	
100	0	78	step_1_no_load	1	2	2	408	
100	0	78	step_2_no_load	5	6	0.435911167612	0.647586191228	6	1172	1	
100	0	79	step_1_no_load	1	2	2	596	
100	0	79	step_2_no_load	5	6	0.389124152368	0.647841624544	6	533	1	
100	0	80	step_1_no_load	1	2	2	600	
100	0	80	step_2_no_load	5	6	0.396016175285	0.703969305517	6	685	1	
100	0	81	step_1_no_load	1	2	2	508	
100	0	81	step_2_no_load	5	6	0.419265522488	0.702400933084	6	824	1	
100	0	82	step_1_no_load	1	2	2	506	
100	0	82	step_2_no_load	5	6	0.395813831323	0.688340116885	6	630	0	
100	0	83	step_1_no_load	1	2	2	292	
100	0	83	step_2_no_load	3	4	0.483255412498	0.607907985871	4	808	1	
100	0	84	step_1_no_load	1	2	2	464	
100	0	84	step_2_no_load	5	6	0.385087938645	0.731466635793	5	745	1	
100	0	85	step_1_no_load	1	2	2	437	
100	0	85	step_2_no_load	5	6	0.384458259121	0.712989604416	5	725	0	
100	0	86	step_1_no_load	1	2	2	361	
100	0	86	step_2_no_load	5	6	0.345323068124	0.721207648497	6	425	1	
100	0	87	step_1_no_load	1	2	2	660	
100	0	87	step_2_no_load	3	4	0.493867001103	0.719375344246	4	1492	1	
100	0	88	step_1_no_load	1	2	1	342	
100	0	88	step_2_no_load	3	4	0.509563243675	0.717410082358	3	972	1	
100	0	89	step_1_no_load	1	2	1	486	
100	0	89	step_2_no_load	3	4	0.490019385174	0.690772436485	3	412	0	
100	0	90	step_1_no_load	1	2	1	280	
100	0	90	step_2_no_load	3	4	0.530126112124	0.712247848046	4	813	1	
100	0	91	step_1_no_load	1	2	1	283	
100	0	91	step_2_no_load	3	4	0.479087223222	0.685023809334	4	406	0	
100	0	92	step_1_no_load	1	2	1	443	
100	0	92	step_2_no_load	3	4	0.484260039873	0.692406274724	3	869	1	
100	0	93	step_1_no_load	1	2	1	471	
100	0	93	step_2_no_load	3	4	0.473273727684	0.70415710998	3	1055	1	
100	0	94	step_1_no_load	1	2	1	376	
100	0	94	step_2_no_load	3	4	0.468637558205	0.719464414227	3	899	0	
100	0	95	step_1_no_load	1	2	2	931	
100	0	95	step_2_no_load	5	6	0.427150666411	0.640209855442	6	1330	0	
100	0	96	step_1_no_load	1	2	2	559	
100	0	96	step_2_no_load	3	4	0.437558890646	0.693739812506	3	458	1	
100	0	97	step_1_no_load	1	2	2	386	
100	0	97	step_2_no_load	3	4	0.455601814112	0.681272614291	3	308	1	
100	0	98	step_1_no_load	1	2	2	392	
100	0	98	step_2_no_load	5	6	0.409778171713	0.646040060297	5	464	1	
100	0	99	step_1_no_load	1	2	2	517	
100	0	99	step_2_no_load	3	4	0.375249961522	0.673709850038	-1	-1	-1	
100	0	100	step_1_no_load	1	2	2	361	
100	0	100	step_2_no_load	3	4	0.363162156005	0.666227451505	3	358	1	
100	0	101	step_1_no_load	1	2	2	346	
100	0	101	step_2_no_load	5	6	0.497432607584	0.655903528958	5	270	0	
100	0	102	step_1_no_load	1	2	2	370	
100	0	102	step_2_no_load	3	4	0.326080462175	0.666304534392	4	350	1	
100	0	103	step_1_no_load	1	2	2	386	
100	0	103	step_2_no_load	5	6	0.481975449893	0.69058998368	6	1147	0	
100	0	104	step_1_no_load	1	2	2	306	
100	0	104	step_2_no_load	5	6	0.521047445908	0.743372642809	5	281	0	
100	0	105	step_1_no_load	1	2	2	321	
100	0	105	step_2_no_load	5	6	0.514318365187	0.722851301692	6	327	0	
100	0	106	step_1_no_load	1	2	2	447	
100	0	106	step_2_no_load	5	6	0.508908032404	0.699623252899	6	394	0	
100	0	107	step_1_no_load	1	2	1	958	
100	0	107	step_2_no_load	3	4	0.388257337796	0.692607431435	3	1195	0	
100	0	108	step_1_no_load	1	2	1	888	
100	0	108	step_2_no_load	5	6	0.526955028982	0.681491063126	6	1110	1	
100	0	109	step_1_no_load	1	2	1	775	
100	0	109	step_2_no_load	3	4	0.372328831887	0.71632547018	3	964	0	
100	0	110	step_1_no_load	1	2	1	310	
100	0	110	step_2_no_load	3	4	0.395544455384	0.729599891941	3	922	1	
100	0	111	step_1_no_load	1	2	1	436	
100	0	111	step_2_no_load	3	4	0.407158158569	0.724852671171	3	983	0	
100	0	112	step_1_no_load	1	2	1	879	
100	0	112	step_2_no_load	3	4	0.413393106784	0.725701866094	4	957	0	
100	0	113	step_1_no_load	1	2	1	722	
100	0	113	step_2_no_load	3	4	0.387112818105	0.719324307956	3	1013	0	
100	0	114	step_1_no_load	1	2	1	390	
100	0	114	step_2_no_load	3	4	0.384736699284	0.718213323791	4	1140	1	
100	0	115	step_1_no_load	1	2	1	333	
100	0	115	step_2_no_load	3	4	0.357661171116	0.739704344621	4	872	1	
100	0	116	step_1_no_load	1	2	1	314	
100	0	116	step_2_no_load	5	6	0.378149844807	0.680124293449	-1	-1	-1	
100	0	117	step_1_no_load	1	2	1	290	
100	0	117	step_2_no_load	3	4	0.363056877927	0.747012267642	4	961	1	
100	0	118	step_1_no_load	1	2	1	619	
100	0	118	step_2_no_load	5	6	0.357645851833	0.690484235012	5	626	1	
100	0	119	step_1_no_load	1	2	1	291	
100	0	119	step_2_no_load	3	4	0.358243439099	0.690424535099	4	979	1	
100	0	120	step_1_no_load	1	2	1	721	
100	0	120	step_2_no_load	3	4	0.333809617664	0.70587238626	4	741	1	
100	0	121	step_1_no_load	1	2	1	546	
100	0	121	step_2_no_load	3	4	0.310775244958	0.658856304095	-1	-1	-1	
100	0	122	step_1_no_load	1	2	1	339	
100	0	122	step_2_no_load	3	4	0.266650857402	0.6136886145	4	456	0	
100	0	123	step_1_no_load	1	2	1	402	
100	0	123	step_2_no_load	5	6	0.337526896345	0.664849878232	5	906	1	
100	0	124	step_1_no_load	1	2	1	435	
100	0	124	step_2_no_load	3	4	0.26095206597	0.603013298253	4	623	1	
100	0	125	step_1_no_load	1	2	2	358	
100	0	125	step_2_no_load	5	6	0.303110862715	0.633566302563	6	505	1	
100	0	126	step_1_no_load	1	2	2	389	
100	0	126	step_2_no_load	5	6	0.300846667696	0.600985760967	6	451	1	
100	0	127	step_1_no_load	1	2	2	477	
100	0	127	step_2_no_load	5	6	0.274944938508	0.646945556251	6	623	1	
100	0	128	step_1_no_load	1	2	1	442	
100	0	128	step_2_no_load	5	6	0.250790232267	0.620672334996	5	651	0	
100	0	129	step_1_no_load	1	2	1	303	
100	0	129	step_2_no_load	3	4	0.268213321963	0.685297910719	4	429	1	
100	0	130	step_1_no_load	1	2	1	260	
100	0	130	step_2_no_load	3	4	0.267460866951	0.682031489739	3	683	0	
100	0	131	step_1_no_load	1	2	1	354	
100	0	131	step_2_no_load	3	4	0.281500842289	0.678044920845	4	695	1	
100	0	132	step_1_no_load	1	2	1	237	
100	0	132	step_2_no_load	3	4	0.27986961048	0.668578020634	4	610	1	
100	0	133	step_1_no_load	1	2	1	245	
100	0	133	step_2_no_load	3	4	0.315608831386	0.617383991623	4	658	0	
100	0	134	step_1_no_load	1	2	1	377	
100	0	134	step_2_no_load	5	6	0.302839427162	0.685529359147	6	1479	1	
100	0	135	step_1_no_load	1	2	2	965	
100	0	135	step_2_no_load	3	4	0.300079459047	0.593710006149	4	991	0	
100	0	136	step_1_no_load	1	2	2	980	
100	0	136	step_2_no_load	5	6	0.284521085726	0.674914008636	5	883	0	
100	0	137	step_1_no_load	1	2	2	378	
100	0	137	step_2_no_load	3	4	0.346433498467	0.605896884497	3	439	0	
100	0	138	step_1_no_load	1	2	2	785	
100	0	138	step_2_no_load	5	6	0.307694123906	0.688182193337	6	907	1	
100	0	139	step_1_no_load	1	2	2	323	
100	0	139	step_2_no_load	3	4	0.325611400511	0.636630981281	4	925	1	
100	0	140	step_1_no_load	1	2	2	271	
100	0	140	step_2_no_load	3	4	0.348740542008	0.671213945178	4	549	1	
100	0	141	step_1_no_load	1	2	2	392	
100	0	141	step_2_no_load	5	6	0.311809871418	0.616803346728	5	1005	0	
100	0	142	step_1_no_load	1	2	2	299	
100	0	142	step_2_no_load	3	4	0.397052682821	0.690276058009	4	799	1	
100	0	143	step_1_no_load	1	2	2	347	
100	0	143	step_2_no_load	5	6	0.313516825296	0.610219102298	6	504	1	
100	0	144	step_1_no_load	1	2	2	296	
100	0	144	step_2_no_load	5	6	0.275932517017	0.639347300184	6	1124	1	
100	0	145	step_1_no_load	1	2	2	390	
100	0	145	step_2_no_load	5	6	0.266265924094	0.606515632748	6	692	1	
100	0	146	step_1_no_load	1	2	2	510	
100	0	146	step_2_no_load	5	6	0.257861956214	0.593778463268	6	666	1	
100	0	147	step_1_no_load	1	2	2	343	
100	0	147	step_2_no_load	5	6	0.265578160642	0.594861186319	6	431	1	
100	0	148	step_1_no_load	1	2	2	479	
100	0	148	step_2_no_load	5	6	0.305288021243	0.648050021239	6	685	1	
100	0	149	step_1_no_load	1	2	1	362	
100	0	149	step_2_no_load	3	4	0.300290206122	0.601870110183	4	982	0	
100	0	150	step_1_no_load	1	2	1	253	
100	0	150	step_2_no_load	3	4	0.306860041627	0.575985663078	3	458	0	
100	0	151	step_1_no_load	1	2	1	290	
100	0	151	step_2_no_load	3	4	0.310557101463	0.59154759351	4	427	1	
100	0	152	step_1_no_load	1	2	1	385	
100	0	152	step_2_no_load	5	6	0.307702500543	0.644204174791	6	291	1	
100	0	153	step_1_no_load	1	2	1	627	
100	0	153	step_2_no_load	5	6	0.309356532263	0.681559292085	6	451	1	
100	0	154	step_1_no_load	1	2	1	322	
100	0	154	step_2_no_load	3	4	0.348349389262	0.638934099562	4	1066	1	
100	0	155	step_1_no_load	1	2	1	403	
100	0	155	step_2_no_load	5	6	0.296093457977	0.716100930629	6	520	0	
100	0	156	step_1_no_load	1	2	1	297	
100	0	156	step_2_no_load	5	6	0.32564867104	0.734436160799	6	1492	1	
100	0	157	step_1_no_load	1	2	1	326	
100	0	157	step_2_no_load	5	6	0.350909357271	0.720725456325	6	546	1	
100	0	158	step_1_no_load	1	2	1	359	
100	0	158	step_2_no_load	3	4	0.334595868098	0.532722108502	4	440	1	
100	0	159	step_1_no_load	1	2	1	349	
100	0	159	step_2_no_load	3	4	0.321150411254	0.541222065796	4	610	1	
100	0	160	step_1_no_load	1	2	1	459	
100	0	160	step_2_no_load	3	4	0.355992626298	0.521229931064	4	443	0	
100	0	161	step_1_no_load	1	2	2	397	
100	0	161	step_2_no_load	5	6	0.407025633682	0.719896286569	6	556	0	
100	0	162	step_1_no_load	1	2	2	303	
100	0	162	step_2_no_load	3	4	0.455329532209	0.566496468084	3	563	0	
100	0	163	step_1_no_load	1	2	2	389	
100	0	163	step_2_no_load	3	4	0.430920885959	0.5863391277	4	350	0	
100	0	164	step_1_no_load	1	2	2	404	
100	0	164	step_2_no_load	3	4	0.430844125626	0.585961845322	4	642	1	
100	0	165	step_1_no_load	1	2	2	276	
100	0	165	step_2_no_load	3	4	0.347974240867	0.538026607649	4	393	1	
100	0	166	step_1_no_load	1	2	2	607	
100	0	166	step_2_no_load	5	6	0.422282731054	0.686594248975	6	1080	0	
100	0	167	step_1_no_load	1	2	2	340	
100	0	167	step_2_no_load	3	4	0.331115714939	0.585131062446	4	352	0	
100	0	168	step_1_no_load	1	2	1	376	
100	0	168	step_2_no_load	3	4	0.335777599654	0.613361520676	4	429	1	
100	0	169	step_1_no_load	1	2	1	464	
100	0	169	step_2_no_load	3	4	0.365156560071	0.586049140041	4	528	0	
100	0	170	step_1_no_load	1	2	1	396	
100	0	170	step_2_no_load	3	4	0.364989630435	0.57151385403	4	221	0	
100	0	171	step_1_no_load	1	2	1	359	
100	0	171	step_2_no_load	3	4	0.425122034074	0.553314431843	3	517	0	
100	0	172	step_1_no_load	1	2	1	408	
100	0	172	step_2_no_load	3	4	0.490120307546	0.519090471457	4	636	1	
100	0	173	step_1_no_load	1	2	1	360	
100	0	173	step_2_no_load	3	4	0.462866379815	0.484428109849	4	328	1	
100	0	174	step_1_no_load	1	2	1	658	
100	0	174	step_2_no_load	3	4	0.46236234172	0.472729524832	4	630	0	
100	0	175	step_1_no_load	1	2	1	533	
100	0	175	step_2_no_load	3	4	0.484825491933	0.52644949356	3	695	1	
100	0	176	step_1_no_load	1	2	2	426	
100	0	176	step_2_no_load	5	6	0.383231572002	0.679250000396	6	693	1	
100	0	177	step_1_no_load	1	2	2	315	
100	0	177	step_2_no_load	5	6	0.357425668099	0.714070205704	6	405	1	
100	0	178	step_1_no_load	1	2	2	428	
100	0	178	step_2_no_load	5	6	0.36473828006	0.705993797498	6	394	0	
100	0	179	step_1_no_load	1	2	2	442	
100	0	179	step_2_no_load	5	6	0.324685418097	0.709345707515	6	586	1	
100	0	180	step_1_no_load	1	2	2	361	
100	0	180	step_2_no_load	3	4	0.489345734128	0.482853857291	3	784	1	
100	0	181	step_1_no_load	1	2	2	251	
100	0	181	step_2_no_load	5	6	0.342402764747	0.746910336326	6	390	0	
100	0	182	step_1_no_load	1	2	2	243	
100	0	182	step_2_no_load	5	6	0.340533666308	0.72717560423	6	363	1	
100	0	183	step_1_no_load	1	2	2	414	
100	0	183	step_2_no_load	5	6	0.350175837802	0.720388040749	6	416	0	
100	0	184	step_1_no_load	1	2	2	282	
100	0	184	step_2_no_load	5	6	0.362743255194	0.657291439324	6	637	1	
100	0	185	step_1_no_load	1	2	2	300	
100	0	185	step_2_no_load	5	6	0.362611152222	0.665622647081	6	304	0	
100	0	186	step_1_no_load	1	2	2	243	
100	0	186	step_2_no_load	3	4	0.484672582719	0.46870859828	3	693	0	
100	0	187	step_1_no_load	1	2	2	439	
100	0	187	step_2_no_load	5	6	0.328890769988	0.678211978625	6	774	1	
100	0	188	step_1_no_load	1	2	2	326	
100	0	188	step_2_no_load	5	6	0.291508050861	0.696362660087	5	567	0	
100	0	189	step_1_no_load	1	2	2	263	
100	0	189	step_2_no_load	3	4	0.534753756004	0.448897869069	4	745	1	
100	0	190	step_1_no_load	1	2	2	437	
100	0	190	step_2_no_load	5	6	0.304557739386	0.667655825994	5	602	0	
100	0	191	step_1_no_load	1	2	2	478	
100	0	191	step_2_no_load	5	6	0.318839908867	0.664271461991	6	390	1	
100	0	192	step_1_no_load	1	2	2	344	
100	0	192	step_2_no_load	5	6	0.299297135717	0.705517419189	6	257	1	
100	0	193	step_1_no_load	1	2	2	348	
100	0	193	step_2_no_load	3	4	0.504944704439	0.440813209638	4	974	0	
100	0	194	step_1_no_load	1	2	2	363	
100	0	194	step_2_no_load	5	6	0.342437174514	0.655261361454	6	569	1	
100	0	195	step_1_no_load	1	2	2	313	
100	0	195	step_2_no_load	3	4	0.494102184238	0.466795336969	3	914	1	
100	0	196	step_1_no_load	1	2	2	249	
100	0	196	step_2_no_load	3	4	0.496717662777	0.421761207498	3	604	1	
100	0	197	step_1_no_load	1	2	2	568	
100	0	197	step_2_no_load	5	6	0.316987700969	0.686552522522	6	900	0	
100	0	198	step_1_no_load	1	2	2	425	
100	0	198	step_2_no_load	5	6	0.303352625941	0.68660989813	6	710	0	
100	0	199	step_1_no_load	1	2	2	479	
100	0	199	step_2_no_load	5	6	0.292861528884	0.73697129762	5	687	0	
100	0	200	step_1_no_load	1	2	2	348	
100	0	200	step_2_no_load	3	4	0.507902534353	0.372436949782	3	1218	1	

Sun Apr  2 16:21:21 2017
