Tue Mar 21 09:18:51 2017	
38	0	1	step_1_no_load	1	2	-1	-1	
38	0	2	step_1_no_load	1	2	2	549	
38	0	2	step_2_no_load	3	4	0.474613197709	0.580156942153	4	1306	0	
38	0	3	step_1_no_load	1	2	1	1212	
38	0	3	step_2_no_load	3	4	0.476767372206	0.584197065669	3	988	1	
38	0	4	step_1_no_load	1	2	1	832	
38	0	4	step_2_no_load	3	4	0.478607661228	0.597491569846	4	1163	1	
38	0	5	step_1_no_load	1	2	2	1012	
38	0	5	step_2_no_load	5	6	0.543908521457	0.576104915614	6	948	1	
38	0	6	step_1_no_load	1	2	1	782	
38	0	6	step_2_no_load	3	4	0.506877622204	0.585722686883	3	994	0	
38	0	7	step_1_no_load	1	2	2	606	
38	0	7	step_2_no_load	5	6	0.506408070053	0.622642364361	5	1391	0	
38	0	8	step_1_no_load	1	2	2	500	
38	0	8	step_2_no_load	5	6	0.499203529332	0.624210374623	6	597	1	
38	0	9	step_1_no_load	1	2	1	1113	
38	0	9	step_2_no_load	3	4	0.496546708465	0.598049061473	3	1129	1	
38	0	10	step_1_no_load	1	2	2	651	
38	0	10	step_2_no_load	5	6	0.576063520885	0.636063269715	5	1312	1	
38	0	11	step_1_no_load	1	2	2	486	
38	0	11	step_2_no_load	5	6	0.59022801242	0.609191465743	6	602	1	
38	0	12	step_1_no_load	1	2	2	1042	
38	0	12	step_2_no_load	3	4	0.48457206759	0.682786328054	4	1104	1	
38	0	13	step_1_no_load	1	2	2	1151	
38	0	13	step_2_no_load	3	4	0.52012981853	0.653587098421	3	910	1	
38	0	14	step_1_no_load	1	2	1	647	
38	0	14	step_2_no_load	3	4	0.491234392147	0.629137942344	3	812	1	
38	0	15	step_1_no_load	1	2	1	656	
38	0	15	step_2_no_load	3	4	0.505377237737	0.612260006668	4	521	1	
38	0	16	step_1_no_load	1	2	2	553	
38	0	16	step_2_no_load	5	6	0.626326396372	0.553308964466	5	7	0	
38	0	17	step_1_no_load	1	2	2	1104	
38	0	17	step_2_no_load	5	6	0.643116883134	0.562895132605	6	812	1	
38	0	18	step_1_no_load	1	2	2	775	
38	0	18	step_2_no_load	5	6	0.626895526976	0.553554620302	6	641	0	
38	0	19	step_1_no_load	1	2	2	954	
38	0	19	step_2_no_load	5	6	0.644773170243	0.536502319591	6	846	0	
38	0	20	step_1_no_load	1	2	1	700	
38	0	20	step_2_no_load	5	6	0.60665343963	0.491720931314	5	608	0	
38	0	21	step_1_no_load	1	2	2	442	
38	0	21	step_2_no_load	5	6	0.611328949295	0.470207377245	6	574	1	
38	0	22	step_1_no_load	1	2	-1	-1	
38	0	23	step_1_no_load	1	2	1	375	
38	0	23	step_2_no_load	5	6	0.604065470975	0.513759772011	5	557	0	
38	0	24	step_1_no_load	1	2	1	558	
38	0	24	step_2_no_load	3	4	0.505388876622	0.582115115688	4	849	0	
38	0	25	step_1_no_load	1	2	1	622	
38	0	25	step_2_no_load	3	4	0.503316372362	0.565698722896	3	616	1	
38	0	26	step_1_no_load	1	2	1	966	
38	0	26	step_2_no_load	3	4	0.511744353778	0.592410219737	3	619	1	
38	0	27	step_1_no_load	1	2	1	670	
38	0	27	step_2_no_load	3	4	0.507272671939	0.57860777711	3	814	0	
38	0	28	step_1_no_load	1	2	1	598	
38	0	28	step_2_no_load	3	4	0.520177259699	0.588356036098	3	630	0	
38	0	29	step_1_no_load	1	2	1	429	
38	0	29	step_2_no_load	5	6	0.618626354124	0.561957580386	5	432	0	
38	0	30	step_1_no_load	1	2	1	443	
38	0	30	step_2_no_load	3	4	0.4919199548	0.608245979832	3	448	0	
38	0	31	step_1_no_load	1	2	1	549	
38	0	31	step_2_no_load	3	4	0.483156722265	0.636602545794	3	452	0	
38	0	32	step_1_no_load	1	2	2	412	
38	0	32	step_2_no_load	5	6	0.605616211083	0.522993086096	6	372	1	
38	0	33	step_1_no_load	1	2	2	738	
38	0	33	step_2_no_load	5	6	0.618000238621	0.542309898544	6	789	1	
38	0	34	step_1_no_load	1	2	2	780	
38	0	34	step_2_no_load	5	6	0.670290552209	0.538523758058	6	574	0	
38	0	35	step_1_no_load	1	2	2	801	
38	0	35	step_2_no_load	5	6	0.649776015006	0.594167768198	6	432	0	
38	0	36	step_1_no_load	1	2	1	1073	
38	0	36	step_2_no_load	5	6	0.661229326326	0.611274573488	6	825	1	
38	0	37	step_1_no_load	1	2	2	753	
38	0	37	step_2_no_load	5	6	0.660658056664	0.598446394142	5	380	1	
38	0	38	step_1_no_load	1	2	2	450	
38	0	38	step_2_no_load	5	6	0.651263699161	0.595113730206	6	162	1	
38	0	39	step_1_no_load	1	2	1	405	
38	0	39	step_2_no_load	5	6	0.634483337633	0.610601635554	5	439	1	
38	0	40	step_1_no_load	1	2	1	1109	
38	0	40	step_2_no_load	5	6	0.636994900683	0.607992802154	5	1082	0	
38	0	41	step_1_no_load	1	2	2	312	
38	0	41	step_2_no_load	5	6	0.633285941184	0.588857868869	5	1113	0	
38	0	42	step_1_no_load	1	2	1	428	
38	0	42	step_2_no_load	3	4	0.553461946234	0.533857158543	3	354	0	
38	0	43	step_1_no_load	1	2	2	270	
38	0	43	step_2_no_load	5	6	0.581931546759	0.612705031264	6	651	1	
38	0	44	step_1_no_load	1	2	2	659	
38	0	44	step_2_no_load	5	6	0.589653131867	0.611481438855	6	552	1	
38	0	45	step_1_no_load	1	2	2	643	
38	0	45	step_2_no_load	5	6	0.620699591043	0.632991467829	6	453	0	
38	0	46	step_1_no_load	1	2	2	319	
38	0	46	step_2_no_load	5	6	0.654261318712	0.600964500555	5	425	0	
38	0	47	step_1_no_load	1	2	2	407	
38	0	47	step_2_no_load	3	4	0.493112702321	0.546259467838	3	421	1	
38	0	48	step_1_no_load	1	2	1	585	
38	0	48	step_2_no_load	3	4	0.488280685105	0.534690828011	3	989	0	
38	0	49	step_1_no_load	1	2	1	615	
38	0	49	step_2_no_load	3	4	0.489287375157	0.512405963374	4	468	1	
38	0	50	step_1_no_load	1	2	2	791	
38	0	50	step_2_no_load	3	4	0.47381367271	0.481616544184	4	495	0	
38	0	51	step_1_no_load	1	2	2	639	
38	0	51	step_2_no_load	5	6	0.613357430892	0.564866799699	6	959	0	
38	0	52	step_1_no_load	1	2	1	644	
38	0	52	step_2_no_load	3	4	0.429622901875	0.513589895419	3	610	1	
38	0	53	step_1_no_load	1	2	1	776	
38	0	53	step_2_no_load	3	4	0.451905460347	0.475342927439	3	733	1	
38	0	54	step_1_no_load	1	2	-1	-1	
38	0	55	step_1_no_load	1	2	2	517	
38	0	55	step_2_no_load	5	6	0.639840796975	0.574045915747	6	724	1	
38	0	56	step_1_no_load	1	2	2	747	
38	0	56	step_2_no_load	5	6	0.60038825769	0.601856598146	6	623	0	
38	0	57	step_1_no_load	1	2	2	554	
38	0	57	step_2_no_load	5	6	0.586335094239	0.641849303307	6	311	1	
38	0	58	step_1_no_load	1	2	1	584	
38	0	58	step_2_no_load	3	4	0.478335218822	0.528376440027	3	426	1	
38	0	59	step_1_no_load	1	2	1	454	
38	0	59	step_2_no_load	5	6	0.608951267756	0.632500293208	5	1019	1	
38	0	60	step_1_no_load	1	2	2	409	
38	0	60	step_2_no_load	3	4	0.491916707098	0.479287247283	4	544	1	
38	0	61	step_1_no_load	1	2	2	1027	
38	0	61	step_2_no_load	5	6	0.602879526975	0.669587072502	6	1477	0	
38	0	62	step_1_no_load	1	2	2	404	
38	0	62	step_2_no_load	3	4	0.50724109756	0.533031417444	4	1231	1	
38	0	63	step_1_no_load	1	2	1	644	
38	0	63	step_2_no_load	5	6	0.642623127313	0.664284493458	5	915	1	
38	0	64	step_1_no_load	1	2	1	583	
38	0	64	step_2_no_load	5	6	0.626149195169	0.642369708469	6	529	0	
38	0	65	step_1_no_load	1	2	2	797	
38	0	65	step_2_no_load	5	6	0.619953360065	0.612660225018	5	550	0	
38	0	66	step_1_no_load	1	2	1	294	
38	0	66	step_2_no_load	3	4	0.573761869714	0.555324764318	-1	-1	-1	
38	0	67	step_1_no_load	1	2	1	434	
38	0	67	step_2_no_load	5	6	0.674463681351	0.597650193897	5	61	1	
38	0	68	step_1_no_load	1	2	1	766	
38	0	68	step_2_no_load	3	4	0.509127161919	0.523301545299	3	714	0	
38	0	69	step_1_no_load	1	2	2	398	
38	0	69	step_2_no_load	5	6	0.718756538957	0.622221685203	6	655	1	
38	0	70	step_1_no_load	1	2	1	823	
38	0	70	step_2_no_load	5	6	0.697741832068	0.637556284465	6	686	1	
38	0	71	step_1_no_load	1	2	1	689	
38	0	71	step_2_no_load	3	4	0.482863323776	0.546215110045	3	702	1	
38	0	72	step_1_no_load	1	2	2	538	
38	0	72	step_2_no_load	5	6	0.705884789502	0.626024641967	6	673	1	
38	0	73	step_1_no_load	1	2	1	789	
38	0	73	step_2_no_load	5	6	0.727961155836	0.657126403029	5	463	1	
38	0	74	step_1_no_load	1	2	2	698	
38	0	74	step_2_no_load	3	4	0.453420386428	0.491044983779	4	725	1	
38	0	75	step_1_no_load	1	2	2	464	
38	0	75	step_2_no_load	5	6	0.697629587097	0.615552849174	6	871	0	
38	0	76	step_1_no_load	1	2	2	916	
38	0	76	step_2_no_load	5	6	0.690117652944	0.62770291155	6	547	1	
38	0	77	step_1_no_load	1	2	2	498	
38	0	77	step_2_no_load	5	6	0.679737625371	0.564257587118	6	468	1	
38	0	78	step_1_no_load	1	2	2	390	
38	0	78	step_2_no_load	5	6	0.647586191228	0.536711448352	6	301	0	
38	0	79	step_1_no_load	1	2	1	585	
38	0	79	step_2_no_load	3	4	0.389124152368	0.540085062695	3	445	0	
38	0	80	step_1_no_load	1	2	1	321	
38	0	80	step_2_no_load	3	4	0.396016175285	0.49921021142	3	336	0	
38	0	81	step_1_no_load	1	2	2	473	
38	0	81	step_2_no_load	5	6	0.702400933084	0.529745690463	6	335	0	
38	0	82	step_1_no_load	1	2	2	270	
38	0	82	step_2_no_load	5	6	0.688340116885	0.564729328387	5	397	1	
38	0	83	step_1_no_load	1	2	1	284	
38	0	83	step_2_no_load	3	4	0.382772464038	0.483255412498	4	436	1	
38	0	84	step_1_no_load	1	2	2	298	
38	0	84	step_2_no_load	3	4	0.385087938645	0.505586222209	4	395	0	
38	0	85	step_1_no_load	1	2	1	269	
38	0	85	step_2_no_load	3	4	0.384458259121	0.485785534744	3	254	0	
38	0	86	step_1_no_load	1	2	2	428	
38	0	86	step_2_no_load	5	6	0.721207648497	0.691782850001	6	745	1	
38	0	87	step_1_no_load	1	2	2	680	
38	0	87	step_2_no_load	3	4	0.40000499778	0.493867001103	4	637	1	
38	0	88	step_1_no_load	1	2	1	355	
38	0	88	step_2_no_load	3	4	0.377947492322	0.509563243675	3	345	0	
38	0	89	step_1_no_load	1	2	1	261	
38	0	89	step_2_no_load	5	6	0.660112261017	0.690772436485	6	347	1	
38	0	90	step_1_no_load	1	2	2	267	
38	0	90	step_2_no_load	3	4	0.411459496853	0.530126112124	3	499	1	
38	0	91	step_1_no_load	1	2	1	572	
38	0	91	step_2_no_load	3	4	0.43534164751	0.479087223222	4	515	1	
38	0	92	step_1_no_load	1	2	2	269	
38	0	92	step_2_no_load	3	4	0.444368850664	0.484260039873	3	445	0	
38	0	93	step_1_no_load	1	2	1	199	
38	0	93	step_2_no_load	5	6	0.662863370634	0.70415710998	5	406	1	
38	0	94	step_1_no_load	1	2	1	264	
38	0	94	step_2_no_load	3	4	0.429211756872	0.468637558205	3	471	1	
38	0	95	step_1_no_load	1	2	2	327	
38	0	95	step_2_no_load	3	4	0.427150666411	0.42505578884	4	409	1	
38	0	96	step_1_no_load	1	2	2	282	
38	0	96	step_2_no_load	3	4	0.383038640121	0.437558890646	4	334	1	
38	0	97	step_1_no_load	1	2	2	1069	
38	0	97	step_2_no_load	5	6	0.651202057411	0.681272614291	6	476	1	
38	0	98	step_1_no_load	1	2	1	254	
38	0	98	step_2_no_load	3	4	0.409778171713	0.431479829356	3	410	0	
38	0	99	step_1_no_load	1	2	2	329	
38	0	99	step_2_no_load	5	6	0.645191748454	0.673709850038	6	471	0	
38	0	100	step_1_no_load	1	2	1	268	
38	0	100	step_2_no_load	3	4	0.4333505304	0.363162156005	4	430	1	
38	0	101	step_1_no_load	1	2	2	344	
38	0	101	step_2_no_load	5	6	0.655903528958	0.623812401974	5	703	0	
38	0	102	step_1_no_load	1	2	2	248	
38	0	102	step_2_no_load	3	4	0.494584754513	0.326080462175	4	268	0	
38	0	103	step_1_no_load	1	2	2	284	
38	0	103	step_2_no_load	3	4	0.481975449893	0.322834495838	4	305	1	
38	0	104	step_1_no_load	1	2	2	469	
38	0	104	step_2_no_load	5	6	0.743372642809	0.703870701136	6	370	1	
38	0	105	step_1_no_load	1	2	2	465	
38	0	105	step_2_no_load	5	6	0.722851301692	0.689135357059	6	454	1	
38	0	106	step_1_no_load	1	2	2	507	
38	0	106	step_2_no_load	5	6	0.699623252899	0.712883638252	5	439	1	
38	0	107	step_1_no_load	1	2	2	720	
38	0	107	step_2_no_load	5	6	0.677514185929	0.692607431435	6	556	1	
38	0	108	step_1_no_load	1	2	2	326	
38	0	108	step_2_no_load	3	4	0.526955028982	0.388185708856	4	812	1	
38	0	109	step_1_no_load	1	2	1	820	
38	0	109	step_2_no_load	3	4	0.479977531501	0.372328831887	3	556	0	
38	0	110	step_1_no_load	1	2	2	446	
38	0	110	step_2_no_load	5	6	0.65455226558	0.729599891941	6	422	1	
38	0	111	step_1_no_load	1	2	2	271	
38	0	111	step_2_no_load	5	6	0.634599547742	0.724852671171	6	377	1	
38	0	112	step_1_no_load	1	2	2	261	
38	0	112	step_2_no_load	5	6	0.635252945963	0.725701866094	6	481	1	
38	0	113	step_1_no_load	1	2	2	337	
38	0	113	step_2_no_load	5	6	0.634627459817	0.719324307956	6	988	0	
38	0	114	step_1_no_load	1	2	2	296	
38	0	114	step_2_no_load	3	4	0.380324086676	0.384736699284	4	837	0	
38	0	115	step_1_no_load	1	2	2	420	
38	0	115	step_2_no_load	5	6	0.645721217949	0.739704344621	5	365	1	
38	0	116	step_1_no_load	1	2	2	266	
38	0	116	step_2_no_load	5	6	0.680124293449	0.706736514943	5	379	1	
38	0	117	step_1_no_load	1	2	2	287	
38	0	117	step_2_no_load	3	4	0.374621793791	0.363056877927	3	311	1	
38	0	118	step_1_no_load	1	2	2	688	
38	0	118	step_2_no_load	5	6	0.690484235012	0.740051715856	6	701	1	
38	0	119	step_1_no_load	1	2	2	367	
38	0	119	step_2_no_load	3	4	0.357515098446	0.358243439099	4	709	0	
38	0	120	step_1_no_load	1	2	1	1021	
38	0	120	step_2_no_load	5	6	0.666433355915	0.70587238626	6	1083	1	
38	0	121	step_1_no_load	1	2	1	300	
38	0	121	step_2_no_load	3	4	0.352721767208	0.310775244958	4	364	0	
38	0	122	step_1_no_load	1	2	2	297	
38	0	122	step_2_no_load	3	4	0.329624572119	0.266650857402	4	650	1	
38	0	123	step_1_no_load	1	2	2	345	
38	0	123	step_2_no_load	3	4	0.337526896345	0.269780614928	4	681	0	
38	0	124	step_1_no_load	1	2	2	312	
38	0	124	step_2_no_load	5	6	0.624161788269	0.603013298253	6	361	1	
38	0	125	step_1_no_load	1	2	2	282	
38	0	125	step_2_no_load	3	4	0.303110862715	0.290374841566	4	911	0	
38	0	126	step_1_no_load	1	2	2	335	
38	0	126	step_2_no_load	5	6	0.600985760967	0.537863824328	5	263	1	
38	0	127	step_1_no_load	1	2	2	276	
38	0	127	step_2_no_load	3	4	0.274944938508	0.273483952592	3	573	0	
38	0	128	step_1_no_load	1	2	1	306	
38	0	128	step_2_no_load	3	4	0.250790232267	0.260252451606	4	353	0	
38	0	129	step_1_no_load	1	2	1	0	
38	0	129	step_2_no_load	3	4	0.271709703542	0.268213321963	3	625	0	
38	0	130	step_1_no_load	1	2	1	276	
38	0	130	step_2_no_load	3	4	0.274560758494	0.267460866951	3	457	0	
38	0	131	step_1_no_load	1	2	1	484	
38	0	131	step_2_no_load	3	4	0.311475039155	0.281500842289	3	826	0	
38	0	132	step_1_no_load	1	2	1	288	
38	0	132	step_2_no_load	3	4	0.315328810424	0.27986961048	4	335	0	
38	0	133	step_1_no_load	1	2	2	300	
38	0	133	step_2_no_load	5	6	0.691649444281	0.617383991623	6	227	0	
38	0	134	step_1_no_load	1	2	2	259	
38	0	134	step_2_no_load	3	4	0.302839427162	0.287393715313	4	402	0	
38	0	135	step_1_no_load	1	2	2	615	
38	0	135	step_2_no_load	5	6	0.700779221781	0.593710006149	6	925	1	
38	0	136	step_1_no_load	1	2	2	340	
38	0	136	step_2_no_load	5	6	0.674914008636	0.597814413435	6	492	1	
38	0	137	step_1_no_load	1	2	2	0	
38	0	137	step_2_no_load	5	6	0.668540846495	0.605896884497	6	174	0	
38	0	138	step_1_no_load	1	2	2	514	
38	0	138	step_2_no_load	5	6	0.688182193337	0.63240964674	6	360	0	
38	0	139	step_1_no_load	1	2	1	789	
38	0	139	step_2_no_load	3	4	0.323660750961	0.325611400511	4	442	0	
38	0	140	step_1_no_load	1	2	-1	-1	
38	0	141	step_1_no_load	1	2	2	457	
38	0	141	step_2_no_load	3	4	0.311809871418	0.390227133375	3	761	0	
38	0	142	step_1_no_load	1	2	1	760	
38	0	142	step_2_no_load	3	4	0.304203281606	0.397052682821	3	768	0	
38	0	143	step_1_no_load	1	2	2	304	
38	0	143	step_2_no_load	3	4	0.313516825296	0.410970957547	4	589	1	
38	0	144	step_1_no_load	1	2	2	324	
38	0	144	step_2_no_load	5	6	0.639347300184	0.626443722248	6	487	0	
38	0	145	step_1_no_load	1	2	2	294	
38	0	145	step_2_no_load	5	6	0.606515632748	0.6669125229	6	289	0	
38	0	146	step_1_no_load	1	2	2	281	
38	0	146	step_2_no_load	5	6	0.593778463268	0.681611991725	6	224	1	
38	0	147	step_1_no_load	1	2	2	695	
38	0	147	step_2_no_load	5	6	0.594861186319	0.647798886916	5	953	1	
38	0	148	step_1_no_load	1	2	1	0	
38	0	148	step_2_no_load	3	4	0.305288021243	0.311162711725	3	590	0	
38	0	149	step_1_no_load	1	2	1	353	
38	0	149	step_2_no_load	5	6	0.623203869836	0.601870110183	5	867	0	
38	0	150	step_1_no_load	1	2	1	686	
38	0	150	step_2_no_load	5	6	0.605912419156	0.575985663078	5	682	1	
38	0	151	step_1_no_load	1	2	1	406	
38	0	151	step_2_no_load	3	4	0.348172164421	0.310557101463	3	416	0	
38	0	152	step_1_no_load	1	2	1	104	
38	0	152	step_2_no_load	5	6	0.644204174791	0.595108765344	5	407	1	
38	0	153	step_1_no_load	1	2	1	491	
38	0	153	step_2_no_load	3	4	0.309356532263	0.343622632154	3	768	0	
38	0	154	step_1_no_load	1	2	2	458	
38	0	154	step_2_no_load	5	6	0.671672162443	0.638934099562	6	1053	0	
38	0	155	step_1_no_load	1	2	2	404	
38	0	155	step_2_no_load	3	4	0.296093457977	0.372188990474	3	567	0	
38	0	156	step_1_no_load	1	2	2	383	
38	0	156	step_2_no_load	5	6	0.734436160799	0.631048201903	6	469	1	
38	0	157	step_1_no_load	1	2	2	429	
38	0	157	step_2_no_load	5	6	0.720725456325	0.585191807512	6	510	1	
38	0	158	step_1_no_load	1	2	2	357	
38	0	158	step_2_no_load	3	4	0.408728803896	0.334595868098	4	608	1	
38	0	159	step_1_no_load	1	2	2	353	
38	0	159	step_2_no_load	5	6	0.697903160072	0.541222065796	-1	-1	-1	
38	0	160	step_1_no_load	1	2	2	984	
38	0	160	step_2_no_load	3	4	0.415052912783	0.355992626298	4	473	0	
38	0	161	step_1_no_load	1	2	2	306	
38	0	161	step_2_no_load	3	4	0.407025633682	0.438878285506	3	459	1	
38	0	162	step_1_no_load	1	2	2	395	
38	0	162	step_2_no_load	3	4	0.3926701003	0.455329532209	3	607	0	
38	0	163	step_1_no_load	1	2	2	322	
38	0	163	step_2_no_load	5	6	0.697095951435	0.5863391277	6	426	1	
38	0	164	step_1_no_load	1	2	2	475	
38	0	164	step_2_no_load	5	6	0.692137394606	0.585961845322	6	456	1	
38	0	165	step_1_no_load	1	2	2	561	
38	0	165	step_2_no_load	3	4	0.463777557969	0.347974240867	3	876	1	
38	0	166	step_1_no_load	1	2	2	495	
38	0	166	step_2_no_load	3	4	0.422282731054	0.356317216644	3	906	1	
38	0	167	step_1_no_load	1	2	2	551	
38	0	167	step_2_no_load	5	6	0.706271792549	0.585131062446	6	721	0	
38	0	168	step_1_no_load	1	2	2	254	
38	0	168	step_2_no_load	5	6	0.67192508984	0.613361520676	6	502	1	
38	0	169	step_1_no_load	1	2	2	318	
38	0	169	step_2_no_load	5	6	0.704981910944	0.586049140041	6	524	0	
38	0	170	step_1_no_load	1	2	2	291	
38	0	170	step_2_no_load	5	6	0.67334314737	0.57151385403	6	668	1	
38	0	171	step_1_no_load	1	2	2	498	
38	0	171	step_2_no_load	3	4	0.386979310814	0.425122034074	3	695	0	
38	0	172	step_1_no_load	1	2	2	271	
38	0	172	step_2_no_load	5	6	0.668669556875	0.519090471457	5	534	1	
38	0	173	step_1_no_load	1	2	2	372	
38	0	173	step_2_no_load	5	6	0.667027212577	0.484428109849	5	102	0	
38	0	174	step_1_no_load	1	2	1	427	
38	0	174	step_2_no_load	5	6	0.729877433725	0.472729524832	5	649	1	
38	0	175	step_1_no_load	1	2	1	374	
38	0	175	step_2_no_load	3	4	0.426185553904	0.484825491933	3	390	0	
38	0	176	step_1_no_load	1	2	2	365	
38	0	176	step_2_no_load	5	6	0.679250000396	0.474046874473	6	351	0	
38	0	177	step_1_no_load	1	2	2	275	
38	0	177	step_2_no_load	5	6	0.714070205704	0.501268576771	6	402	0	
38	0	178	step_1_no_load	1	2	2	922	
38	0	178	step_2_no_load	5	6	0.705993797498	0.493712351915	6	771	0	
38	0	179	step_1_no_load	1	2	1	460	
38	0	179	step_2_no_load	3	4	0.324685418097	0.493565996034	4	797	0	
38	0	180	step_1_no_load	1	2	1	314	
38	0	180	step_2_no_load	3	4	0.341214611607	0.489345734128	3	588	0	
38	0	181	step_1_no_load	1	2	2	389	
38	0	181	step_2_no_load	5	6	0.746910336326	0.508735114046	5	871	1	
38	0	182	step_1_no_load	1	2	2	490	
38	0	182	step_2_no_load	5	6	0.72717560423	0.506773281362	6	843	0	
38	0	183	step_1_no_load	1	2	2	398	
38	0	183	step_2_no_load	5	6	0.720388040749	0.502991759047	6	518	0	
38	0	184	step_1_no_load	1	2	2	470	
38	0	184	step_2_no_load	5	6	0.657291439324	0.460890977786	6	795	1	
38	0	185	step_1_no_load	1	2	2	415	
38	0	185	step_2_no_load	3	4	0.362611152222	0.482228039858	3	692	0	
38	0	186	step_1_no_load	1	2	2	326	
38	0	186	step_2_no_load	5	6	0.656308636836	0.46870859828	6	404	0	
38	0	187	step_1_no_load	1	2	2	365	
38	0	187	step_2_no_load	5	6	0.678211978625	0.443962917772	6	517	0	
38	0	188	step_1_no_load	1	2	1	458	
38	0	188	step_2_no_load	3	4	0.291508050861	0.548350535247	3	783	0	
38	0	189	step_1_no_load	1	2	2	517	
38	0	189	step_2_no_load	5	6	0.688353284054	0.448897869069	6	656	1	
38	0	190	step_1_no_load	1	2	2	443	
38	0	190	step_2_no_load	3	4	0.304557739386	0.505820429042	4	512	0	
38	0	191	step_1_no_load	1	2	2	343	
38	0	191	step_2_no_load	5	6	0.664271461991	0.435748387321	5	1065	1	
38	0	192	step_1_no_load	1	2	2	652	
38	0	192	step_2_no_load	5	6	0.705517419189	0.450791310283	5	638	0	
38	0	193	step_1_no_load	1	2	2	426	
38	0	193	step_2_no_load	5	6	0.679792491164	0.440813209638	5	597	1	
38	0	194	step_1_no_load	1	2	2	414	
38	0	194	step_2_no_load	5	6	0.655261361454	0.433250459893	5	559	0	
38	0	195	step_1_no_load	1	2	2	413	
38	0	195	step_2_no_load	5	6	0.646280688878	0.466795336969	6	639	0	
38	0	196	step_1_no_load	1	2	1	592	
38	0	196	step_2_no_load	5	6	0.695101215304	0.421761207498	6	798	0	
38	0	197	step_1_no_load	1	2	1	465	
38	0	197	step_2_no_load	3	4	0.316987700969	0.47786945426	3	957	0	
38	0	198	step_1_no_load	1	2	1	346	
38	0	198	step_2_no_load	5	6	0.68660989813	0.397292432346	6	432	0	
38	0	199	step_1_no_load	1	2	2	316	
38	0	199	step_2_no_load	5	6	0.73697129762	0.39793773834	6	569	0	
38	0	200	step_1_no_load	1	2	2	375	
38	0	200	step_2_no_load	3	4	0.299128796668	0.507902534353	4	498	1	

Tue Mar 21 09:38:59 2017
