Wed Mar 22 13:35:53 2017	
40	0	1	step_1_no_load	1	2	-1	-1	
40	0	2	step_1_no_load	1	2	1	703	
40	0	2	step_2_no_load	3	4	0.533203491871	0.474613197709	3	1295	0	
40	0	3	step_1_no_load	1	2	2	740	
40	0	3	step_2_no_load	5	6	0.589215227351	0.584197065669	5	720	1	
40	0	4	step_1_no_load	1	2	1	517	
40	0	4	step_2_no_load	3	4	0.494597764192	0.478607661228	4	1042	1	
40	0	5	step_1_no_load	1	2	2	350	
40	0	5	step_2_no_load	5	6	0.576104915614	0.623810210114	5	257	1	
40	0	6	step_1_no_load	1	2	1	358	
40	0	6	step_2_no_load	3	4	0.490454120702	0.506877622204	4	484	0	
40	0	7	step_1_no_load	1	2	2	373	
40	0	7	step_2_no_load	3	4	0.506408070053	0.500071913476	3	247	0	
40	0	8	step_1_no_load	1	2	1	328	
40	0	8	step_2_no_load	5	6	0.624210374623	0.59128639594	6	437	1	
40	0	9	step_1_no_load	1	2	2	677	
40	0	9	step_2_no_load	3	4	0.54429228266	0.496546708465	4	688	1	
40	0	10	step_1_no_load	1	2	2	428	
40	0	10	step_2_no_load	5	6	0.636063269715	0.652626043146	6	1040	0	
40	0	11	step_1_no_load	1	2	2	435	
40	0	11	step_2_no_load	5	6	0.609191465743	0.69163818036	5	264	1	
40	0	12	step_1_no_load	1	2	2	327	
40	0	12	step_2_no_load	5	6	0.552770607849	0.682786328054	5	755	0	
40	0	13	step_1_no_load	1	2	2	368	
40	0	13	step_2_no_load	5	6	0.558313135925	0.653587098421	6	279	0	
40	0	14	step_1_no_load	1	2	1	375	
40	0	14	step_2_no_load	5	6	0.545555696267	0.629137942344	5	281	0	
40	0	15	step_1_no_load	1	2	1	380	
40	0	15	step_2_no_load	3	4	0.633564630036	0.505377237737	4	296	1	
40	0	16	step_1_no_load	1	2	1	322	
40	0	16	step_2_no_load	5	6	0.553308964466	0.628091198119	6	434	1	
40	0	17	step_1_no_load	1	2	1	383	
40	0	17	step_2_no_load	3	4	0.643116883134	0.535958400205	4	500	0	
40	0	18	step_1_no_load	1	2	1	331	
40	0	18	step_2_no_load	3	4	0.626895526976	0.517514133912	3	329	0	
40	0	19	step_1_no_load	1	2	1	296	
40	0	19	step_2_no_load	3	4	0.644773170243	0.498240186199	4	441	1	
40	0	20	step_1_no_load	1	2	1	374	
40	0	20	step_2_no_load	3	4	0.60665343963	0.478025448397	4	437	0	
40	0	21	step_1_no_load	1	2	1	357	
40	0	21	step_2_no_load	3	4	0.611328949295	0.49769376036	3	326	1	
40	0	22	step_1_no_load	1	2	1	385	
40	0	22	step_2_no_load	5	6	0.468700882609	0.621949894727	5	503	0	
40	0	23	step_1_no_load	1	2	1	516	
40	0	23	step_2_no_load	3	4	0.604065470975	0.520606588181	4	265	1	
40	0	24	step_1_no_load	1	2	1	459	
40	0	24	step_2_no_load	5	6	0.503316199018	0.582115115688	6	311	0	
40	0	25	step_1_no_load	1	2	1	307	
40	0	25	step_2_no_load	5	6	0.503605105412	0.565698722896	5	289	1	
40	0	26	step_1_no_load	1	2	1	316	
40	0	26	step_2_no_load	5	6	0.532884212818	0.592410219737	5	616	1	
40	0	27	step_1_no_load	1	2	1	324	
40	0	27	step_2_no_load	3	4	0.642144756622	0.507272671939	3	503	0	
40	0	28	step_1_no_load	1	2	1	332	
40	0	28	step_2_no_load	3	4	0.647441527317	0.520177259699	4	408	1	
40	0	29	step_1_no_load	1	2	1	294	
40	0	29	step_2_no_load	3	4	0.618626354124	0.521159009103	3	419	0	
40	0	30	step_1_no_load	1	2	1	403	
40	0	30	step_2_no_load	5	6	0.574272497114	0.608245979832	5	721	0	
40	0	31	step_1_no_load	1	2	1	389	
40	0	31	step_2_no_load	3	4	0.606122691795	0.483156722265	4	468	1	
40	0	32	step_1_no_load	1	2	1	521	
40	0	32	step_2_no_load	5	6	0.522993086096	0.634585171267	5	378	0	
40	0	33	step_1_no_load	1	2	1	477	
40	0	33	step_2_no_load	5	6	0.542309898544	0.611700032906	6	324	1	
40	0	34	step_1_no_load	1	2	1	448	
40	0	34	step_2_no_load	3	4	0.670290552209	0.454565258478	4	629	0	
40	0	35	step_1_no_load	1	2	1	452	
40	0	35	step_2_no_load	3	4	0.649776015006	0.491437207585	4	429	0	
40	0	36	step_1_no_load	1	2	1	375	
40	0	36	step_2_no_load	3	4	0.661229326326	0.513210053121	3	544	0	
40	0	37	step_1_no_load	1	2	1	376	
40	0	37	step_2_no_load	5	6	0.598446394142	0.513822304161	6	327	0	
40	0	38	step_1_no_load	1	2	2	472	
40	0	38	step_2_no_load	5	6	0.595113730206	0.539078491643	5	453	1	
40	0	39	step_1_no_load	1	2	2	355	
40	0	39	step_2_no_load	5	6	0.610601635554	0.557005857101	5	452	0	
40	0	40	step_1_no_load	1	2	2	330	
40	0	40	step_2_no_load	3	4	0.636994900683	0.5691386571	3	488	0	
40	0	41	step_1_no_load	1	2	2	317	
40	0	41	step_2_no_load	5	6	0.588857868869	0.524862294848	6	338	1	
40	0	42	step_1_no_load	1	2	2	384	
40	0	42	step_2_no_load	5	6	0.609164606591	0.533857158543	6	672	1	
40	0	43	step_1_no_load	1	2	2	419	
40	0	43	step_2_no_load	5	6	0.612705031264	0.553703096215	6	503	0	
40	0	44	step_1_no_load	1	2	2	396	
40	0	44	step_2_no_load	3	4	0.589653131867	0.537842745081	3	284	0	
40	0	45	step_1_no_load	1	2	2	319	
40	0	45	step_2_no_load	5	6	0.632991467829	0.579346234508	6	341	1	
40	0	46	step_1_no_load	1	2	2	460	
40	0	46	step_2_no_load	3	4	0.654261318712	0.532238720495	4	625	0	
40	0	47	step_1_no_load	1	2	1	392	
40	0	47	step_2_no_load	3	4	0.634373567175	0.493112702321	4	1014	0	
40	0	48	step_1_no_load	1	2	1	352	
40	0	48	step_2_no_load	5	6	0.615767119776	0.534690828011	5	248	1	
40	0	49	step_1_no_load	1	2	1	312	
40	0	49	step_2_no_load	3	4	0.614679490594	0.489287375157	3	507	1	
40	0	50	step_1_no_load	1	2	1	404	
40	0	50	step_2_no_load	5	6	0.606862017918	0.481616544184	5	711	0	
40	0	51	step_1_no_load	1	2	1	196	
40	0	51	step_2_no_load	3	4	0.613357430892	0.469943944943	4	793	0	
40	0	52	step_1_no_load	1	2	1	412	
40	0	52	step_2_no_load	5	6	0.539065404057	0.513589895419	5	313	1	
40	0	53	step_1_no_load	1	2	1	566	
40	0	53	step_2_no_load	3	4	0.630956764252	0.451905460347	4	693	0	
40	0	54	step_1_no_load	1	2	1	298	
40	0	54	step_2_no_load	3	4	0.652515308527	0.491512498697	3	360	1	
40	0	55	step_1_no_load	1	2	1	412	
40	0	55	step_2_no_load	3	4	0.639840796975	0.487025527704	3	667	0	
40	0	56	step_1_no_load	1	2	1	370	
40	0	56	step_2_no_load	3	4	0.60038825769	0.459773408493	4	551	0	
40	0	57	step_1_no_load	1	2	1	370	
40	0	57	step_2_no_load	3	4	0.586335094239	0.466449077359	3	368	0	
40	0	58	step_1_no_load	1	2	1	394	
40	0	58	step_2_no_load	3	4	0.610896130115	0.478335218822	3	706	0	
40	0	59	step_1_no_load	1	2	1	350	
40	0	59	step_2_no_load	3	4	0.608951267756	0.480274332693	4	287	1	
40	0	60	step_1_no_load	1	2	1	526	
40	0	60	step_2_no_load	3	4	0.599559577859	0.491916707098	4	383	0	
40	0	61	step_1_no_load	1	2	1	347	
40	0	61	step_2_no_load	3	4	0.602879526975	0.464268875813	3	592	1	
40	0	62	step_1_no_load	1	2	1	359	
40	0	62	step_2_no_load	3	4	0.622820395113	0.50724109756	4	353	1	
40	0	63	step_1_no_load	1	2	1	375	
40	0	63	step_2_no_load	3	4	0.642623127313	0.53192660365	3	308	1	
40	0	64	step_1_no_load	1	2	1	417	
40	0	64	step_2_no_load	3	4	0.626149195169	0.555062911513	4	333	0	
40	0	65	step_1_no_load	1	2	1	539	
40	0	65	step_2_no_load	5	6	0.612660225018	0.517687993213	5	562	1	
40	0	66	step_1_no_load	1	2	1	825	
40	0	66	step_2_no_load	3	4	0.630357351236	0.573761869714	3	966	0	
40	0	67	step_1_no_load	1	2	2	324	
40	0	67	step_2_no_load	3	4	0.674463681351	0.542076810516	3	945	1	
40	0	68	step_1_no_load	1	2	1	561	
40	0	68	step_2_no_load	3	4	0.719455209845	0.509127161919	3	552	1	
40	0	69	step_1_no_load	1	2	2	439	
40	0	69	step_2_no_load	5	6	0.622221685203	0.560462111264	5	432	0	
40	0	70	step_1_no_load	1	2	1	351	
40	0	70	step_2_no_load	3	4	0.697741832068	0.498834901463	4	475	0	
40	0	71	step_1_no_load	1	2	1	339	
40	0	71	step_2_no_load	3	4	0.706816191949	0.482863323776	3	378	1	
40	0	72	step_1_no_load	1	2	1	397	
40	0	72	step_2_no_load	5	6	0.626024641967	0.556486305476	6	445	0	
40	0	73	step_1_no_load	1	2	1	334	
40	0	73	step_2_no_load	3	4	0.727961155836	0.435957313805	3	466	1	
40	0	74	step_1_no_load	1	2	1	583	
40	0	74	step_2_no_load	3	4	0.693624670847	0.453420386428	3	498	1	
40	0	75	step_1_no_load	1	2	1	457	
40	0	75	step_2_no_load	3	4	0.697629587097	0.44832280175	3	348	1	
40	0	76	step_1_no_load	1	2	1	352	
40	0	76	step_2_no_load	5	6	0.62770291155	0.518881389358	5	309	0	
40	0	77	step_1_no_load	1	2	1	353	
40	0	77	step_2_no_load	5	6	0.564257587118	0.538119616568	5	283	1	
40	0	78	step_1_no_load	1	2	1	362	
40	0	78	step_2_no_load	3	4	0.647586191228	0.435911167612	4	899	1	
40	0	79	step_1_no_load	1	2	1	424	
40	0	79	step_2_no_load	3	4	0.647841624544	0.389124152368	4	673	0	
40	0	80	step_1_no_load	1	2	1	389	
40	0	80	step_2_no_load	3	4	0.703969305517	0.396016175285	3	758	1	
40	0	81	step_1_no_load	1	2	1	410	
40	0	81	step_2_no_load	5	6	0.529745690463	0.494116554432	5	639	1	
40	0	82	step_1_no_load	1	2	1	367	
40	0	82	step_2_no_load	3	4	0.688340116885	0.395813831323	3	659	1	
40	0	83	step_1_no_load	1	2	1	394	
40	0	83	step_2_no_load	3	4	0.726885136842	0.382772464038	4	723	1	
40	0	84	step_1_no_load	1	2	1	422	
40	0	84	step_2_no_load	3	4	0.731466635793	0.385087938645	4	147	1	
40	0	85	step_1_no_load	1	2	1	368	
40	0	85	step_2_no_load	3	4	0.712989604416	0.384458259121	4	875	0	
40	0	86	step_1_no_load	1	2	1	501	
40	0	86	step_2_no_load	3	4	0.721207648497	0.345323068124	3	569	0	
40	0	87	step_1_no_load	1	2	1	537	
40	0	87	step_2_no_load	3	4	0.690012761069	0.40000499778	4	442	0	
40	0	88	step_1_no_load	1	2	1	439	
40	0	88	step_2_no_load	3	4	0.696773608304	0.377947492322	4	557	0	
40	0	89	step_1_no_load	1	2	1	447	
40	0	89	step_2_no_load	3	4	0.660112261017	0.415882489686	3	889	1	
40	0	90	step_1_no_load	1	2	1	593	
40	0	90	step_2_no_load	3	4	0.688736868033	0.411459496853	4	795	1	
40	0	91	step_1_no_load	1	2	1	364	
40	0	91	step_2_no_load	3	4	0.657820521772	0.43534164751	3	416	1	
40	0	92	step_1_no_load	1	2	1	405	
40	0	92	step_2_no_load	3	4	0.679381608313	0.444368850664	4	483	1	
40	0	93	step_1_no_load	1	2	1	301	
40	0	93	step_2_no_load	3	4	0.662863370634	0.439878153082	3	324	1	
40	0	94	step_1_no_load	1	2	1	478	
40	0	94	step_2_no_load	3	4	0.668295023896	0.429211756872	4	412	0	
40	0	95	step_1_no_load	1	2	1	368	
40	0	95	step_2_no_load	5	6	0.715495469274	0.42505578884	5	432	0	
40	0	96	step_1_no_load	1	2	1	382	
40	0	96	step_2_no_load	3	4	0.663095813561	0.383038640121	4	624	0	
40	0	97	step_1_no_load	1	2	1	359	
40	0	97	step_2_no_load	5	6	0.681272614291	0.455601814112	5	337	0	
40	0	98	step_1_no_load	1	2	1	380	
40	0	98	step_2_no_load	3	4	0.646040060297	0.409778171713	4	429	0	
40	0	99	step_1_no_load	1	2	1	392	
40	0	99	step_2_no_load	5	6	0.673709850038	0.375249961522	5	386	1	
40	0	100	step_1_no_load	1	2	1	418	
40	0	100	step_2_no_load	3	4	0.66579920021	0.4333505304	3	462	1	
40	0	101	step_1_no_load	1	2	1	377	
40	0	101	step_2_no_load	3	4	0.655903528958	0.497432607584	3	750	1	
40	0	102	step_1_no_load	1	2	1	399	
40	0	102	step_2_no_load	5	6	0.666304534392	0.326080462175	5	661	1	
40	0	103	step_1_no_load	1	2	1	481	
40	0	103	step_2_no_load	3	4	0.69058998368	0.481975449893	3	357	1	
40	0	104	step_1_no_load	1	2	1	391	
40	0	104	step_2_no_load	5	6	0.703870701136	0.303696146503	5	262	1	
40	0	105	step_1_no_load	1	2	1	408	
40	0	105	step_2_no_load	3	4	0.722851301692	0.514318365187	3	796	0	
40	0	106	step_1_no_load	1	2	1	486	
40	0	106	step_2_no_load	3	4	0.699623252899	0.508908032404	3	316	1	
40	0	107	step_1_no_load	1	2	1	354	
40	0	107	step_2_no_load	3	4	0.677514185929	0.565220528809	3	336	0	
40	0	108	step_1_no_load	1	2	1	403	
40	0	108	step_2_no_load	3	4	0.681491063126	0.526955028982	3	324	1	
40	0	109	step_1_no_load	1	2	1	353	
40	0	109	step_2_no_load	3	4	0.68658494263	0.479977531501	4	447	0	
40	0	110	step_1_no_load	1	2	1	469	
40	0	110	step_2_no_load	3	4	0.65455226558	0.432626681236	3	287	1	
40	0	111	step_1_no_load	1	2	1	389	
40	0	111	step_2_no_load	3	4	0.634599547742	0.384948378665	3	819	1	
40	0	112	step_1_no_load	1	2	1	678	
40	0	112	step_2_no_load	3	4	0.635252945963	0.392887565883	3	500	1	
40	0	113	step_1_no_load	1	2	1	511	
40	0	113	step_2_no_load	3	4	0.634627459817	0.370697120277	3	344	1	
40	0	114	step_1_no_load	1	2	1	628	
40	0	114	step_2_no_load	3	4	0.657654904272	0.380324086676	3	417	0	
40	0	115	step_1_no_load	1	2	1	492	
40	0	115	step_2_no_load	3	4	0.645721217949	0.390027643099	3	364	1	
40	0	116	step_1_no_load	1	2	1	385	
40	0	116	step_2_no_load	5	6	0.706736514943	0.369438791876	5	888	1	
40	0	117	step_1_no_load	1	2	1	654	
40	0	117	step_2_no_load	3	4	0.671842537277	0.374621793791	4	709	1	
40	0	118	step_1_no_load	1	2	1	428	
40	0	118	step_2_no_load	3	4	0.690484235012	0.357645851833	4	809	0	
40	0	119	step_1_no_load	1	2	1	382	
40	0	119	step_2_no_load	5	6	0.690424535099	0.358243439099	5	303	0	
40	0	120	step_1_no_load	1	2	1	458	
40	0	120	step_2_no_load	5	6	0.70587238626	0.333809617664	5	518	1	
40	0	121	step_1_no_load	1	2	1	478	
40	0	121	step_2_no_load	5	6	0.658856304095	0.310775244958	6	345	0	
40	0	122	step_1_no_load	1	2	1	428	
40	0	122	step_2_no_load	5	6	0.6136886145	0.266650857402	5	370	1	
40	0	123	step_1_no_load	1	2	1	441	
40	0	123	step_2_no_load	3	4	0.664849878232	0.337526896345	4	469	0	
40	0	124	step_1_no_load	1	2	1	438	
40	0	124	step_2_no_load	3	4	0.624161788269	0.309430836661	3	547	1	
40	0	125	step_1_no_load	1	2	1	486	
40	0	125	step_2_no_load	3	4	0.633566302563	0.303110862715	4	1015	0	
40	0	126	step_1_no_load	1	2	1	368	
40	0	126	step_2_no_load	3	4	0.600985760967	0.300846667696	3	492	0	
40	0	127	step_1_no_load	1	2	1	651	
40	0	127	step_2_no_load	3	4	0.646945556251	0.274944938508	3	467	1	
40	0	128	step_1_no_load	1	2	1	319	
40	0	128	step_2_no_load	5	6	0.636905534066	0.260252451606	5	284	1	
40	0	129	step_1_no_load	1	2	1	662	
40	0	129	step_2_no_load	3	4	0.632682846317	0.271709703542	3	571	1	
40	0	130	step_1_no_load	1	2	1	722	
40	0	130	step_2_no_load	3	4	0.630285316669	0.274560758494	3	530	0	
40	0	131	step_1_no_load	1	2	1	344	
40	0	131	step_2_no_load	3	4	0.638450601212	0.311475039155	3	683	0	
40	0	132	step_1_no_load	1	2	1	383	
40	0	132	step_2_no_load	5	6	0.668578020634	0.27986961048	6	789	1	
40	0	133	step_1_no_load	1	2	1	349	
40	0	133	step_2_no_load	5	6	0.617383991623	0.315608831386	5	297	1	
40	0	134	step_1_no_load	1	2	1	447	
40	0	134	step_2_no_load	3	4	0.685529359147	0.302839427162	3	1353	1	
40	0	135	step_1_no_load	1	2	2	790	
40	0	135	step_2_no_load	5	6	0.593710006149	0.300079459047	5	529	1	
40	0	136	step_1_no_load	1	2	2	347	
40	0	136	step_2_no_load	5	6	0.597814413435	0.307766925452	5	328	1	
40	0	137	step_1_no_load	1	2	2	390	
40	0	137	step_2_no_load	3	4	0.668540846495	0.325016613024	3	533	1	
40	0	138	step_1_no_load	1	2	2	501	
40	0	138	step_2_no_load	5	6	0.63240964674	0.366701525561	5	374	0	
40	0	139	step_1_no_load	1	2	2	330	
40	0	139	step_2_no_load	5	6	0.636630981281	0.325611400511	5	288	0	
40	0	140	step_1_no_load	1	2	2	299	
40	0	140	step_2_no_load	5	6	0.671213945178	0.348740542008	6	328	0	
40	0	141	step_1_no_load	1	2	2	909	
40	0	141	step_2_no_load	3	4	0.616803346728	0.311809871418	3	740	0	
40	0	142	step_1_no_load	1	2	2	405	
40	0	142	step_2_no_load	5	6	0.690276058009	0.397052682821	5	564	1	
40	0	143	step_1_no_load	1	2	2	585	
40	0	143	step_2_no_load	5	6	0.661365099615	0.410970957547	5	458	0	
40	0	144	step_1_no_load	1	2	2	446	
40	0	144	step_2_no_load	5	6	0.626443722248	0.389234194056	5	504	1	
40	0	145	step_1_no_load	1	2	2	522	
40	0	145	step_2_no_load	5	6	0.6669125229	0.355256413269	5	543	1	
40	0	146	step_1_no_load	1	2	2	460	
40	0	146	step_2_no_load	5	6	0.681611991725	0.320877500969	5	848	1	
40	0	147	step_1_no_load	1	2	2	684	
40	0	147	step_2_no_load	3	4	0.594861186319	0.265578160642	3	747	1	
40	0	148	step_1_no_load	1	2	2	491	
40	0	148	step_2_no_load	5	6	0.619272702026	0.311162711725	5	503	0	
40	0	149	step_1_no_load	1	2	2	357	
40	0	149	step_2_no_load	5	6	0.601870110183	0.300290206122	6	340	0	
40	0	150	step_1_no_load	1	2	1	417	
40	0	150	step_2_no_load	3	4	0.605912419156	0.305587692243	3	630	0	
40	0	151	step_1_no_load	1	2	2	564	
40	0	151	step_2_no_load	5	6	0.59154759351	0.310557101463	5	519	1	
40	0	152	step_1_no_load	1	2	2	379	
40	0	152	step_2_no_load	3	4	0.644204174791	0.307702500543	3	597	0	
40	0	153	step_1_no_load	1	2	2	384	
40	0	153	step_2_no_load	5	6	0.613336203392	0.343622632154	6	679	1	
40	0	154	step_1_no_load	1	2	2	497	
40	0	154	step_2_no_load	5	6	0.638934099562	0.348349389262	6	546	0	
40	0	155	step_1_no_load	1	2	1	469	
40	0	155	step_2_no_load	3	4	0.716100930629	0.296093457977	3	512	1	
40	0	156	step_1_no_load	1	2	2	465	
40	0	156	step_2_no_load	5	6	0.631048201903	0.368378667812	5	284	0	
40	0	157	step_1_no_load	1	2	2	532	
40	0	157	step_2_no_load	5	6	0.585191807512	0.324728201487	5	703	0	
40	0	158	step_1_no_load	1	2	2	421	
40	0	158	step_2_no_load	5	6	0.532722108502	0.334595868098	6	321	1	
40	0	159	step_1_no_load	1	2	2	599	
40	0	159	step_2_no_load	5	6	0.541222065796	0.321150411254	6	680	1	
40	0	160	step_1_no_load	1	2	2	417	
40	0	160	step_2_no_load	5	6	0.521229931064	0.355992626298	6	931	0	
40	0	161	step_1_no_load	1	2	2	335	
40	0	161	step_2_no_load	3	4	0.719896286569	0.407025633682	3	366	1	
40	0	162	step_1_no_load	1	2	2	405	
40	0	162	step_2_no_load	3	4	0.695144769903	0.3926701003	3	378	1	
40	0	163	step_1_no_load	1	2	2	314	
40	0	163	step_2_no_load	5	6	0.5863391277	0.430920885959	5	563	0	
40	0	164	step_1_no_load	1	2	2	451	
40	0	164	step_2_no_load	5	6	0.585961845322	0.430844125626	5	486	0	
40	0	165	step_1_no_load	1	2	2	460	
40	0	165	step_2_no_load	5	6	0.538026607649	0.347974240867	6	494	0	
40	0	166	step_1_no_load	1	2	2	549	
40	0	166	step_2_no_load	3	4	0.686594248975	0.422282731054	3	935	1	
40	0	167	step_1_no_load	1	2	2	333	
40	0	167	step_2_no_load	5	6	0.585131062446	0.331115714939	5	377	1	
40	0	168	step_1_no_load	1	2	2	511	
40	0	168	step_2_no_load	5	6	0.613361520676	0.335777599654	5	331	0	
40	0	169	step_1_no_load	1	2	2	384	
40	0	169	step_2_no_load	3	4	0.704981910944	0.42098542374	3	383	1	
40	0	170	step_1_no_load	1	2	2	440	
40	0	170	step_2_no_load	5	6	0.57151385403	0.364989630435	5	534	1	
40	0	171	step_1_no_load	1	2	2	517	
40	0	171	step_2_no_load	5	6	0.553314431843	0.425122034074	5	507	0	
40	0	172	step_1_no_load	1	2	2	482	
40	0	172	step_2_no_load	3	4	0.668669556875	0.363617002148	4	492	0	
40	0	173	step_1_no_load	1	2	2	651	
40	0	173	step_2_no_load	3	4	0.667027212577	0.385349297983	4	688	0	
40	0	174	step_1_no_load	1	2	2	459	
40	0	174	step_2_no_load	3	4	0.729877433725	0.387867297446	3	518	1	
40	0	175	step_1_no_load	1	2	2	474	
40	0	175	step_2_no_load	5	6	0.52644949356	0.484825491933	5	384	0	
40	0	176	step_1_no_load	1	2	2	508	
40	0	176	step_2_no_load	3	4	0.679250000396	0.383231572002	3	937	0	
40	0	177	step_1_no_load	1	2	2	439	
40	0	177	step_2_no_load	5	6	0.501268576771	0.4798184927	6	303	0	
40	0	178	step_1_no_load	1	2	1	583	
40	0	178	step_2_no_load	5	6	0.493712351915	0.49020858644	5	304	1	
40	0	179	step_1_no_load	1	2	1	395	
40	0	179	step_2_no_load	5	6	0.457298770028	0.493565996034	5	365	0	
40	0	180	step_1_no_load	1	2	1	317	
40	0	180	step_2_no_load	5	6	0.482853857291	0.489345734128	5	344	0	
40	0	181	step_1_no_load	1	2	1	455	
40	0	181	step_2_no_load	5	6	0.508735114046	0.480141179559	6	690	1	
40	0	182	step_1_no_load	1	2	1	440	
40	0	182	step_2_no_load	5	6	0.506773281362	0.49907747228	6	345	1	
40	0	183	step_1_no_load	1	2	1	460	
40	0	183	step_2_no_load	3	4	0.720388040749	0.350175837802	4	370	0	
40	0	184	step_1_no_load	1	2	1	340	
40	0	184	step_2_no_load	3	4	0.657291439324	0.362743255194	3	498	1	
40	0	185	step_1_no_load	1	2	1	457	
40	0	185	step_2_no_load	5	6	0.479703516092	0.482228039858	6	1401	0	
40	0	186	step_1_no_load	1	2	1	433	
40	0	186	step_2_no_load	3	4	0.656308636836	0.332733011923	3	392	1	
40	0	187	step_1_no_load	1	2	1	499	
40	0	187	step_2_no_load	3	4	0.678211978625	0.328890769988	3	752	0	
40	0	188	step_1_no_load	1	2	1	581	
40	0	188	step_2_no_load	3	4	0.696362660087	0.291508050861	4	335	0	
40	0	189	step_1_no_load	1	2	1	473	
40	0	189	step_2_no_load	3	4	0.688353284054	0.285168135955	3	406	0	
40	0	190	step_1_no_load	1	2	1	400	
40	0	190	step_2_no_load	3	4	0.667655825994	0.304557739386	3	599	0	
40	0	191	step_1_no_load	1	2	1	446	
40	0	191	step_2_no_load	3	4	0.664271461991	0.318839908867	4	0	1	
40	0	192	step_1_no_load	1	2	1	354	
40	0	192	step_2_no_load	5	6	0.450791310283	0.493851022417	6	388	1	
40	0	193	step_1_no_load	1	2	1	489	
40	0	193	step_2_no_load	3	4	0.679792491164	0.321008037746	4	530	0	
40	0	194	step_1_no_load	1	2	1	462	
40	0	194	step_2_no_load	5	6	0.433250459893	0.505359594715	6	466	1	
40	0	195	step_1_no_load	1	2	1	463	
40	0	195	step_2_no_load	3	4	0.646280688878	0.348571348505	4	398	0	
40	0	196	step_1_no_load	1	2	1	357	
40	0	196	step_2_no_load	3	4	0.695101215304	0.365373286058	3	325	1	
40	0	197	step_1_no_load	1	2	1	415	
40	0	197	step_2_no_load	5	6	0.422511153127	0.47786945426	5	597	1	
40	0	198	step_1_no_load	1	2	1	371	
40	0	198	step_2_no_load	3	4	0.68660989813	0.303352625941	4	589	0	
40	0	199	step_1_no_load	1	2	1	580	
40	0	199	step_2_no_load	5	6	0.39793773834	0.529438031858	5	442	0	
40	0	200	step_1_no_load	1	2	1	397	
40	0	200	step_2_no_load	3	4	0.728996708473	0.299128796668	3	343	1	

Wed Mar 22 13:53:31 2017
