Mon Apr  3 11:19:28 2017	
43	0	1	step_1_no_load	1	2	-1	-1	
43	0	2	step_1_no_load	1	2	1	1223	
43	0	2	step_2_no_load	5	6	0.580156942153	0.474613197709	5	1257	0	
43	0	3	step_1_no_load	1	2	2	574	
43	0	3	step_2_no_load	5	6	0.584197065669	0.476767372206	6	540	0	
43	0	4	step_1_no_load	1	2	2	575	
43	0	4	step_2_no_load	5	6	0.597491569846	0.478607661228	6	556	1	
43	0	5	step_1_no_load	1	2	2	680	
43	0	5	step_2_no_load	5	6	0.623810210114	0.495568760483	6	503	0	
43	0	6	step_1_no_load	1	2	1	623	
43	0	6	step_2_no_load	3	4	0.603642866427	0.490454120702	3	464	1	
43	0	7	step_1_no_load	1	2	1	802	
43	0	7	step_2_no_load	3	4	0.622642364361	0.506408070053	4	821	1	
43	0	8	step_1_no_load	1	2	1	806	
43	0	8	step_2_no_load	3	4	0.624210374623	0.499203529332	3	852	1	
43	0	9	step_1_no_load	1	2	1	809	
43	0	9	step_2_no_load	3	4	0.641106877158	0.54429228266	3	761	1	
43	0	10	step_1_no_load	1	2	2	736	
43	0	10	step_2_no_load	3	4	0.636063269715	0.576063520885	4	652	0	
43	0	11	step_1_no_load	1	2	1	800	
43	0	11	step_2_no_load	3	4	0.609191465743	0.59022801242	3	997	0	
43	0	12	step_1_no_load	1	2	1	934	
43	0	12	step_2_no_load	5	6	0.682786328054	0.48457206759	5	661	1	
43	0	13	step_1_no_load	1	2	2	845	
43	0	13	step_2_no_load	5	6	0.653587098421	0.52012981853	5	667	0	
43	0	14	step_1_no_load	1	2	2	722	
43	0	14	step_2_no_load	3	4	0.545555696267	0.611256675753	4	598	0	
43	0	15	step_1_no_load	1	2	2	757	
43	0	15	step_2_no_load	5	6	0.612260006668	0.505377237737	6	649	1	
43	0	16	step_1_no_load	1	2	1	632	
43	0	16	step_2_no_load	3	4	0.553308964466	0.626326396372	3	907	1	
43	0	17	step_1_no_load	1	2	1	585	
43	0	17	step_2_no_load	5	6	0.633350170016	0.535958400205	5	806	0	
43	0	18	step_1_no_load	1	2	1	581	
43	0	18	step_2_no_load	5	6	0.626834332012	0.517514133912	5	684	0	
43	0	19	step_1_no_load	1	2	2	648	
43	0	19	step_2_no_load	3	4	0.536502319591	0.644773170243	3	609	1	
43	0	20	step_1_no_load	1	2	2	867	
43	0	20	step_2_no_load	3	4	0.491720931314	0.60665343963	3	871	1	
43	0	21	step_1_no_load	1	2	2	677	
43	0	21	step_2_no_load	5	6	0.630305464549	0.49769376036	5	713	1	
43	0	22	step_1_no_load	1	2	2	720	
43	0	22	step_2_no_load	5	6	0.621949894727	0.506100011497	5	838	0	
43	0	23	step_1_no_load	1	2	1	756	
43	0	23	step_2_no_load	3	4	0.513759772011	0.604065470975	3	791	0	
43	0	24	step_1_no_load	1	2	1	687	
43	0	24	step_2_no_load	3	4	0.503316199018	0.5800912085	4	724	1	
43	0	25	step_1_no_load	1	2	1	669	
43	0	25	step_2_no_load	3	4	0.503605105412	0.629917901014	4	728	1	
43	0	26	step_1_no_load	1	2	1	722	
43	0	26	step_2_no_load	5	6	0.592410219737	0.511744353778	6	822	0	
43	0	27	step_1_no_load	1	2	2	739	
43	0	27	step_2_no_load	5	6	0.57860777711	0.507272671939	6	764	0	
43	0	28	step_1_no_load	1	2	2	702	
43	0	28	step_2_no_load	5	6	0.588356036098	0.520177259699	5	843	1	
43	0	29	step_1_no_load	1	2	2	697	
43	0	29	step_2_no_load	5	6	0.606613029227	0.521159009103	5	757	1	
43	0	30	step_1_no_load	1	2	2	701	
43	0	30	step_2_no_load	5	6	0.608245979832	0.4919199548	5	671	1	
43	0	31	step_1_no_load	1	2	2	663	
43	0	31	step_2_no_load	5	6	0.636602545794	0.483156722265	5	712	1	
43	0	32	step_1_no_load	1	2	2	682	
43	0	32	step_2_no_load	5	6	0.634585171267	0.520318771114	5	896	1	
43	0	33	step_1_no_load	1	2	2	725	
43	0	33	step_2_no_load	3	4	0.542309898544	0.618000238621	3	741	0	
43	0	34	step_1_no_load	1	2	1	611	
43	0	34	step_2_no_load	3	4	0.538523758058	0.670290552209	4	718	1	
43	0	35	step_1_no_load	1	2	1	634	
43	0	35	step_2_no_load	5	6	0.566827313385	0.491437207585	6	700	0	
43	0	36	step_1_no_load	1	2	2	778	
43	0	36	step_2_no_load	3	4	0.611274573488	0.661229326326	3	597	0	
43	0	37	step_1_no_load	1	2	2	748	
43	0	37	step_2_no_load	5	6	0.513822304161	0.543074626387	6	753	0	
43	0	38	step_1_no_load	1	2	1	636	
43	0	38	step_2_no_load	3	4	0.595113730206	0.651263699161	3	629	1	
43	0	39	step_1_no_load	1	2	1	740	
43	0	39	step_2_no_load	3	4	0.610601635554	0.634483337633	4	796	1	
43	0	40	step_1_no_load	1	2	1	611	
43	0	40	step_2_no_load	3	4	0.607992802154	0.636994900683	4	734	1	
43	0	41	step_1_no_load	1	2	1	769	
43	0	41	step_2_no_load	3	4	0.588857868869	0.633285941184	4	831	1	
43	0	42	step_1_no_load	1	2	1	664	
43	0	42	step_2_no_load	3	4	0.609164606591	0.606696263624	3	757	1	
43	0	43	step_1_no_load	1	2	1	737	
43	0	43	step_2_no_load	3	4	0.612705031264	0.581931546759	3	837	1	
43	0	44	step_1_no_load	1	2	1	656	
43	0	44	step_2_no_load	3	4	0.611481438855	0.589653131867	3	688	1	
43	0	45	step_1_no_load	1	2	1	771	
43	0	45	step_2_no_load	3	4	0.632991467829	0.620699591043	3	658	0	
43	0	46	step_1_no_load	1	2	2	759	
43	0	46	step_2_no_load	3	4	0.600964500555	0.654261318712	4	703	1	
43	0	47	step_1_no_load	1	2	2	941	
43	0	47	step_2_no_load	3	4	0.598724660986	0.634373567175	4	755	1	
43	0	48	step_1_no_load	1	2	2	655	
43	0	48	step_2_no_load	3	4	0.615767119776	0.657624935632	4	784	0	
43	0	49	step_1_no_load	1	2	1	616	
43	0	49	step_2_no_load	3	4	0.610193185592	0.614679490594	4	581	1	
43	0	50	step_1_no_load	1	2	1	657	
43	0	50	step_2_no_load	5	6	0.481616544184	0.47381367271	6	722	0	
43	0	51	step_1_no_load	1	2	2	677	
43	0	51	step_2_no_load	5	6	0.508197321577	0.469943944943	5	669	0	
43	0	52	step_1_no_load	1	2	2	747	
43	0	52	step_2_no_load	3	4	0.539065404057	0.613408921915	4	898	1	
43	0	53	step_1_no_load	1	2	2	687	
43	0	53	step_2_no_load	5	6	0.475342927439	0.451905460347	6	733	1	
43	0	54	step_1_no_load	1	2	2	667	
43	0	54	step_2_no_load	5	6	0.493362545513	0.491512498697	6	652	1	
43	0	55	step_1_no_load	1	2	2	501	
43	0	55	step_2_no_load	3	4	0.574045915747	0.639840796975	4	617	1	
43	0	56	step_1_no_load	1	2	2	591	
43	0	56	step_2_no_load	5	6	0.538512915562	0.459773408493	6	665	1	
43	0	57	step_1_no_load	1	2	2	503	
43	0	57	step_2_no_load	5	6	0.516475618243	0.466449077359	6	463	1	
43	0	58	step_1_no_load	1	2	2	582	
43	0	58	step_2_no_load	3	4	0.664682809182	0.610896130115	4	632	1	
43	0	59	step_1_no_load	1	2	2	500	
43	0	59	step_2_no_load	5	6	0.537400760025	0.480274332693	6	502	1	
43	0	60	step_1_no_load	1	2	2	530	
43	0	60	step_2_no_load	5	6	0.479287247283	0.491916707098	6	516	1	
43	0	61	step_1_no_load	1	2	2	540	
43	0	61	step_2_no_load	3	4	0.669587072502	0.602879526975	4	501	1	
43	0	62	step_1_no_load	1	2	2	536	
43	0	62	step_2_no_load	5	6	0.533031417444	0.50724109756	6	650	0	
43	0	63	step_1_no_load	1	2	1	515	
43	0	63	step_2_no_load	3	4	0.664284493458	0.642623127313	4	432	0	
43	0	64	step_1_no_load	1	2	1	651	
43	0	64	step_2_no_load	3	4	0.642369708469	0.626149195169	3	623	1	
43	0	65	step_1_no_load	1	2	1	644	
43	0	65	step_2_no_load	5	6	0.517687993213	0.569109504048	5	675	1	
43	0	66	step_1_no_load	1	2	1	568	
43	0	66	step_2_no_load	3	4	0.606938648072	0.630357351236	3	585	1	
43	0	67	step_1_no_load	1	2	1	630	
43	0	67	step_2_no_load	3	4	0.597650193897	0.674463681351	3	633	1	
43	0	68	step_1_no_load	1	2	2	599	
43	0	68	step_2_no_load	5	6	0.523301545299	0.509127161919	5	446	0	
43	0	69	step_1_no_load	1	2	2	563	
43	0	69	step_2_no_load	5	6	0.560462111264	0.499137600991	6	513	0	
43	0	70	step_1_no_load	1	2	2	498	
43	0	70	step_2_no_load	5	6	0.548075770764	0.498834901463	6	441	1	
43	0	71	step_1_no_load	1	2	2	472	
43	0	71	step_2_no_load	5	6	0.546215110045	0.482863323776	6	499	1	
43	0	72	step_1_no_load	1	2	2	625	
43	0	72	step_2_no_load	3	4	0.626024641967	0.705884789502	4	626	1	
43	0	73	step_1_no_load	1	2	2	515	
43	0	73	step_2_no_load	5	6	0.50185699984	0.435957313805	6	567	0	
43	0	74	step_1_no_load	1	2	1	432	
43	0	74	step_2_no_load	3	4	0.614462146454	0.693624670847	3	510	1	
43	0	75	step_1_no_load	1	2	1	570	
43	0	75	step_2_no_load	5	6	0.483983914712	0.44832280175	5	619	0	
43	0	76	step_1_no_load	1	2	1	512	
43	0	76	step_2_no_load	3	4	0.62770291155	0.690117652944	4	598	0	
43	0	77	step_1_no_load	1	2	1	600	
43	0	77	step_2_no_load	3	4	0.564257587118	0.679737625371	3	504	0	
43	0	78	step_1_no_load	1	2	2	482	
43	0	78	step_2_no_load	5	6	0.538654072849	0.435911167612	6	526	0	
43	0	79	step_1_no_load	1	2	2	427	
43	0	79	step_2_no_load	3	4	0.513695512795	0.647841624544	3	640	0	
43	0	80	step_1_no_load	1	2	2	429	
43	0	80	step_2_no_load	5	6	0.49921021142	0.396016175285	6	88	0	
43	0	81	step_1_no_load	1	2	1	324	
43	0	81	step_2_no_load	3	4	0.529745690463	0.702400933084	3	559	0	
43	0	82	step_1_no_load	1	2	2	527	
43	0	82	step_2_no_load	3	4	0.564729328387	0.688340116885	3	526	1	
43	0	83	step_1_no_load	1	2	2	544	
43	0	83	step_2_no_load	5	6	0.483255412498	0.382772464038	5	564	0	
43	0	84	step_1_no_load	1	2	2	630	
43	0	84	step_2_no_load	5	6	0.505586222209	0.385087938645	6	504	0	
43	0	85	step_1_no_load	1	2	1	481	
43	0	85	step_2_no_load	5	6	0.485785534744	0.384458259121	5	563	1	
43	0	86	step_1_no_load	1	2	1	923	
43	0	86	step_2_no_load	3	4	0.691782850001	0.721207648497	4	1024	1	
43	0	87	step_1_no_load	1	2	1	509	
43	0	87	step_2_no_load	3	4	0.719375344246	0.690012761069	3	621	1	
43	0	88	step_1_no_load	1	2	1	440	
43	0	88	step_2_no_load	5	6	0.509563243675	0.377947492322	5	516	1	
43	0	89	step_1_no_load	1	2	1	563	
43	0	89	step_2_no_load	5	6	0.490019385174	0.415882489686	5	944	1	
43	0	90	step_1_no_load	1	2	1	681	
43	0	90	step_2_no_load	5	6	0.530126112124	0.411459496853	5	1056	1	
43	0	91	step_1_no_load	1	2	1	490	
43	0	91	step_2_no_load	5	6	0.479087223222	0.43534164751	5	715	1	
43	0	92	step_1_no_load	1	2	1	587	
43	0	92	step_2_no_load	5	6	0.484260039873	0.444368850664	5	701	0	
43	0	93	step_1_no_load	1	2	2	713	
43	0	93	step_2_no_load	5	6	0.473273727684	0.439878153082	5	815	0	
43	0	94	step_1_no_load	1	2	2	364	
43	0	94	step_2_no_load	5	6	0.468637558205	0.429211756872	6	436	0	
43	0	95	step_1_no_load	1	2	2	402	
43	0	95	step_2_no_load	5	6	0.42505578884	0.427150666411	5	417	0	
43	0	96	step_1_no_load	1	2	2	569	
43	0	96	step_2_no_load	5	6	0.437558890646	0.383038640121	5	726	1	
43	0	97	step_1_no_load	1	2	2	436	
43	0	97	step_2_no_load	3	4	0.681272614291	0.651202057411	3	468	0	
43	0	98	step_1_no_load	1	2	2	629	
43	0	98	step_2_no_load	3	4	0.70287861952	0.646040060297	3	840	1	
43	0	99	step_1_no_load	1	2	2	822	
43	0	99	step_2_no_load	5	6	0.375249961522	0.397561363605	6	1339	1	
43	0	100	step_1_no_load	1	2	2	666	
43	0	100	step_2_no_load	5	6	0.363162156005	0.4333505304	6	863	0	
43	0	101	step_1_no_load	1	2	2	682	
43	0	101	step_2_no_load	5	6	0.366879421891	0.497432607584	6	833	0	
43	0	102	step_1_no_load	1	2	2	573	
43	0	102	step_2_no_load	5	6	0.326080462175	0.494584754513	5	839	1	
43	0	103	step_1_no_load	1	2	2	541	
43	0	103	step_2_no_load	5	6	0.322834495838	0.481975449893	5	702	0	
43	0	104	step_1_no_load	1	2	1	608	
43	0	104	step_2_no_load	5	6	0.303696146503	0.521047445908	5	813	0	
43	0	105	step_1_no_load	1	2	1	596	
43	0	105	step_2_no_load	3	4	0.689135357059	0.722851301692	3	1015	1	
43	0	106	step_1_no_load	1	2	1	560	
43	0	106	step_2_no_load	3	4	0.712883638252	0.699623252899	3	603	0	
43	0	107	step_1_no_load	1	2	2	639	
43	0	107	step_2_no_load	5	6	0.388257337796	0.565220528809	6	1066	0	
43	0	108	step_1_no_load	1	2	2	609	
43	0	108	step_2_no_load	3	4	0.695928523711	0.681491063126	4	1334	0	
43	0	109	step_1_no_load	1	2	2	446	
43	0	109	step_2_no_load	5	6	0.372328831887	0.479977531501	5	361	1	
43	0	110	step_1_no_load	1	2	2	421	
43	0	110	step_2_no_load	5	6	0.395544455384	0.432626681236	5	503	1	
43	0	111	step_1_no_load	1	2	2	475	
43	0	111	step_2_no_load	5	6	0.407158158569	0.384948378665	5	734	1	
43	0	112	step_1_no_load	1	2	2	401	
43	0	112	step_2_no_load	5	6	0.413393106784	0.392887565883	5	623	1	
43	0	113	step_1_no_load	1	2	2	454	
43	0	113	step_2_no_load	5	6	0.387112818105	0.370697120277	5	532	0	
43	0	114	step_1_no_load	1	2	2	555	
43	0	114	step_2_no_load	5	6	0.384736699284	0.380324086676	5	560	0	
43	0	115	step_1_no_load	1	2	2	480	
43	0	115	step_2_no_load	5	6	0.357661171116	0.390027643099	6	790	0	
43	0	116	step_1_no_load	1	2	1	613	
43	0	116	step_2_no_load	5	6	0.369438791876	0.378149844807	6	474	1	
43	0	117	step_1_no_load	1	2	1	722	
43	0	117	step_2_no_load	5	6	0.363056877927	0.374621793791	6	576	0	
43	0	118	step_1_no_load	1	2	1	560	
43	0	118	step_2_no_load	5	6	0.362977115924	0.357645851833	6	477	0	
43	0	119	step_1_no_load	1	2	2	537	
43	0	119	step_2_no_load	5	6	0.358243439099	0.357515098446	6	602	0	
43	0	120	step_1_no_load	1	2	2	412	
43	0	120	step_2_no_load	5	6	0.333809617664	0.370150243662	6	602	0	
43	0	121	step_1_no_load	1	2	1	437	
43	0	121	step_2_no_load	5	6	0.310775244958	0.352721767208	5	717	0	
43	0	122	step_1_no_load	1	2	2	593	
43	0	122	step_2_no_load	5	6	0.266650857402	0.329624572119	5	455	1	
43	0	123	step_1_no_load	1	2	2	496	
43	0	123	step_2_no_load	5	6	0.269780614928	0.337526896345	5	452	0	
43	0	124	step_1_no_load	1	2	1	666	
43	0	124	step_2_no_load	3	4	0.603013298253	0.624161788269	4	773	1	
43	0	125	step_1_no_load	1	2	1	779	
43	0	125	step_2_no_load	5	6	0.290374841566	0.303110862715	6	761	0	
43	0	126	step_1_no_load	1	2	1	851	
43	0	126	step_2_no_load	3	4	0.537863824328	0.600985760967	3	926	0	
43	0	127	step_1_no_load	1	2	1	505	
43	0	127	step_2_no_load	3	4	0.560824094575	0.646945556251	4	502	0	
43	0	128	step_1_no_load	1	2	2	465	
43	0	128	step_2_no_load	5	6	0.260252451606	0.250790232267	5	625	1	
43	0	129	step_1_no_load	1	2	2	510	
43	0	129	step_2_no_load	3	4	0.685297910719	0.632682846317	3	622	1	
43	0	130	step_1_no_load	1	2	2	748	
43	0	130	step_2_no_load	5	6	0.267460866951	0.274560758494	5	621	0	
43	0	131	step_1_no_load	1	2	2	526	
43	0	131	step_2_no_load	5	6	0.281500842289	0.311475039155	6	586	0	
43	0	132	step_1_no_load	1	2	1	424	
43	0	132	step_2_no_load	3	4	0.668578020634	0.660013924697	3	401	1	
43	0	133	step_1_no_load	1	2	1	724	
43	0	133	step_2_no_load	5	6	0.315608831386	0.312642735495	5	576	1	
43	0	134	step_1_no_load	1	2	1	486	
43	0	134	step_2_no_load	5	6	0.287393715313	0.302839427162	5	552	0	
43	0	135	step_1_no_load	1	2	2	489	
43	0	135	step_2_no_load	5	6	0.300079459047	0.287118934166	6	610	1	
43	0	136	step_1_no_load	1	2	2	539	
43	0	136	step_2_no_load	3	4	0.597814413435	0.674914008636	4	676	1	
43	0	137	step_1_no_load	1	2	2	500	
43	0	137	step_2_no_load	5	6	0.346433498467	0.325016613024	6	503	1	
43	0	138	step_1_no_load	1	2	2	629	
43	0	138	step_2_no_load	5	6	0.366701525561	0.307694123906	6	570	1	
43	0	139	step_1_no_load	1	2	2	464	
43	0	139	step_2_no_load	5	6	0.325611400511	0.323660750961	6	726	0	
43	0	140	step_1_no_load	1	2	1	454	
43	0	140	step_2_no_load	3	4	0.671213945178	0.637682840728	3	565	1	
43	0	141	step_1_no_load	1	2	1	784	
43	0	141	step_2_no_load	3	4	0.711987889705	0.616803346728	3	565	0	
43	0	142	step_1_no_load	1	2	1	347	
43	0	142	step_2_no_load	5	6	0.397052682821	0.304203281606	6	346	0	
43	0	143	step_1_no_load	1	2	1	405	
43	0	143	step_2_no_load	5	6	0.410970957547	0.313516825296	6	336	0	
43	0	144	step_1_no_load	1	2	1	271	
43	0	144	step_2_no_load	3	4	0.626443722248	0.639347300184	4	847	1	
43	0	145	step_1_no_load	1	2	1	463	
43	0	145	step_2_no_load	3	4	0.6669125229	0.606515632748	4	958	0	
43	0	146	step_1_no_load	1	2	1	481	
43	0	146	step_2_no_load	5	6	0.320877500969	0.257861956214	5	429	0	
43	0	147	step_1_no_load	1	2	1	465	
43	0	147	step_2_no_load	3	4	0.647798886916	0.594861186319	3	843	1	
43	0	148	step_1_no_load	1	2	1	478	
43	0	148	step_2_no_load	3	4	0.619272702026	0.648050021239	3	698	0	
43	0	149	step_1_no_load	1	2	1	351	
43	0	149	step_2_no_load	5	6	0.300290206122	0.269951834184	6	703	0	
43	0	150	step_1_no_load	1	2	2	398	
43	0	150	step_2_no_load	5	6	0.306860041627	0.305587692243	5	1036	0	
43	0	151	step_1_no_load	1	2	2	597	
43	0	151	step_2_no_load	5	6	0.310557101463	0.348172164421	6	413	0	
43	0	152	step_1_no_load	1	2	2	393	
43	0	152	step_2_no_load	5	6	0.323194010514	0.307702500543	6	784	0	
43	0	153	step_1_no_load	1	2	1	390	
43	0	153	step_2_no_load	5	6	0.343622632154	0.309356532263	6	378	1	
43	0	154	step_1_no_load	1	2	1	452	
43	0	154	step_2_no_load	3	4	0.638934099562	0.671672162443	4	378	1	
43	0	155	step_1_no_load	1	2	1	445	
43	0	155	step_2_no_load	3	4	0.632486591889	0.716100930629	4	443	0	
43	0	156	step_1_no_load	1	2	1	455	
43	0	156	step_2_no_load	3	4	0.631048201903	0.734436160799	3	483	1	
43	0	157	step_1_no_load	1	2	1	474	
43	0	157	step_2_no_load	5	6	0.324728201487	0.350909357271	5	1200	0	
43	0	158	step_1_no_load	1	2	2	354	
43	0	158	step_2_no_load	5	6	0.334595868098	0.408728803896	6	442	1	
43	0	159	step_1_no_load	1	2	2	387	
43	0	159	step_2_no_load	5	6	0.321150411254	0.413026375257	6	528	0	
43	0	160	step_1_no_load	1	2	1	691	
43	0	160	step_2_no_load	3	4	0.521229931064	0.710728171711	3	530	1	
43	0	161	step_1_no_load	1	2	1	336	
43	0	161	step_2_no_load	3	4	0.516036498158	0.719896286569	3	605	0	
43	0	162	step_1_no_load	1	2	2	402	
43	0	162	step_2_no_load	5	6	0.455329532209	0.3926701003	5	574	1	
43	0	163	step_1_no_load	1	2	2	273	
43	0	163	step_2_no_load	3	4	0.5863391277	0.697095951435	3	451	1	
43	0	164	step_1_no_load	1	2	2	246	
43	0	164	step_2_no_load	3	4	0.585961845322	0.692137394606	3	554	0	
43	0	165	step_1_no_load	1	2	2	636	
43	0	165	step_2_no_load	5	6	0.347974240867	0.463777557969	6	1271	0	
43	0	166	step_1_no_load	1	2	2	393	
43	0	166	step_2_no_load	5	6	0.356317216644	0.422282731054	6	755	0	
43	0	167	step_1_no_load	1	2	2	875	
43	0	167	step_2_no_load	5	6	0.331115714939	0.38753671275	5	823	0	
43	0	168	step_1_no_load	1	2	2	385	
43	0	168	step_2_no_load	5	6	0.335777599654	0.400817642375	5	634	1	
43	0	169	step_1_no_load	1	2	2	452	
43	0	169	step_2_no_load	3	4	0.586049140041	0.704981910944	3	552	1	
43	0	170	step_1_no_load	1	2	2	241	
43	0	170	step_2_no_load	5	6	0.364989630435	0.411067820436	5	437	1	
43	0	171	step_1_no_load	1	2	2	343	
43	0	171	step_2_no_load	5	6	0.425122034074	0.386979310814	5	684	0	
43	0	172	step_1_no_load	1	2	1	804	
43	0	172	step_2_no_load	3	4	0.519090471457	0.668669556875	3	1351	1	
43	0	173	step_1_no_load	1	2	1	663	
43	0	173	step_2_no_load	3	4	0.484428109849	0.667027212577	3	1013	1	
43	0	174	step_1_no_load	1	2	1	445	
43	0	174	step_2_no_load	3	4	0.472729524832	0.729877433725	3	967	0	
43	0	175	step_1_no_load	1	2	2	418	
43	0	175	step_2_no_load	5	6	0.484825491933	0.426185553904	6	621	1	
43	0	176	step_1_no_load	1	2	2	630	
43	0	176	step_2_no_load	3	4	0.474046874473	0.679250000396	4	579	1	
43	0	177	step_1_no_load	1	2	2	582	
43	0	177	step_2_no_load	3	4	0.501268576771	0.714070205704	4	655	1	
43	0	178	step_1_no_load	1	2	2	512	
43	0	178	step_2_no_load	5	6	0.49020858644	0.36473828006	6	1012	1	
43	0	179	step_1_no_load	1	2	2	565	
43	0	179	step_2_no_load	5	6	0.493565996034	0.324685418097	6	1009	1	
43	0	180	step_1_no_load	1	2	2	718	
43	0	180	step_2_no_load	5	6	0.489345734128	0.341214611607	6	979	0	
43	0	181	step_1_no_load	1	2	2	314	
43	0	181	step_2_no_load	5	6	0.480141179559	0.342402764747	5	439	0	
43	0	182	step_1_no_load	1	2	1	254	
43	0	182	step_2_no_load	5	6	0.49907747228	0.340533666308	5	977	1	
43	0	183	step_1_no_load	1	2	1	528	
43	0	183	step_2_no_load	3	4	0.502991759047	0.720388040749	3	688	1	
43	0	184	step_1_no_load	1	2	1	703	
43	0	184	step_2_no_load	3	4	0.460890977786	0.657291439324	3	687	0	
43	0	185	step_1_no_load	1	2	1	339	
43	0	185	step_2_no_load	3	4	0.479703516092	0.665622647081	4	476	1	
43	0	186	step_1_no_load	1	2	1	498	
43	0	186	step_2_no_load	5	6	0.484672582719	0.332733011923	6	628	0	
43	0	187	step_1_no_load	1	2	2	347	
43	0	187	step_2_no_load	3	4	0.443962917772	0.678211978625	4	408	0	
43	0	188	step_1_no_load	1	2	1	0	
43	0	188	step_2_no_load	3	4	0.471319680586	0.696362660087	4	1170	0	
43	0	189	step_1_no_load	1	2	1	450	
43	0	189	step_2_no_load	3	4	0.448897869069	0.688353284054	3	493	0	
43	0	190	step_1_no_load	1	2	2	547	
43	0	190	step_2_no_load	5	6	0.505820429042	0.304557739386	5	640	0	
43	0	191	step_1_no_load	1	2	2	294	
43	0	191	step_2_no_load	5	6	0.512103523931	0.318839908867	6	536	0	
43	0	192	step_1_no_load	1	2	2	421	
43	0	192	step_2_no_load	5	6	0.493851022417	0.299297135717	6	596	1	
43	0	193	step_1_no_load	1	2	2	391	
43	0	193	step_2_no_load	5	6	0.504944704439	0.321008037746	6	482	1	
43	0	194	step_1_no_load	1	2	2	437	
43	0	194	step_2_no_load	5	6	0.505359594715	0.342437174514	6	514	0	
43	0	195	step_1_no_load	1	2	2	426	
43	0	195	step_2_no_load	5	6	0.494102184238	0.348571348505	6	450	0	
43	0	196	step_1_no_load	1	2	2	433	
43	0	196	step_2_no_load	3	4	0.421761207498	0.695101215304	4	1044	0	
43	0	197	step_1_no_load	1	2	2	647	
43	0	197	step_2_no_load	5	6	0.47786945426	0.316987700969	6	687	0	
43	0	198	step_1_no_load	1	2	1	395	
43	0	198	step_2_no_load	3	4	0.397292432346	0.68660989813	3	662	1	
43	0	199	step_1_no_load	1	2	1	485	
43	0	199	step_2_no_load	3	4	0.39793773834	0.73697129762	3	803	0	
43	0	200	step_1_no_load	1	2	1	301	
43	0	200	step_2_no_load	5	6	0.507902534353	0.299128796668	5	145	1	

Mon Apr  3 11:37:29 2017
