Thu Apr  6 10:06:01 2017	
44	0	1	step_1_no_load	1	2	1	678	
44	0	1	step_2_no_load	5	6	0.594299910136	0.511789129507	5	393	0	
44	0	2	step_1_no_load	1	2	1	265	
44	0	2	step_2_no_load	5	6	0.610961032466	0.533203491871	5	374	0	
44	0	3	step_1_no_load	1	2	1	260	
44	0	3	step_2_no_load	3	4	0.476767372206	0.584197065669	3	725	0	
44	0	4	step_1_no_load	1	2	2	288	
44	0	4	step_2_no_load	5	6	0.564086293706	0.494597764192	6	708	1	
44	0	5	step_1_no_load	1	2	1	225	
44	0	5	step_2_no_load	3	4	0.495568760483	0.623810210114	3	841	0	
44	0	6	step_1_no_load	1	2	1	239	
44	0	6	step_2_no_load	3	4	0.506877622204	0.585722686883	3	426	1	
44	0	7	step_1_no_load	1	2	1	225	
44	0	7	step_2_no_load	3	4	0.500071913476	0.568656746487	3	571	1	
44	0	8	step_1_no_load	1	2	2	216	
44	0	8	step_2_no_load	5	6	0.624210374623	0.499203529332	6	371	1	
44	0	9	step_1_no_load	1	2	1	183	
44	0	9	step_2_no_load	5	6	0.641106877158	0.54429228266	5	470	0	
44	0	10	step_1_no_load	1	2	1	440	
44	0	10	step_2_no_load	5	6	0.636063269715	0.576063520885	6	681	0	
44	0	11	step_1_no_load	1	2	1	163	
44	0	11	step_2_no_load	3	4	0.477013315682	0.69163818036	3	409	0	
44	0	12	step_1_no_load	1	2	1	118	
44	0	12	step_2_no_load	3	4	0.48457206759	0.682786328054	3	416	1	
44	0	13	step_1_no_load	1	2	2	33	
44	0	13	step_2_no_load	5	6	0.558313135925	0.595790490356	6	421	1	
44	0	14	step_1_no_load	1	2	2	232	
44	0	14	step_2_no_load	5	6	0.545555696267	0.611256675753	6	407	1	
44	0	15	step_1_no_load	1	2	1	189	
44	0	15	step_2_no_load	5	6	0.570419113221	0.633564630036	5	426	1	
44	0	16	step_1_no_load	1	2	1	281	
44	0	16	step_2_no_load	5	6	0.553308964466	0.626326396372	6	658	1	
44	0	17	step_1_no_load	1	2	1	217	
44	0	17	step_2_no_load	3	4	0.535958400205	0.633350170016	3	332	0	
44	0	18	step_1_no_load	1	2	1	210	
44	0	18	step_2_no_load	3	4	0.517514133912	0.626834332012	3	411	0	
44	0	19	step_1_no_load	1	2	1	209	
44	0	19	step_2_no_load	5	6	0.536502319591	0.644773170243	6	783	0	
44	0	20	step_1_no_load	1	2	2	47	
44	0	20	step_2_no_load	5	6	0.491720931314	0.60665343963	5	297	1	
44	0	21	step_1_no_load	1	2	2	90	
44	0	21	step_2_no_load	3	4	0.49769376036	0.630305464549	3	214	0	
44	0	22	step_1_no_load	1	2	1	122	
44	0	22	step_2_no_load	5	6	0.468700882609	0.618527126547	6	429	1	
44	0	23	step_1_no_load	1	2	1	251	
44	0	23	step_2_no_load	3	4	0.520606588181	0.640163623731	3	732	0	
44	0	24	step_1_no_load	1	2	1	18	
44	0	24	step_2_no_load	3	4	0.505388876622	0.582115115688	3	466	1	
44	0	25	step_1_no_load	1	2	1	13	
44	0	25	step_2_no_load	3	4	0.503316372362	0.565698722896	3	448	1	
44	0	26	step_1_no_load	1	2	1	185	
44	0	26	step_2_no_load	3	4	0.511744353778	0.592410219737	3	304	1	
44	0	27	step_1_no_load	1	2	2	426	
44	0	27	step_2_no_load	3	4	0.507272671939	0.57860777711	3	574	1	
44	0	28	step_1_no_load	1	2	1	216	
44	0	28	step_2_no_load	3	4	0.520177259699	0.588356036098	3	559	1	
44	0	29	step_1_no_load	1	2	2	111	
44	0	29	step_2_no_load	5	6	0.561957580386	0.618626354124	5	738	0	
44	0	30	step_1_no_load	1	2	2	234	
44	0	30	step_2_no_load	5	6	0.574272497114	0.610227092493	5	427	1	
44	0	31	step_1_no_load	1	2	1	117	
44	0	31	step_2_no_load	5	6	0.541819886458	0.606122691795	5	963	0	
44	0	32	step_1_no_load	1	2	2	261	
44	0	32	step_2_no_load	5	6	0.522993086096	0.605616211083	6	497	1	
44	0	33	step_1_no_load	1	2	1	233	
44	0	33	step_2_no_load	5	6	0.542309898544	0.618000238621	6	617	1	
44	0	34	step_1_no_load	1	2	1	204	
44	0	34	step_2_no_load	5	6	0.538523758058	0.670290552209	6	274	1	
44	0	35	step_1_no_load	1	2	1	199	
44	0	35	step_2_no_load	5	6	0.594167768198	0.649776015006	5	363	1	
44	0	36	step_1_no_load	1	2	1	209	
44	0	36	step_2_no_load	3	4	0.513210053121	0.527635087561	4	645	1	
44	0	37	step_1_no_load	1	2	1	213	
44	0	37	step_2_no_load	3	4	0.543074626387	0.513822304161	3	381	1	
44	0	38	step_1_no_load	1	2	2	230	
44	0	38	step_2_no_load	5	6	0.595113730206	0.651263699161	6	312	1	
44	0	39	step_1_no_load	1	2	1	253	
44	0	39	step_2_no_load	3	4	0.578640235206	0.557005857101	3	724	1	
44	0	40	step_1_no_load	1	2	1	310	
44	0	40	step_2_no_load	5	6	0.607992802154	0.636994900683	6	626	1	
44	0	41	step_1_no_load	1	2	1	287	
44	0	41	step_2_no_load	5	6	0.588857868869	0.633285941184	6	445	0	
44	0	42	step_1_no_load	1	2	1	206	
44	0	42	step_2_no_load	5	6	0.609164606591	0.606696263624	6	631	1	
44	0	43	step_1_no_load	1	2	1	303	
44	0	43	step_2_no_load	3	4	0.548128010644	0.553703096215	3	730	0	
44	0	44	step_1_no_load	1	2	1	203	
44	0	44	step_2_no_load	5	6	0.611481438855	0.589653131867	6	470	1	
44	0	45	step_1_no_load	1	2	1	106	
44	0	45	step_2_no_load	3	4	0.5288039409	0.579346234508	3	490	1	
44	0	46	step_1_no_load	1	2	1	229	
44	0	46	step_2_no_load	3	4	0.532238720495	0.55511883717	3	671	1	
44	0	47	step_1_no_load	1	2	1	112	
44	0	47	step_2_no_load	3	4	0.493112702321	0.546259467838	3	745	0	
44	0	48	step_1_no_load	1	2	1	103	
44	0	48	step_2_no_load	3	4	0.488280685105	0.534690828011	3	379	1	
44	0	49	step_1_no_load	1	2	1	228	
44	0	49	step_2_no_load	3	4	0.489287375157	0.512405963374	3	364	1	
44	0	50	step_1_no_load	1	2	1	439	
44	0	50	step_2_no_load	3	4	0.47381367271	0.481616544184	3	415	1	
44	0	51	step_1_no_load	1	2	1	339	
44	0	51	step_2_no_load	3	4	0.469943944943	0.508197321577	3	507	1	
44	0	52	step_1_no_load	1	2	2	365	
44	0	52	step_2_no_load	3	4	0.429622901875	0.513589895419	3	465	1	
44	0	53	step_1_no_load	1	2	1	232	
44	0	53	step_2_no_load	5	6	0.551457882502	0.630956764252	6	419	1	
44	0	54	step_1_no_load	1	2	2	318	
44	0	54	step_2_no_load	5	6	0.570223904064	0.652515308527	5	422	1	
44	0	55	step_1_no_load	1	2	1	217	
44	0	55	step_2_no_load	3	4	0.487025527704	0.526704292526	3	676	1	
44	0	56	step_1_no_load	1	2	1	194	
44	0	56	step_2_no_load	5	6	0.601856598146	0.60038825769	6	403	1	
44	0	57	step_1_no_load	1	2	2	152	
44	0	57	step_2_no_load	5	6	0.641849303307	0.586335094239	6	462	1	
44	0	58	step_1_no_load	1	2	1	291	
44	0	58	step_2_no_load	3	4	0.478335218822	0.528376440027	4	385	0	
44	0	59	step_1_no_load	1	2	1	267	
44	0	59	step_2_no_load	3	4	0.480274332693	0.537400760025	3	359	0	
44	0	60	step_1_no_load	1	2	1	40	
44	0	60	step_2_no_load	3	4	0.491916707098	0.479287247283	3	399	0	
44	0	61	step_1_no_load	1	2	1	154	
44	0	61	step_2_no_load	5	6	0.669587072502	0.602879526975	5	288	1	
44	0	62	step_1_no_load	1	2	1	175	
44	0	62	step_2_no_load	3	4	0.50724109756	0.533031417444	3	417	1	
44	0	63	step_1_no_load	1	2	1	186	
44	0	63	step_2_no_load	3	4	0.53192660365	0.519445130796	3	498	0	
44	0	64	step_1_no_load	1	2	1	435	
44	0	64	step_2_no_load	3	4	0.555062911513	0.533849886794	3	289	0	
44	0	65	step_1_no_load	1	2	2	218	
44	0	65	step_2_no_load	3	4	0.569109504048	0.517687993213	3	547	1	
44	0	66	step_1_no_load	1	2	1	214	
44	0	66	step_2_no_load	3	4	0.573761869714	0.555324764318	3	490	1	
44	0	67	step_1_no_load	1	2	1	71	
44	0	67	step_2_no_load	3	4	0.542076810516	0.538279387614	3	370	1	
44	0	68	step_1_no_load	1	2	1	602	
44	0	68	step_2_no_load	3	4	0.509127161919	0.523301545299	3	537	0	
44	0	69	step_1_no_load	1	2	2	216	
44	0	69	step_2_no_load	5	6	0.622221685203	0.718756538957	6	462	1	
44	0	70	step_1_no_load	1	2	1	233	
44	0	70	step_2_no_load	3	4	0.498834901463	0.548075770764	3	417	1	
44	0	71	step_1_no_load	1	2	1	244	
44	0	71	step_2_no_load	3	4	0.482863323776	0.546215110045	3	335	0	
44	0	72	step_1_no_load	1	2	2	230	
44	0	72	step_2_no_load	5	6	0.626024641967	0.705884789502	6	345	0	
44	0	73	step_1_no_load	1	2	1	351	
44	0	73	step_2_no_load	3	4	0.435957313805	0.50185699984	3	560	1	
44	0	74	step_1_no_load	1	2	1	222	
44	0	74	step_2_no_load	5	6	0.614462146454	0.693624670847	6	558	1	
44	0	75	step_1_no_load	1	2	1	269	
44	0	75	step_2_no_load	3	4	0.44832280175	0.483983914712	3	475	0	
44	0	76	step_1_no_load	1	2	1	183	
44	0	76	step_2_no_load	3	4	0.488583631821	0.518881389358	3	404	1	
44	0	77	step_1_no_load	1	2	1	190	
44	0	77	step_2_no_load	5	6	0.564257587118	0.679737625371	6	1173	1	
44	0	78	step_1_no_load	1	2	1	188	
44	0	78	step_2_no_load	3	4	0.435911167612	0.538654072849	3	443	0	
44	0	79	step_1_no_load	1	2	1	235	
44	0	79	step_2_no_load	3	4	0.389124152368	0.540085062695	3	357	1	
44	0	80	step_1_no_load	1	2	1	333	
44	0	80	step_2_no_load	3	4	0.396016175285	0.49921021142	3	346	1	
44	0	81	step_1_no_load	1	2	1	171	
44	0	81	step_2_no_load	3	4	0.419265522488	0.494116554432	3	330	1	
44	0	82	step_1_no_load	1	2	2	173	
44	0	82	step_2_no_load	5	6	0.564729328387	0.688340116885	6	349	1	
44	0	83	step_1_no_load	1	2	2	323	
44	0	83	step_2_no_load	5	6	0.607907985871	0.726885136842	6	364	1	
44	0	84	step_1_no_load	1	2	2	223	
44	0	84	step_2_no_load	5	6	0.65843840156	0.731466635793	6	461	0	
44	0	85	step_1_no_load	1	2	2	201	
44	0	85	step_2_no_load	5	6	0.692384972752	0.712989604416	6	402	1	
44	0	86	step_1_no_load	1	2	2	113	
44	0	86	step_2_no_load	5	6	0.691782850001	0.721207648497	6	403	1	
44	0	87	step_1_no_load	1	2	1	211	
44	0	87	step_2_no_load	3	4	0.40000499778	0.493867001103	3	598	1	
44	0	88	step_1_no_load	1	2	2	232	
44	0	88	step_2_no_load	5	6	0.717410082358	0.696773608304	6	475	0	
44	0	89	step_1_no_load	1	2	1	357	
44	0	89	step_2_no_load	3	4	0.415882489686	0.490019385174	3	268	0	
44	0	90	step_1_no_load	1	2	2	139	
44	0	90	step_2_no_load	5	6	0.712247848046	0.688736868033	6	364	1	
44	0	91	step_1_no_load	1	2	1	130	
44	0	91	step_2_no_load	3	4	0.43534164751	0.479087223222	3	300	1	
44	0	92	step_1_no_load	1	2	2	9	
44	0	92	step_2_no_load	5	6	0.692406274724	0.679381608313	6	379	1	
44	0	93	step_1_no_load	1	2	1	266	
44	0	93	step_2_no_load	5	6	0.70415710998	0.662863370634	5	333	1	
44	0	94	step_1_no_load	1	2	1	117	
44	0	94	step_2_no_load	3	4	0.429211756872	0.468637558205	3	593	0	
44	0	95	step_1_no_load	1	2	2	316	
44	0	95	step_2_no_load	3	4	0.427150666411	0.42505578884	3	410	0	
44	0	96	step_1_no_load	1	2	2	84	
44	0	96	step_2_no_load	3	4	0.383038640121	0.437558890646	3	743	0	
44	0	97	step_1_no_load	1	2	1	222	
44	0	97	step_2_no_load	5	6	0.681272614291	0.651202057411	6	734	0	
44	0	98	step_1_no_load	1	2	1	299	
44	0	98	step_2_no_load	3	4	0.409778171713	0.431479829356	4	809	0	
44	0	99	step_1_no_load	1	2	1	174	
44	0	99	step_2_no_load	5	6	0.673709850038	0.645191748454	6	788	1	
44	0	100	step_1_no_load	1	2	1	237	
44	0	100	step_2_no_load	5	6	0.666227451505	0.66579920021	6	596	0	
44	0	101	step_1_no_load	1	2	1	224	
44	0	101	step_2_no_load	3	4	0.497432607584	0.366879421891	4	1253	0	
44	0	102	step_1_no_load	1	2	2	167	
44	0	102	step_2_no_load	3	4	0.494584754513	0.326080462175	3	712	1	
44	0	103	step_1_no_load	1	2	1	191	
44	0	103	step_2_no_load	5	6	0.663997796029	0.69058998368	5	641	0	
44	0	104	step_1_no_load	1	2	1	116	
44	0	104	step_2_no_load	5	6	0.703870701136	0.743372642809	6	887	1	
44	0	105	step_1_no_load	1	2	2	204	
44	0	105	step_2_no_load	3	4	0.514318365187	0.352639603242	3	694	1	
44	0	106	step_1_no_load	1	2	1	170	
44	0	106	step_2_no_load	5	6	0.712883638252	0.699623252899	6	1004	0	
44	0	107	step_1_no_load	1	2	1	46	
44	0	107	step_2_no_load	3	4	0.565220528809	0.388257337796	3	443	0	
44	0	108	step_1_no_load	1	2	1	207	
44	0	108	step_2_no_load	3	4	0.526955028982	0.388185708856	3	595	0	
44	0	109	step_1_no_load	1	2	1	122	
44	0	109	step_2_no_load	3	4	0.479977531501	0.372328831887	3	413	1	
44	0	110	step_1_no_load	1	2	1	291	
44	0	110	step_2_no_load	3	4	0.432626681236	0.395544455384	3	350	0	
44	0	111	step_1_no_load	1	2	1	464	
44	0	111	step_2_no_load	5	6	0.724852671171	0.634599547742	5	679	1	
44	0	112	step_1_no_load	1	2	1	228	
44	0	112	step_2_no_load	3	4	0.392887565883	0.413393106784	3	582	0	
44	0	113	step_1_no_load	1	2	1	251	
44	0	113	step_2_no_load	5	6	0.719324307956	0.634627459817	6	414	1	
44	0	114	step_1_no_load	1	2	1	353	
44	0	114	step_2_no_load	3	4	0.380324086676	0.384736699284	3	405	0	
44	0	115	step_1_no_load	1	2	1	263	
44	0	115	step_2_no_load	3	4	0.390027643099	0.357661171116	4	399	0	
44	0	116	step_1_no_load	1	2	1	51	
44	0	116	step_2_no_load	3	4	0.378149844807	0.369438791876	4	611	0	
44	0	117	step_1_no_load	1	2	1	227	
44	0	117	step_2_no_load	3	4	0.374621793791	0.363056877927	3	597	0	
44	0	118	step_1_no_load	1	2	1	219	
44	0	118	step_2_no_load	3	4	0.357645851833	0.362977115924	3	518	1	
44	0	119	step_1_no_load	1	2	1	138	
44	0	119	step_2_no_load	3	4	0.357515098446	0.358243439099	3	560	0	
44	0	120	step_1_no_load	1	2	2	115	
44	0	120	step_2_no_load	5	6	0.70587238626	0.666433355915	6	583	1	
44	0	121	step_1_no_load	1	2	2	91	
44	0	121	step_2_no_load	3	4	0.352721767208	0.310775244958	4	669	0	
44	0	122	step_1_no_load	1	2	2	181	
44	0	122	step_2_no_load	3	4	0.329624572119	0.266650857402	3	871	0	
44	0	123	step_1_no_load	1	2	2	98	
44	0	123	step_2_no_load	5	6	0.583607229978	0.664849878232	6	613	0	
44	0	124	step_1_no_load	1	2	2	67	
44	0	124	step_2_no_load	5	6	0.603013298253	0.624161788269	6	276	1	
44	0	125	step_1_no_load	1	2	2	182	
44	0	125	step_2_no_load	5	6	0.559596800931	0.633566302563	6	457	1	
44	0	126	step_1_no_load	1	2	2	234	
44	0	126	step_2_no_load	3	4	0.300846667696	0.267206368684	3	704	0	
44	0	127	step_1_no_load	1	2	2	403	
44	0	127	step_2_no_load	5	6	0.560824094575	0.646945556251	6	513	1	
44	0	128	step_1_no_load	1	2	2	226	
44	0	128	step_2_no_load	5	6	0.636905534066	0.620672334996	6	428	1	
44	0	129	step_1_no_load	1	2	2	214	
44	0	129	step_2_no_load	3	4	0.271709703542	0.268213321963	4	698	0	
44	0	130	step_1_no_load	1	2	2	187	
44	0	130	step_2_no_load	3	4	0.274560758494	0.267460866951	3	587	0	
44	0	131	step_1_no_load	1	2	2	172	
44	0	131	step_2_no_load	5	6	0.678044920845	0.638450601212	6	593	1	
44	0	132	step_1_no_load	1	2	2	246	
44	0	132	step_2_no_load	3	4	0.315328810424	0.27986961048	4	420	0	
44	0	133	step_1_no_load	1	2	1	239	
44	0	133	step_2_no_load	3	4	0.312642735495	0.315608831386	3	503	1	
44	0	134	step_1_no_load	1	2	1	321	
44	0	134	step_2_no_load	3	4	0.302839427162	0.287393715313	3	365	1	
44	0	135	step_1_no_load	1	2	1	397	
44	0	135	step_2_no_load	5	6	0.593710006149	0.700779221781	6	581	0	
44	0	136	step_1_no_load	1	2	2	109	
44	0	136	step_2_no_load	3	4	0.284521085726	0.307766925452	3	519	0	
44	0	137	step_1_no_load	1	2	1	247	
44	0	137	step_2_no_load	3	4	0.325016613024	0.346433498467	3	409	1	
44	0	138	step_1_no_load	1	2	2	194	
44	0	138	step_2_no_load	5	6	0.63240964674	0.688182193337	6	401	1	
44	0	139	step_1_no_load	1	2	2	175	
44	0	139	step_2_no_load	5	6	0.636630981281	0.696355985729	6	363	1	
44	0	140	step_1_no_load	1	2	1	139	
44	0	140	step_2_no_load	5	6	0.671213945178	0.637682840728	6	749	1	
44	0	141	step_1_no_load	1	2	1	98	
44	0	141	step_2_no_load	3	4	0.311809871418	0.390227133375	3	619	1	
44	0	142	step_1_no_load	1	2	1	332	
44	0	142	step_2_no_load	3	4	0.304203281606	0.397052682821	3	431	1	
44	0	143	step_1_no_load	1	2	2	263	
44	0	143	step_2_no_load	3	4	0.313516825296	0.410970957547	4	782	1	
44	0	144	step_1_no_load	1	2	2	236	
44	0	144	step_2_no_load	5	6	0.626443722248	0.639347300184	-1	-1	-1	
44	0	145	step_1_no_load	1	2	1	352	
44	0	145	step_2_no_load	5	6	0.6669125229	0.606515632748	5	473	0	
44	0	146	step_1_no_load	1	2	1	247	
44	0	146	step_2_no_load	3	4	0.257861956214	0.320877500969	3	504	0	
44	0	147	step_1_no_load	1	2	2	32	
44	0	147	step_2_no_load	5	6	0.647798886916	0.594861186319	6	539	0	
44	0	148	step_1_no_load	1	2	2	225	
44	0	148	step_2_no_load	5	6	0.619272702026	0.648050021239	5	677	0	
44	0	149	step_1_no_load	1	2	2	173	
44	0	149	step_2_no_load	5	6	0.601870110183	0.623203869836	6	487	1	
44	0	150	step_1_no_load	1	2	1	334	
44	0	150	step_2_no_load	3	4	0.305587692243	0.306860041627	3	401	0	
44	0	151	step_1_no_load	1	2	1	290	
44	0	151	step_2_no_load	3	4	0.348172164421	0.310557101463	3	462	0	
44	0	152	step_1_no_load	1	2	1	208	
44	0	152	step_2_no_load	3	4	0.307702500543	0.323194010514	3	412	0	
44	0	153	step_1_no_load	1	2	2	135	
44	0	153	step_2_no_load	5	6	0.613336203392	0.681559292085	6	360	0	
44	0	154	step_1_no_load	1	2	2	129	
44	0	154	step_2_no_load	5	6	0.638934099562	0.671672162443	6	403	0	
44	0	155	step_1_no_load	1	2	2	233	
44	0	155	step_2_no_load	5	6	0.632486591889	0.716100930629	6	356	1	
44	0	156	step_1_no_load	1	2	2	268	
44	0	156	step_2_no_load	5	6	0.631048201903	0.734436160799	6	305	1	
44	0	157	step_1_no_load	1	2	2	292	
44	0	157	step_2_no_load	5	6	0.585191807512	0.720725456325	6	216	1	
44	0	158	step_1_no_load	1	2	2	355	
44	0	158	step_2_no_load	5	6	0.532722108502	0.694270715354	6	347	1	
44	0	159	step_1_no_load	1	2	2	396	
44	0	159	step_2_no_load	5	6	0.541222065796	0.697903160072	6	535	0	
44	0	160	step_1_no_load	1	2	1	345	
44	0	160	step_2_no_load	5	6	0.521229931064	0.710728171711	6	686	1	
44	0	161	step_1_no_load	1	2	2	330	
44	0	161	step_2_no_load	5	6	0.516036498158	0.719896286569	6	417	1	
44	0	162	step_1_no_load	1	2	1	275	
44	0	162	step_2_no_load	3	4	0.3926701003	0.455329532209	3	384	0	
44	0	163	step_1_no_load	1	2	2	341	
44	0	163	step_2_no_load	5	6	0.5863391277	0.697095951435	6	384	0	
44	0	164	step_1_no_load	1	2	1	196	
44	0	164	step_2_no_load	5	6	0.585961845322	0.692137394606	6	514	1	
44	0	165	step_1_no_load	1	2	1	279	
44	0	165	step_2_no_load	3	4	0.463777557969	0.347974240867	3	394	0	
44	0	166	step_1_no_load	1	2	2	229	
44	0	166	step_2_no_load	5	6	0.549095060025	0.686594248975	6	389	0	
44	0	167	step_1_no_load	1	2	2	246	
44	0	167	step_2_no_load	5	6	0.585131062446	0.706271792549	6	335	1	
44	0	168	step_1_no_load	1	2	1	147	
44	0	168	step_2_no_load	3	4	0.400817642375	0.335777599654	3	689	1	
44	0	169	step_1_no_load	1	2	1	106	
44	0	169	step_2_no_load	3	4	0.42098542374	0.365156560071	3	486	1	
44	0	170	step_1_no_load	1	2	1	247	
44	0	170	step_2_no_load	3	4	0.411067820436	0.364989630435	3	476	1	
44	0	171	step_1_no_load	1	2	1	176	
44	0	171	step_2_no_load	3	4	0.386979310814	0.425122034074	3	417	1	
44	0	172	step_1_no_load	1	2	1	327	
44	0	172	step_2_no_load	3	4	0.363617002148	0.490120307546	3	416	1	
44	0	173	step_1_no_load	1	2	1	274	
44	0	173	step_2_no_load	3	4	0.385349297983	0.462866379815	3	369	0	
44	0	174	step_1_no_load	1	2	1	224	
44	0	174	step_2_no_load	3	4	0.387867297446	0.46236234172	3	399	1	
44	0	175	step_1_no_load	1	2	1	294	
44	0	175	step_2_no_load	3	4	0.426185553904	0.484825491933	3	373	0	
44	0	176	step_1_no_load	1	2	1	225	
44	0	176	step_2_no_load	3	4	0.383231572002	0.500856457218	3	229	0	
44	0	177	step_1_no_load	1	2	2	91	
44	0	177	step_2_no_load	5	6	0.501268576771	0.714070205704	6	297	1	
44	0	178	step_1_no_load	1	2	2	305	
44	0	178	step_2_no_load	5	6	0.493712351915	0.705993797498	6	266	1	
44	0	179	step_1_no_load	1	2	2	3	
44	0	179	step_2_no_load	3	4	0.324685418097	0.493565996034	-1	-1	-1	
44	0	180	step_1_no_load	1	2	2	418	
44	0	180	step_2_no_load	3	4	0.341214611607	0.489345734128	3	625	1	
44	0	181	step_1_no_load	1	2	1	285	
44	0	181	step_2_no_load	3	4	0.342402764747	0.480141179559	3	327	0	
44	0	182	step_1_no_load	1	2	1	178	
44	0	182	step_2_no_load	3	4	0.340533666308	0.49907747228	3	524	0	
44	0	183	step_1_no_load	1	2	1	0	
44	0	183	step_2_no_load	5	6	0.502991759047	0.720388040749	6	470	1	
44	0	184	step_1_no_load	1	2	2	244	
44	0	184	step_2_no_load	3	4	0.362743255194	0.480863422096	3	668	1	
44	0	185	step_1_no_load	1	2	1	254	
44	0	185	step_2_no_load	3	4	0.362611152222	0.482228039858	3	498	0	
44	0	186	step_1_no_load	1	2	2	139	
44	0	186	step_2_no_load	3	4	0.332733011923	0.484672582719	3	439	0	
44	0	187	step_1_no_load	1	2	1	271	
44	0	187	step_2_no_load	5	6	0.443962917772	0.678211978625	6	617	1	
44	0	188	step_1_no_load	1	2	1	264	
44	0	188	step_2_no_load	3	4	0.291508050861	0.548350535247	3	550	0	
44	0	189	step_1_no_load	1	2	1	456	
44	0	189	step_2_no_load	3	4	0.285168135955	0.534753756004	3	454	0	
44	0	190	step_1_no_load	1	2	2	67	
44	0	190	step_2_no_load	5	6	0.433568856946	0.667655825994	6	268	0	
44	0	191	step_1_no_load	1	2	2	171	
44	0	191	step_2_no_load	3	4	0.318839908867	0.512103523931	3	590	0	
44	0	192	step_1_no_load	1	2	2	256	
44	0	192	step_2_no_load	5	6	0.450791310283	0.705517419189	6	451	1	
44	0	193	step_1_no_load	1	2	2	244	
44	0	193	step_2_no_load	5	6	0.440813209638	0.679792491164	6	417	1	
44	0	194	step_1_no_load	1	2	2	216	
44	0	194	step_2_no_load	5	6	0.433250459893	0.655261361454	6	348	1	
44	0	195	step_1_no_load	1	2	2	72	
44	0	195	step_2_no_load	5	6	0.466795336969	0.646280688878	6	343	0	
44	0	196	step_1_no_load	1	2	2	136	
44	0	196	step_2_no_load	5	6	0.421761207498	0.695101215304	6	267	1	
44	0	197	step_1_no_load	1	2	2	189	
44	0	197	step_2_no_load	3	4	0.316987700969	0.47786945426	3	453	1	
44	0	198	step_1_no_load	1	2	1	198	
44	0	198	step_2_no_load	3	4	0.303352625941	0.485065498391	3	558	0	
44	0	199	step_1_no_load	1	2	2	125	
44	0	199	step_2_no_load	3	4	0.292861528884	0.529438031858	3	706	0	
44	0	200	step_1_no_load	1	2	2	184	
44	0	200	step_2_no_load	5	6	0.372436949782	0.728996708473	6	523	1	

Thu Apr  6 10:24:37 2017
