Fri Apr  7 14:31:59 2017	
45	0	1	step_1_no_load	1	2	1	874	
45	0	1	step_2_no_load	3	4	0.598297890399	0.594299910136	3	696	1	
45	0	2	step_1_no_load	1	2	1	478	
45	0	2	step_2_no_load	5	6	0.474613197709	0.533203491871	5	704	1	
45	0	3	step_1_no_load	1	2	1	639	
45	0	3	step_2_no_load	3	4	0.584197065669	0.589215227351	3	463	1	
45	0	4	step_1_no_load	1	2	2	537	
45	0	4	step_2_no_load	3	4	0.597491569846	0.564086293706	3	818	0	
45	0	5	step_1_no_load	1	2	2	535	
45	0	5	step_2_no_load	5	6	0.495568760483	0.543908521457	6	671	0	
45	0	6	step_1_no_load	1	2	2	454	
45	0	6	step_2_no_load	3	4	0.585722686883	0.603642866427	3	826	0	
45	0	7	step_1_no_load	1	2	1	382	
45	0	7	step_2_no_load	3	4	0.568656746487	0.622642364361	3	589	1	
45	0	8	step_1_no_load	1	2	2	529	
45	0	8	step_2_no_load	3	4	0.59128639594	0.624210374623	4	1017	0	
45	0	9	step_1_no_load	1	2	2	775	
45	0	9	step_2_no_load	5	6	0.496546708465	0.54429228266	6	830	1	
45	0	10	step_1_no_load	1	2	2	605	
45	0	10	step_2_no_load	5	6	0.482364178155	0.576063520885	6	601	1	
45	0	11	step_1_no_load	1	2	2	464	
45	0	11	step_2_no_load	5	6	0.477013315682	0.59022801242	6	757	1	
45	0	12	step_1_no_load	1	2	1	805	
45	0	12	step_2_no_load	3	4	0.682786328054	0.552770607849	3	574	1	
45	0	13	step_1_no_load	1	2	1	397	
45	0	13	step_2_no_load	3	4	0.653587098421	0.558313135925	3	488	0	
45	0	14	step_1_no_load	1	2	1	522	
45	0	14	step_2_no_load	3	4	0.629137942344	0.545555696267	3	562	1	
45	0	15	step_1_no_load	1	2	2	0	
45	0	15	step_2_no_load	5	6	0.505377237737	0.633564630036	6	1149	1	
45	0	16	step_1_no_load	1	2	1	692	
45	0	16	step_2_no_load	5	6	0.510958036527	0.626326396372	6	769	0	
45	0	17	step_1_no_load	1	2	2	254	
45	0	17	step_2_no_load	3	4	0.633350170016	0.562895132605	4	1084	0	
45	0	18	step_1_no_load	1	2	1	260	
45	0	18	step_2_no_load	5	6	0.517514133912	0.626895526976	5	854	0	
45	0	19	step_1_no_load	1	2	2	307	
45	0	19	step_2_no_load	3	4	0.619895761657	0.536502319591	4	706	1	
45	0	20	step_1_no_load	1	2	2	310	
45	0	20	step_2_no_load	3	4	0.636521555122	0.491720931314	4	795	1	
45	0	21	step_1_no_load	1	2	1	362	
45	0	21	step_2_no_load	3	4	0.630305464549	0.470207377245	4	765	1	
45	0	22	step_1_no_load	1	2	2	298	
45	0	22	step_2_no_load	5	6	0.506100011497	0.618527126547	5	722	0	
45	0	23	step_1_no_load	1	2	2	145	
45	0	23	step_2_no_load	5	6	0.520606588181	0.604065470975	6	527	1	
45	0	24	step_1_no_load	1	2	2	101	
45	0	24	step_2_no_load	5	6	0.505388876622	0.5800912085	6	454	0	
45	0	25	step_1_no_load	1	2	1	394	
45	0	25	step_2_no_load	3	4	0.565698722896	0.503605105412	4	1058	1	
45	0	26	step_1_no_load	1	2	1	771	
45	0	26	step_2_no_load	3	4	0.592410219737	0.532884212818	4	660	0	
45	0	27	step_1_no_load	1	2	1	0	
45	0	27	step_2_no_load	5	6	0.507272671939	0.642144756622	5	1226	1	
45	0	28	step_1_no_load	1	2	2	619	
45	0	28	step_2_no_load	5	6	0.520177259699	0.647441527317	5	794	1	
45	0	29	step_1_no_load	1	2	1	202	
45	0	29	step_2_no_load	3	4	0.606613029227	0.561957580386	3	661	1	
45	0	30	step_1_no_load	1	2	1	309	
45	0	30	step_2_no_load	3	4	0.608245979832	0.574272497114	3	647	1	
45	0	31	step_1_no_load	1	2	1	290	
45	0	31	step_2_no_load	3	4	0.636602545794	0.541819886458	3	386	0	
45	0	32	step_1_no_load	1	2	1	777	
45	0	32	step_2_no_load	5	6	0.520318771114	0.605616211083	6	837	0	
45	0	33	step_1_no_load	1	2	2	0	
45	0	33	step_2_no_load	5	6	0.487664344039	0.618000238621	5	918	0	
45	0	34	step_1_no_load	1	2	2	372	
45	0	34	step_2_no_load	3	4	0.575802910074	0.538523758058	3	1153	1	
45	0	35	step_1_no_load	1	2	2	395	
45	0	35	step_2_no_load	5	6	0.491437207585	0.649776015006	6	703	1	
45	0	36	step_1_no_load	1	2	1	247	
45	0	36	step_2_no_load	3	4	0.527635087561	0.611274573488	4	587	0	
45	0	37	step_1_no_load	1	2	1	386	
45	0	37	step_2_no_load	3	4	0.513822304161	0.598446394142	3	1114	1	
45	0	38	step_1_no_load	1	2	1	242	
45	0	38	step_2_no_load	3	4	0.539078491643	0.595113730206	3	489	1	
45	0	39	step_1_no_load	1	2	1	325	
45	0	39	step_2_no_load	5	6	0.578640235206	0.634483337633	5	862	0	
45	0	40	step_1_no_load	1	2	1	326	
45	0	40	step_2_no_load	3	4	0.580760785074	0.607992802154	3	444	0	
45	0	41	step_1_no_load	1	2	2	267	
45	0	41	step_2_no_load	5	6	0.583829055298	0.633285941184	6	834	0	
45	0	42	step_1_no_load	1	2	2	555	
45	0	42	step_2_no_load	3	4	0.533857158543	0.609164606591	3	948	0	
45	0	43	step_1_no_load	1	2	1	371	
45	0	43	step_2_no_load	3	4	0.553703096215	0.612705031264	3	466	1	
45	0	44	step_1_no_load	1	2	1	223	
45	0	44	step_2_no_load	3	4	0.541854396676	0.611481438855	3	573	0	
45	0	45	step_1_no_load	1	2	2	679	
45	0	45	step_2_no_load	5	6	0.5288039409	0.620699591043	5	958	0	
45	0	46	step_1_no_load	1	2	1	447	
45	0	46	step_2_no_load	3	4	0.55511883717	0.600964500555	4	421	0	
45	0	47	step_1_no_load	1	2	1	42	
45	0	47	step_2_no_load	5	6	0.493112702321	0.634373567175	6	927	1	
45	0	48	step_1_no_load	1	2	1	549	
45	0	48	step_2_no_load	3	4	0.534690828011	0.615767119776	4	988	1	
45	0	49	step_1_no_load	1	2	1	523	
45	0	49	step_2_no_load	3	4	0.512405963374	0.610193185592	4	594	1	
45	0	50	step_1_no_load	1	2	1	276	
45	0	50	step_2_no_load	5	6	0.47381367271	0.593458480934	6	358	0	
45	0	51	step_1_no_load	1	2	1	328	
45	0	51	step_2_no_load	3	4	0.508197321577	0.564866799699	4	662	1	
45	0	52	step_1_no_load	1	2	1	442	
45	0	52	step_2_no_load	5	6	0.429622901875	0.613408921915	5	864	1	
45	0	53	step_1_no_load	1	2	1	400	
45	0	53	step_2_no_load	3	4	0.475342927439	0.551457882502	4	826	0	
45	0	54	step_1_no_load	1	2	1	506	
45	0	54	step_2_no_load	5	6	0.491512498697	0.652515308527	5	730	0	
45	0	55	step_1_no_load	1	2	2	234	
45	0	55	step_2_no_load	5	6	0.487025527704	0.639840796975	6	502	1	
45	0	56	step_1_no_load	1	2	2	204	
45	0	56	step_2_no_load	5	6	0.459773408493	0.60038825769	6	803	1	
45	0	57	step_1_no_load	1	2	2	324	
45	0	57	step_2_no_load	5	6	0.466449077359	0.586335094239	6	867	1	
45	0	58	step_1_no_load	1	2	2	323	
45	0	58	step_2_no_load	5	6	0.478335218822	0.610896130115	6	790	1	
45	0	59	step_1_no_load	1	2	2	151	
45	0	59	step_2_no_load	5	6	0.480274332693	0.608951267756	5	511	1	
45	0	60	step_1_no_load	1	2	2	356	
45	0	60	step_2_no_load	5	6	0.491916707098	0.599559577859	6	625	0	
45	0	61	step_1_no_load	1	2	2	281	
45	0	61	step_2_no_load	5	6	0.464268875813	0.602879526975	5	560	0	
45	0	62	step_1_no_load	1	2	2	625	
45	0	62	step_2_no_load	5	6	0.50724109756	0.622820395113	6	945	1	
45	0	63	step_1_no_load	1	2	2	421	
45	0	63	step_2_no_load	3	4	0.519445130796	0.664284493458	3	1166	1	
45	0	64	step_1_no_load	1	2	1	336	
45	0	64	step_2_no_load	3	4	0.533849886794	0.642369708469	3	549	1	
45	0	65	step_1_no_load	1	2	1	200	
45	0	65	step_2_no_load	5	6	0.569109504048	0.619953360065	5	635	1	
45	0	66	step_1_no_load	1	2	1	198	
45	0	66	step_2_no_load	3	4	0.555324764318	0.606938648072	3	900	1	
45	0	67	step_1_no_load	1	2	2	414	
45	0	67	step_2_no_load	5	6	0.542076810516	0.674463681351	6	784	1	
45	0	68	step_1_no_load	1	2	1	613	
45	0	68	step_2_no_load	5	6	0.509127161919	0.719455209845	5	797	1	
45	0	69	step_1_no_load	1	2	1	319	
45	0	69	step_2_no_load	3	4	0.560462111264	0.622221685203	3	907	1	
45	0	70	step_1_no_load	1	2	2	347	
45	0	70	step_2_no_load	3	4	0.548075770764	0.637556284465	3	879	1	
45	0	71	step_1_no_load	1	2	2	416	
45	0	71	step_2_no_load	5	6	0.482863323776	0.706816191949	6	1003	1	
45	0	72	step_1_no_load	1	2	2	530	
45	0	72	step_2_no_load	3	4	0.556486305476	0.626024641967	3	732	1	
45	0	73	step_1_no_load	1	2	2	264	
45	0	73	step_2_no_load	3	4	0.50185699984	0.657126403029	3	805	0	
45	0	74	step_1_no_load	1	2	2	780	
45	0	74	step_2_no_load	3	4	0.491044983779	0.614462146454	3	1153	0	
45	0	75	step_1_no_load	1	2	2	713	
45	0	75	step_2_no_load	5	6	0.44832280175	0.697629587097	6	1047	0	
45	0	76	step_1_no_load	1	2	2	556	
45	0	76	step_2_no_load	3	4	0.518881389358	0.62770291155	3	794	1	
45	0	77	step_1_no_load	1	2	2	573	
45	0	77	step_2_no_load	5	6	0.446809557226	0.679737625371	5	1146	0	
45	0	78	step_1_no_load	1	2	1	554	
45	0	78	step_2_no_load	3	4	0.538654072849	0.536711448352	4	734	1	
45	0	79	step_1_no_load	1	2	1	249	
45	0	79	step_2_no_load	3	4	0.540085062695	0.513695512795	4	428	1	
45	0	80	step_1_no_load	1	2	1	313	
45	0	80	step_2_no_load	3	4	0.49921021142	0.518583383166	4	431	0	
45	0	81	step_1_no_load	1	2	1	491	
45	0	81	step_2_no_load	3	4	0.494116554432	0.529745690463	4	450	1	
45	0	82	step_1_no_load	1	2	1	257	
45	0	82	step_2_no_load	3	4	0.482727017837	0.564729328387	4	294	1	
45	0	83	step_1_no_load	1	2	1	318	
45	0	83	step_2_no_load	3	4	0.483255412498	0.607907985871	4	578	0	
45	0	84	step_1_no_load	1	2	1	402	
45	0	84	step_2_no_load	3	4	0.505586222209	0.65843840156	4	569	0	
45	0	85	step_1_no_load	1	2	1	234	
45	0	85	step_2_no_load	3	4	0.485785534744	0.692384972752	4	493	0	
45	0	86	step_1_no_load	1	2	1	344	
45	0	86	step_2_no_load	3	4	0.486462788728	0.691782850001	3	349	1	
45	0	87	step_1_no_load	1	2	2	332	
45	0	87	step_2_no_load	3	4	0.493867001103	0.719375344246	3	715	1	
45	0	88	step_1_no_load	1	2	2	412	
45	0	88	step_2_no_load	5	6	0.377947492322	0.696773608304	6	1098	1	
45	0	89	step_1_no_load	1	2	2	506	
45	0	89	step_2_no_load	5	6	0.415882489686	0.660112261017	6	545	1	
45	0	90	step_1_no_load	1	2	2	269	
45	0	90	step_2_no_load	3	4	0.530126112124	0.712247848046	4	399	1	
45	0	91	step_1_no_load	1	2	1	747	
45	0	91	step_2_no_load	3	4	0.479087223222	0.685023809334	4	591	1	
45	0	92	step_1_no_load	1	2	1	269	
45	0	92	step_2_no_load	3	4	0.484260039873	0.692406274724	4	434	1	
45	0	93	step_1_no_load	1	2	1	345	
45	0	93	step_2_no_load	5	6	0.439878153082	0.662863370634	5	1069	1	
45	0	94	step_1_no_load	1	2	1	420	
45	0	94	step_2_no_load	5	6	0.429211756872	0.668295023896	5	663	0	
45	0	95	step_1_no_load	1	2	2	490	
45	0	95	step_2_no_load	5	6	0.427150666411	0.640209855442	6	666	0	
45	0	96	step_1_no_load	1	2	2	454	
45	0	96	step_2_no_load	5	6	0.383038640121	0.663095813561	5	1228	1	
45	0	97	step_1_no_load	1	2	2	348	
45	0	97	step_2_no_load	5	6	0.392885664353	0.651202057411	5	512	1	
45	0	98	step_1_no_load	1	2	2	332	
45	0	98	step_2_no_load	5	6	0.409778171713	0.646040060297	5	326	0	
45	0	99	step_1_no_load	1	2	2	196	
45	0	99	step_2_no_load	3	4	0.375249961522	0.673709850038	4	1185	1	
45	0	100	step_1_no_load	1	2	2	313	
45	0	100	step_2_no_load	5	6	0.4333505304	0.66579920021	6	919	0	
45	0	101	step_1_no_load	1	2	2	483	
45	0	101	step_2_no_load	3	4	0.366879421891	0.623812401974	4	1075	1	
45	0	102	step_1_no_load	1	2	1	322	
45	0	102	step_2_no_load	5	6	0.494584754513	0.663124617603	-1	-1	-1	
45	0	103	step_1_no_load	1	2	1	317	
45	0	103	step_2_no_load	5	6	0.481975449893	0.69058998368	5	697	0	
45	0	104	step_1_no_load	1	2	1	448	
45	0	104	step_2_no_load	3	4	0.303696146503	0.703870701136	4	909	1	
45	0	105	step_1_no_load	1	2	1	296	
45	0	105	step_2_no_load	3	4	0.352639603242	0.689135357059	4	760	1	
45	0	106	step_1_no_load	1	2	2	222	
45	0	106	step_2_no_load	3	4	0.374131494222	0.712883638252	4	672	1	
45	0	107	step_1_no_load	1	2	1	416	
45	0	107	step_2_no_load	5	6	0.565220528809	0.677514185929	6	492	1	
45	0	108	step_1_no_load	1	2	2	582	
45	0	108	step_2_no_load	5	6	0.526955028982	0.681491063126	5	618	1	
45	0	109	step_1_no_load	1	2	1	461	
45	0	109	step_2_no_load	5	6	0.479977531501	0.68658494263	6	870	1	
45	0	110	step_1_no_load	1	2	2	449	
45	0	110	step_2_no_load	3	4	0.395544455384	0.729599891941	3	809	0	
45	0	111	step_1_no_load	1	2	1	367	
45	0	111	step_2_no_load	5	6	0.384948378665	0.634599547742	6	607	1	
45	0	112	step_1_no_load	1	2	2	316	
45	0	112	step_2_no_load	5	6	0.392887565883	0.635252945963	6	787	0	
45	0	113	step_1_no_load	1	2	2	407	
45	0	113	step_2_no_load	5	6	0.370697120277	0.634627459817	6	572	0	
45	0	114	step_1_no_load	1	2	2	308	
45	0	114	step_2_no_load	5	6	0.380324086676	0.657654904272	5	369	0	
45	0	115	step_1_no_load	1	2	2	440	
45	0	115	step_2_no_load	5	6	0.390027643099	0.645721217949	5	626	0	
45	0	116	step_1_no_load	1	2	2	415	
45	0	116	step_2_no_load	5	6	0.378149844807	0.680124293449	6	715	1	
45	0	117	step_1_no_load	1	2	1	380	
45	0	117	step_2_no_load	5	6	0.374621793791	0.671842537277	6	530	0	
45	0	118	step_1_no_load	1	2	2	445	
45	0	118	step_2_no_load	3	4	0.362977115924	0.740051715856	4	424	1	
45	0	119	step_1_no_load	1	2	2	244	
45	0	119	step_2_no_load	5	6	0.357515098446	0.661177321751	6	734	0	
45	0	120	step_1_no_load	1	2	1	824	
45	0	120	step_2_no_load	5	6	0.370150243662	0.666433355915	5	1051	0	
45	0	121	step_1_no_load	1	2	1	391	
45	0	121	step_2_no_load	3	4	0.310775244958	0.658856304095	4	856	0	
45	0	122	step_1_no_load	1	2	1	241	
45	0	122	step_2_no_load	3	4	0.266650857402	0.6136886145	4	646	1	
45	0	123	step_1_no_load	1	2	1	283	
45	0	123	step_2_no_load	3	4	0.269780614928	0.583607229978	4	476	0	
45	0	124	step_1_no_load	1	2	1	418	
45	0	124	step_2_no_load	3	4	0.26095206597	0.603013298253	4	329	0	
45	0	125	step_1_no_load	1	2	1	304	
45	0	125	step_2_no_load	3	4	0.290374841566	0.559596800931	3	379	0	
45	0	126	step_1_no_load	1	2	2	228	
45	0	126	step_2_no_load	5	6	0.300846667696	0.600985760967	6	510	0	
45	0	127	step_1_no_load	1	2	2	380	
45	0	127	step_2_no_load	5	6	0.274944938508	0.646945556251	5	440	0	
45	0	128	step_1_no_load	1	2	2	281	
45	0	128	step_2_no_load	5	6	0.250790232267	0.620672334996	6	449	1	
45	0	129	step_1_no_load	1	2	2	324	
45	0	129	step_2_no_load	5	6	0.271709703542	0.632682846317	6	428	1	
45	0	130	step_1_no_load	1	2	2	304	
45	0	130	step_2_no_load	5	6	0.274560758494	0.630285316669	6	436	0	
45	0	131	step_1_no_load	1	2	1	292	
45	0	131	step_2_no_load	3	4	0.281500842289	0.678044920845	3	481	0	
45	0	132	step_1_no_load	1	2	1	479	
45	0	132	step_2_no_load	3	4	0.27986961048	0.668578020634	4	627	0	
45	0	133	step_1_no_load	1	2	1	266	
45	0	133	step_2_no_load	3	4	0.315608831386	0.617383991623	3	369	0	
45	0	134	step_1_no_load	1	2	1	394	
45	0	134	step_2_no_load	3	4	0.287393715313	0.621945110858	3	507	0	
45	0	135	step_1_no_load	1	2	1	457	
45	0	135	step_2_no_load	3	4	0.300079459047	0.593710006149	4	725	1	
45	0	136	step_1_no_load	1	2	1	519	
45	0	136	step_2_no_load	5	6	0.284521085726	0.674914008636	5	1001	0	
45	0	137	step_1_no_load	1	2	1	183	
45	0	137	step_2_no_load	3	4	0.346433498467	0.605896884497	4	535	0	
45	0	138	step_1_no_load	1	2	1	220	
45	0	138	step_2_no_load	5	6	0.307694123906	0.688182193337	6	648	1	
45	0	139	step_1_no_load	1	2	1	350	
45	0	139	step_2_no_load	3	4	0.325611400511	0.636630981281	3	1085	1	
45	0	140	step_1_no_load	1	2	1	336	
45	0	140	step_2_no_load	3	4	0.348740542008	0.671213945178	3	471	0	
45	0	141	step_1_no_load	1	2	1	398	
45	0	141	step_2_no_load	5	6	0.311809871418	0.616803346728	6	924	0	
45	0	142	step_1_no_load	1	2	1	519	
45	0	142	step_2_no_load	5	6	0.304203281606	0.627356259123	6	816	1	
45	0	143	step_1_no_load	1	2	1	470	
45	0	143	step_2_no_load	3	4	0.410970957547	0.661365099615	4	664	0	
45	0	144	step_1_no_load	1	2	1	292	
45	0	144	step_2_no_load	3	4	0.389234194056	0.626443722248	4	711	1	
45	0	145	step_1_no_load	1	2	1	368	
45	0	145	step_2_no_load	3	4	0.355256413269	0.6669125229	4	799	1	
45	0	146	step_1_no_load	1	2	1	335	
45	0	146	step_2_no_load	5	6	0.257861956214	0.593778463268	6	838	1	
45	0	147	step_1_no_load	1	2	1	393	
45	0	147	step_2_no_load	3	4	0.352879785946	0.647798886916	4	615	1	
45	0	148	step_1_no_load	1	2	1	427	
45	0	148	step_2_no_load	3	4	0.311162711725	0.619272702026	4	513	0	
45	0	149	step_1_no_load	1	2	1	384	
45	0	149	step_2_no_load	3	4	0.300290206122	0.601870110183	4	582	0	
45	0	150	step_1_no_load	1	2	1	251	
45	0	150	step_2_no_load	3	4	0.306860041627	0.575985663078	3	432	0	
45	0	151	step_1_no_load	1	2	1	397	
45	0	151	step_2_no_load	3	4	0.310557101463	0.59154759351	4	1332	1	
45	0	152	step_1_no_load	1	2	2	269	
45	0	152	step_2_no_load	3	4	0.323194010514	0.595108765344	4	588	1	
45	0	153	step_1_no_load	1	2	1	281	
45	0	153	step_2_no_load	3	4	0.343622632154	0.613336203392	4	749	1	
45	0	154	step_1_no_load	1	2	2	493	
45	0	154	step_2_no_load	5	6	0.316375537537	0.671672162443	5	910	0	
45	0	155	step_1_no_load	1	2	2	515	
45	0	155	step_2_no_load	3	4	0.372188990474	0.632486591889	4	992	1	
45	0	156	step_1_no_load	1	2	2	598	
45	0	156	step_2_no_load	5	6	0.32564867104	0.734436160799	6	714	1	
45	0	157	step_1_no_load	1	2	2	414	
45	0	157	step_2_no_load	5	6	0.350909357271	0.720725456325	6	744	1	
45	0	158	step_1_no_load	1	2	2	288	
45	0	158	step_2_no_load	5	6	0.408728803896	0.694270715354	6	515	1	
45	0	159	step_1_no_load	1	2	2	399	
45	0	159	step_2_no_load	5	6	0.413026375257	0.697903160072	5	432	0	
45	0	160	step_1_no_load	1	2	1	569	
45	0	160	step_2_no_load	5	6	0.415052912783	0.710728171711	6	756	1	
45	0	161	step_1_no_load	1	2	1	279	
45	0	161	step_2_no_load	5	6	0.407025633682	0.719896286569	6	684	1	
45	0	162	step_1_no_load	1	2	1	280	
45	0	162	step_2_no_load	5	6	0.3926701003	0.695144769903	5	864	0	
45	0	163	step_1_no_load	1	2	1	387	
45	0	163	step_2_no_load	3	4	0.430920885959	0.5863391277	3	1284	0	
45	0	164	step_1_no_load	1	2	1	373	
45	0	164	step_2_no_load	3	4	0.430844125626	0.585961845322	4	540	1	
45	0	165	step_1_no_load	1	2	1	261	
45	0	165	step_2_no_load	3	4	0.347974240867	0.538026607649	4	453	1	
45	0	166	step_1_no_load	1	2	1	306	
45	0	166	step_2_no_load	3	4	0.356317216644	0.549095060025	4	554	1	
45	0	167	step_1_no_load	1	2	1	267	
45	0	167	step_2_no_load	5	6	0.38753671275	0.706271792549	5	951	0	
45	0	168	step_1_no_load	1	2	1	316	
45	0	168	step_2_no_load	3	4	0.335777599654	0.613361520676	4	594	0	
45	0	169	step_1_no_load	1	2	1	393	
45	0	169	step_2_no_load	3	4	0.365156560071	0.586049140041	3	559	1	
45	0	170	step_1_no_load	1	2	1	335	
45	0	170	step_2_no_load	3	4	0.364989630435	0.57151385403	3	470	0	
45	0	171	step_1_no_load	1	2	1	283	
45	0	171	step_2_no_load	3	4	0.425122034074	0.553314431843	4	520	0	
45	0	172	step_1_no_load	1	2	1	350	
45	0	172	step_2_no_load	3	4	0.490120307546	0.519090471457	3	798	1	
45	0	173	step_1_no_load	1	2	1	256	
45	0	173	step_2_no_load	3	4	0.462866379815	0.484428109849	3	535	1	
45	0	174	step_1_no_load	1	2	1	864	
45	0	174	step_2_no_load	3	4	0.46236234172	0.472729524832	3	785	0	
45	0	175	step_1_no_load	1	2	2	205	
45	0	175	step_2_no_load	5	6	0.426185553904	0.693968268443	6	342	0	
45	0	176	step_1_no_load	1	2	2	261	
45	0	176	step_2_no_load	3	4	0.500856457218	0.474046874473	3	388	1	
45	0	177	step_1_no_load	1	2	2	277	
45	0	177	step_2_no_load	5	6	0.357425668099	0.714070205704	6	310	0	
45	0	178	step_1_no_load	1	2	2	248	
45	0	178	step_2_no_load	5	6	0.36473828006	0.705993797498	5	406	1	
45	0	179	step_1_no_load	1	2	2	395	
45	0	179	step_2_no_load	5	6	0.324685418097	0.709345707515	5	332	0	
45	0	180	step_1_no_load	1	2	2	225	
45	0	180	step_2_no_load	5	6	0.341214611607	0.719795072986	5	400	1	
45	0	181	step_1_no_load	1	2	2	366	
45	0	181	step_2_no_load	3	4	0.480141179559	0.508735114046	3	326	0	
45	0	182	step_1_no_load	1	2	2	249	
45	0	182	step_2_no_load	5	6	0.340533666308	0.72717560423	5	1298	0	
45	0	183	step_1_no_load	1	2	2	451	
45	0	183	step_2_no_load	5	6	0.350175837802	0.720388040749	6	421	1	
45	0	184	step_1_no_load	1	2	2	482	
45	0	184	step_2_no_load	5	6	0.362743255194	0.657291439324	6	395	0	
45	0	185	step_1_no_load	1	2	2	271	
45	0	185	step_2_no_load	5	6	0.362611152222	0.665622647081	5	352	0	
45	0	186	step_1_no_load	1	2	1	236	
45	0	186	step_2_no_load	5	6	0.332733011923	0.656308636836	6	770	1	
45	0	187	step_1_no_load	1	2	1	353	
45	0	187	step_2_no_load	3	4	0.498596507669	0.443962917772	3	878	1	
45	0	188	step_1_no_load	1	2	1	293	
45	0	188	step_2_no_load	3	4	0.548350535247	0.471319680586	4	408	0	
45	0	189	step_1_no_load	1	2	1	215	
45	0	189	step_2_no_load	3	4	0.534753756004	0.448897869069	4	580	1	
45	0	190	step_1_no_load	1	2	1	394	
45	0	190	step_2_no_load	3	4	0.505820429042	0.433568856946	4	531	1	
45	0	191	step_1_no_load	1	2	1	516	
45	0	191	step_2_no_load	5	6	0.318839908867	0.664271461991	5	1073	1	
45	0	192	step_1_no_load	1	2	1	248	
45	0	192	step_2_no_load	3	4	0.493851022417	0.450791310283	4	1003	1	
45	0	193	step_1_no_load	1	2	1	333	
45	0	193	step_2_no_load	3	4	0.504944704439	0.440813209638	4	535	1	
45	0	194	step_1_no_load	1	2	1	236	
45	0	194	step_2_no_load	3	4	0.505359594715	0.433250459893	3	563	0	
45	0	195	step_1_no_load	1	2	2	858	
45	0	195	step_2_no_load	5	6	0.348571348505	0.646280688878	5	824	1	
45	0	196	step_1_no_load	1	2	2	251	
45	0	196	step_2_no_load	5	6	0.365373286058	0.695101215304	5	562	0	
45	0	197	step_1_no_load	1	2	2	385	
45	0	197	step_2_no_load	3	4	0.47786945426	0.422511153127	3	993	0	
45	0	198	step_1_no_load	1	2	2	320	
45	0	198	step_2_no_load	3	4	0.485065498391	0.397292432346	4	1271	0	
45	0	199	step_1_no_load	1	2	2	530	
45	0	199	step_2_no_load	5	6	0.292861528884	0.73697129762	6	595	0	
45	0	200	step_1_no_load	1	2	2	544	
45	0	200	step_2_no_load	3	4	0.507902534353	0.372436949782	3	1042	1	

Fri Apr  7 14:49:40 2017
