Wed Apr 19 11:50:50 2017	
47	0	1	step_1_no_load	1	2	1	1107	
47	0	1	step_2_no_load	3	4	0.457620150462	0.594299910136	3	652	1	
47	0	2	step_1_no_load	1	2	1	288	
47	0	2	step_2_no_load	5	6	0.580156942153	0.533203491871	5	553	0	
47	0	3	step_1_no_load	1	2	1	226	
47	0	3	step_2_no_load	5	6	0.584197065669	0.516002945397	5	221	0	
47	0	4	step_1_no_load	1	2	1	600	
47	0	4	step_2_no_load	3	4	0.478607661228	0.564086293706	3	600	1	
47	0	5	step_1_no_load	1	2	2	489	
47	0	5	step_2_no_load	5	6	0.623810210114	0.543908521457	6	593	1	
47	0	6	step_1_no_load	1	2	1	642	
47	0	6	step_2_no_load	3	4	0.506877622204	0.603642866427	3	266	0	
47	0	7	step_1_no_load	1	2	1	537	
47	0	7	step_2_no_load	5	6	0.568656746487	0.506408070053	6	673	0	
47	0	8	step_1_no_load	1	2	2	445	
47	0	8	step_2_no_load	5	6	0.59128639594	0.499203529332	6	396	0	
47	0	9	step_1_no_load	1	2	1	386	
47	0	9	step_2_no_load	3	4	0.496546708465	0.641106877158	4	451	1	
47	0	10	step_1_no_load	1	2	2	562	
47	0	10	step_2_no_load	3	4	0.482364178155	0.636063269715	3	435	1	
47	0	11	step_1_no_load	1	2	1	624	
47	0	11	step_2_no_load	3	4	0.477013315682	0.609191465743	4	314	0	
47	0	12	step_1_no_load	1	2	1	438	
47	0	12	step_2_no_load	3	4	0.48457206759	0.552770607849	3	259	0	
47	0	13	step_1_no_load	1	2	2	566	
47	0	13	step_2_no_load	5	6	0.653587098421	0.595790490356	5	233	1	
47	0	14	step_1_no_load	1	2	1	483	
47	0	14	step_2_no_load	3	4	0.491234392147	0.545555696267	4	549	1	
47	0	15	step_1_no_load	1	2	2	475	
47	0	15	step_2_no_load	5	6	0.612260006668	0.633564630036	5	398	1	
47	0	16	step_1_no_load	1	2	2	527	
47	0	16	step_2_no_load	5	6	0.628091198119	0.626326396372	5	295	1	
47	0	17	step_1_no_load	1	2	2	671	
47	0	17	step_2_no_load	5	6	0.633350170016	0.643116883134	5	520	1	
47	0	18	step_1_no_load	1	2	2	677	
47	0	18	step_2_no_load	5	6	0.626834332012	0.626895526976	5	470	0	
47	0	19	step_1_no_load	1	2	2	640	
47	0	19	step_2_no_load	3	4	0.498240186199	0.536502319591	3	275	0	
47	0	20	step_1_no_load	1	2	2	264	
47	0	20	step_2_no_load	5	6	0.636521555122	0.60665343963	5	68	0	
47	0	21	step_1_no_load	1	2	2	251	
47	0	21	step_2_no_load	5	6	0.630305464549	0.611328949295	6	529	0	
47	0	22	step_1_no_load	1	2	2	533	
47	0	22	step_2_no_load	5	6	0.621949894727	0.618527126547	6	352	0	
47	0	23	step_1_no_load	1	2	1	475	
47	0	23	step_2_no_load	3	4	0.520606588181	0.513759772011	3	350	0	
47	0	24	step_1_no_load	1	2	1	420	
47	0	24	step_2_no_load	5	6	0.582115115688	0.5800912085	6	372	0	
47	0	25	step_1_no_load	1	2	2	313	
47	0	25	step_2_no_load	5	6	0.565698722896	0.629917901014	5	328	1	
47	0	26	step_1_no_load	1	2	2	433	
47	0	26	step_2_no_load	5	6	0.592410219737	0.640635035276	5	281	0	
47	0	27	step_1_no_load	1	2	2	419	
47	0	27	step_2_no_load	5	6	0.57860777711	0.642144756622	6	239	1	
47	0	28	step_1_no_load	1	2	1	594	
47	0	28	step_2_no_load	3	4	0.520177259699	0.553259388875	3	534	1	
47	0	29	step_1_no_load	1	2	1	478	
47	0	29	step_2_no_load	3	4	0.521159009103	0.561957580386	3	342	1	
47	0	30	step_1_no_load	1	2	1	666	
47	0	30	step_2_no_load	3	4	0.4919199548	0.574272497114	3	634	1	
47	0	31	step_1_no_load	1	2	2	1200	
47	0	31	step_2_no_load	3	4	0.483156722265	0.541819886458	4	600	1	
47	0	32	step_1_no_load	1	2	1	996	
47	0	32	step_2_no_load	5	6	0.634585171267	0.605616211083	5	566	1	
47	0	33	step_1_no_load	1	2	2	834	
47	0	33	step_2_no_load	5	6	0.611700032906	0.618000238621	6	747	1	
47	0	34	step_1_no_load	1	2	1	905	
47	0	34	step_2_no_load	3	4	0.454565258478	0.538523758058	3	498	0	
47	0	35	step_1_no_load	1	2	1	601	
47	0	35	step_2_no_load	5	6	0.566827313385	0.649776015006	5	523	0	
47	0	36	step_1_no_load	1	2	2	714	
47	0	36	step_2_no_load	5	6	0.527635087561	0.661229326326	6	582	1	
47	0	37	step_1_no_load	1	2	1	1103	
47	0	37	step_2_no_load	3	4	0.543074626387	0.598446394142	3	549	1	
47	0	38	step_1_no_load	1	2	2	788	
47	0	38	step_2_no_load	5	6	0.539078491643	0.651263699161	6	574	1	
47	0	39	step_1_no_load	1	2	2	740	
47	0	39	step_2_no_load	5	6	0.557005857101	0.634483337633	6	680	0	
47	0	40	step_1_no_load	1	2	1	655	
47	0	40	step_2_no_load	3	4	0.5691386571	0.607992802154	3	501	0	
47	0	41	step_1_no_load	1	2	1	821	
47	0	41	step_2_no_load	3	4	0.583829055298	0.588857868869	3	523	1	
47	0	42	step_1_no_load	1	2	2	917	
47	0	42	step_2_no_load	5	6	0.533857158543	0.606696263624	6	642	1	
47	0	43	step_1_no_load	1	2	1	743	
47	0	43	step_2_no_load	3	4	0.548128010644	0.612705031264	3	449	0	
47	0	44	step_1_no_load	1	2	2	660	
47	0	44	step_2_no_load	5	6	0.541854396676	0.589653131867	6	532	1	
47	0	45	step_1_no_load	1	2	2	892	
47	0	45	step_2_no_load	3	4	0.5288039409	0.632991467829	4	597	1	
47	0	46	step_1_no_load	1	2	2	905	
47	0	46	step_2_no_load	3	4	0.532238720495	0.600964500555	4	602	1	
47	0	47	step_1_no_load	1	2	2	882	
47	0	47	step_2_no_load	3	4	0.493112702321	0.598724660986	4	517	0	
47	0	48	step_1_no_load	1	2	2	661	
47	0	48	step_2_no_load	5	6	0.534690828011	0.657624935632	6	746	1	
47	0	49	step_1_no_load	1	2	1	1011	
47	0	49	step_2_no_load	3	4	0.489287375157	0.610193185592	3	526	0	
47	0	50	step_1_no_load	1	2	1	757	
47	0	50	step_2_no_load	5	6	0.481616544184	0.593458480934	5	828	0	
47	0	51	step_1_no_load	1	2	2	683	
47	0	51	step_2_no_load	5	6	0.508197321577	0.613357430892	6	591	1	
47	0	52	step_1_no_load	1	2	2	708	
47	0	52	step_2_no_load	5	6	0.513589895419	0.613408921915	6	582	1	
47	0	53	step_1_no_load	1	2	2	683	
47	0	53	step_2_no_load	5	6	0.475342927439	0.630956764252	6	513	1	
47	0	54	step_1_no_load	1	2	1	557	
47	0	54	step_2_no_load	3	4	0.491512498697	0.570223904064	3	432	1	
47	0	55	step_1_no_load	1	2	2	877	
47	0	55	step_2_no_load	5	6	0.526704292526	0.639840796975	6	542	1	
47	0	56	step_1_no_load	1	2	1	739	
47	0	56	step_2_no_load	3	4	0.459773408493	0.601856598146	3	474	1	
47	0	57	step_1_no_load	1	2	1	695	
47	0	57	step_2_no_load	3	4	0.466449077359	0.641849303307	3	446	1	
47	0	58	step_1_no_load	1	2	1	665	
47	0	58	step_2_no_load	5	6	0.528376440027	0.610896130115	6	725	1	
47	0	59	step_1_no_load	1	2	2	906	
47	0	59	step_2_no_load	3	4	0.480274332693	0.632500293208	3	693	1	
47	0	60	step_1_no_load	1	2	2	911	
47	0	60	step_2_no_load	5	6	0.479287247283	0.599559577859	5	884	0	
47	0	61	step_1_no_load	1	2	1	516	
47	0	61	step_2_no_load	5	6	0.527144452559	0.602879526975	5	668	0	
47	0	62	step_1_no_load	1	2	2	473	
47	0	62	step_2_no_load	3	4	0.50724109756	0.691137204746	4	583	0	
47	0	63	step_1_no_load	1	2	2	464	
47	0	63	step_2_no_load	5	6	0.519445130796	0.642623127313	6	563	0	
47	0	64	step_1_no_load	1	2	1	465	
47	0	64	step_2_no_load	5	6	0.533849886794	0.626149195169	5	641	1	
47	0	65	step_1_no_load	1	2	1	559	
47	0	65	step_2_no_load	3	4	0.569109504048	0.612660225018	3	385	0	
47	0	66	step_1_no_load	1	2	2	429	
47	0	66	step_2_no_load	3	4	0.573761869714	0.606938648072	4	589	1	
47	0	67	step_1_no_load	1	2	2	791	
47	0	67	step_2_no_load	5	6	0.538279387614	0.674463681351	6	565	1	
47	0	68	step_1_no_load	1	2	2	739	
47	0	68	step_2_no_load	5	6	0.523301545299	0.719455209845	6	508	1	
47	0	69	step_1_no_load	1	2	2	773	
47	0	69	step_2_no_load	5	6	0.560462111264	0.718756538957	5	589	1	
47	0	70	step_1_no_load	1	2	2	665	
47	0	70	step_2_no_load	3	4	0.498834901463	0.637556284465	4	680	1	
47	0	71	step_1_no_load	1	2	2	753	
47	0	71	step_2_no_load	5	6	0.546215110045	0.706816191949	5	486	0	
47	0	72	step_1_no_load	1	2	1	353	
47	0	72	step_2_no_load	3	4	0.47409116389	0.626024641967	3	339	0	
47	0	73	step_1_no_load	1	2	2	439	
47	0	73	step_2_no_load	3	4	0.435957313805	0.657126403029	4	484	0	
47	0	74	step_1_no_load	1	2	1	434	
47	0	74	step_2_no_load	3	4	0.453420386428	0.614462146454	3	544	0	
47	0	75	step_1_no_load	1	2	1	252	
47	0	75	step_2_no_load	3	4	0.44832280175	0.615552849174	3	383	1	
47	0	76	step_1_no_load	1	2	2	532	
47	0	76	step_2_no_load	3	4	0.488583631821	0.62770291155	4	482	1	
47	0	77	step_1_no_load	1	2	2	635	
47	0	77	step_2_no_load	3	4	0.446809557226	0.564257587118	4	563	0	
47	0	78	step_1_no_load	1	2	2	270	
47	0	78	step_2_no_load	5	6	0.538654072849	0.647586191228	5	727	1	
47	0	79	step_1_no_load	1	2	2	712	
47	0	79	step_2_no_load	3	4	0.389124152368	0.513695512795	4	637	1	
47	0	80	step_1_no_load	1	2	1	1021	
47	0	80	step_2_no_load	5	6	0.49921021142	0.703969305517	5	762	0	
47	0	81	step_1_no_load	1	2	2	361	
47	0	81	step_2_no_load	5	6	0.494116554432	0.702400933084	5	896	1	
47	0	82	step_1_no_load	1	2	2	566	
47	0	82	step_2_no_load	5	6	0.482727017837	0.688340116885	5	1268	1	
47	0	83	step_1_no_load	1	2	1	560	
47	0	83	step_2_no_load	3	4	0.382772464038	0.607907985871	3	1244	0	
47	0	84	step_1_no_load	1	2	1	350	
47	0	84	step_2_no_load	3	4	0.385087938645	0.65843840156	3	599	1	
47	0	85	step_1_no_load	1	2	2	487	
47	0	85	step_2_no_load	5	6	0.485785534744	0.712989604416	6	507	1	
47	0	86	step_1_no_load	1	2	1	570	
47	0	86	step_2_no_load	3	4	0.345323068124	0.691782850001	3	623	1	
47	0	87	step_1_no_load	1	2	2	503	
47	0	87	step_2_no_load	3	4	0.40000499778	0.719375344246	3	937	1	
47	0	88	step_1_no_load	1	2	2	510	
47	0	88	step_2_no_load	5	6	0.509563243675	0.696773608304	6	524	1	
47	0	89	step_1_no_load	1	2	1	619	
47	0	89	step_2_no_load	5	6	0.490019385174	0.660112261017	6	781	1	
47	0	90	step_1_no_load	1	2	2	715	
47	0	90	step_2_no_load	3	4	0.411459496853	0.712247848046	4	1041	1	
47	0	91	step_1_no_load	1	2	1	842	
47	0	91	step_2_no_load	3	4	0.43534164751	0.685023809334	3	410	0	
47	0	92	step_1_no_load	1	2	1	398	
47	0	92	step_2_no_load	3	4	0.444368850664	0.692406274724	3	563	1	
47	0	93	step_1_no_load	1	2	1	414	
47	0	93	step_2_no_load	3	4	0.439878153082	0.70415710998	3	716	0	
47	0	94	step_1_no_load	1	2	1	276	
47	0	94	step_2_no_load	3	4	0.429211756872	0.719464414227	3	674	1	
47	0	95	step_1_no_load	1	2	2	805	
47	0	95	step_2_no_load	5	6	0.42505578884	0.640209855442	6	1113	1	
47	0	96	step_1_no_load	1	2	2	546	
47	0	96	step_2_no_load	5	6	0.437558890646	0.663095813561	5	937	0	
47	0	97	step_1_no_load	1	2	2	256	
47	0	97	step_2_no_load	5	6	0.455601814112	0.651202057411	6	652	1	
47	0	98	step_1_no_load	1	2	1	548	
47	0	98	step_2_no_load	5	6	0.431479829356	0.646040060297	5	1148	1	
47	0	99	step_1_no_load	1	2	2	555	
47	0	99	step_2_no_load	5	6	0.375249961522	0.645191748454	5	512	0	
47	0	100	step_1_no_load	1	2	2	375	
47	0	100	step_2_no_load	5	6	0.363162156005	0.66579920021	6	471	1	
47	0	101	step_1_no_load	1	2	1	721	
47	0	101	step_2_no_load	3	4	0.497432607584	0.623812401974	3	605	1	
47	0	102	step_1_no_load	1	2	1	690	
47	0	102	step_2_no_load	5	6	0.326080462175	0.663124617603	5	564	0	
47	0	103	step_1_no_load	1	2	2	409	
47	0	103	step_2_no_load	5	6	0.322834495838	0.69058998368	6	443	1	
47	0	104	step_1_no_load	1	2	2	475	
47	0	104	step_2_no_load	5	6	0.303696146503	0.743372642809	6	935	0	
47	0	105	step_1_no_load	1	2	2	340	
47	0	105	step_2_no_load	3	4	0.514318365187	0.689135357059	4	474	1	
47	0	106	step_1_no_load	1	2	1	450	
47	0	106	step_2_no_load	3	4	0.508908032404	0.712883638252	3	510	1	
47	0	107	step_1_no_load	1	2	2	573	
47	0	107	step_2_no_load	3	4	0.565220528809	0.692607431435	3	664	1	
47	0	108	step_1_no_load	1	2	1	542	
47	0	108	step_2_no_load	3	4	0.526955028982	0.695928523711	4	931	1	
47	0	109	step_1_no_load	1	2	2	720	
47	0	109	step_2_no_load	3	4	0.479977531501	0.71632547018	4	437	0	
47	0	110	step_1_no_load	1	2	2	309	
47	0	110	step_2_no_load	5	6	0.395544455384	0.65455226558	6	577	0	
47	0	111	step_1_no_load	1	2	2	761	
47	0	111	step_2_no_load	5	6	0.407158158569	0.634599547742	6	649	1	
47	0	112	step_1_no_load	1	2	1	667	
47	0	112	step_2_no_load	3	4	0.392887565883	0.725701866094	3	830	1	
47	0	113	step_1_no_load	1	2	1	596	
47	0	113	step_2_no_load	3	4	0.370697120277	0.719324307956	3	888	0	
47	0	114	step_1_no_load	1	2	1	379	
47	0	114	step_2_no_load	3	4	0.380324086676	0.718213323791	4	712	0	
47	0	115	step_1_no_load	1	2	2	502	
47	0	115	step_2_no_load	5	6	0.357661171116	0.645721217949	6	531	1	
47	0	116	step_1_no_load	1	2	1	646	
47	0	116	step_2_no_load	3	4	0.378149844807	0.706736514943	3	1062	0	
47	0	117	step_1_no_load	1	2	1	431	
47	0	117	step_2_no_load	3	4	0.374621793791	0.747012267642	4	572	1	
47	0	118	step_1_no_load	1	2	1	552	
47	0	118	step_2_no_load	3	4	0.357645851833	0.740051715856	4	990	1	
47	0	119	step_1_no_load	1	2	1	449	
47	0	119	step_2_no_load	5	6	0.358243439099	0.661177321751	5	867	0	
47	0	120	step_1_no_load	1	2	1	340	
47	0	120	step_2_no_load	5	6	0.333809617664	0.666433355915	6	886	1	
47	0	121	step_1_no_load	1	2	1	360	
47	0	121	step_2_no_load	3	4	0.352721767208	0.658856304095	3	399	0	
47	0	122	step_1_no_load	1	2	1	323	
47	0	122	step_2_no_load	5	6	0.266650857402	0.672193618854	5	813	0	
47	0	123	step_1_no_load	1	2	1	293	
47	0	123	step_2_no_load	3	4	0.337526896345	0.583607229978	4	547	0	
47	0	124	step_1_no_load	1	2	2	267	
47	0	124	step_2_no_load	5	6	0.26095206597	0.624161788269	6	439	0	
47	0	125	step_1_no_load	1	2	2	245	
47	0	125	step_2_no_load	5	6	0.290374841566	0.633566302563	5	545	1	
47	0	126	step_1_no_load	1	2	1	660	
47	0	126	step_2_no_load	5	6	0.267206368684	0.600985760967	6	488	0	
47	0	127	step_1_no_load	1	2	1	292	
47	0	127	step_2_no_load	3	4	0.274944938508	0.560824094575	3	544	0	
47	0	128	step_1_no_load	1	2	1	407	
47	0	128	step_2_no_load	3	4	0.250790232267	0.636905534066	4	386	1	
47	0	129	step_1_no_load	1	2	1	836	
47	0	129	step_2_no_load	5	6	0.268213321963	0.632682846317	5	1107	0	
47	0	130	step_1_no_load	1	2	2	328	
47	0	130	step_2_no_load	3	4	0.274560758494	0.682031489739	3	972	0	
47	0	131	step_1_no_load	1	2	2	243	
47	0	131	step_2_no_load	5	6	0.281500842289	0.638450601212	6	510	1	
47	0	132	step_1_no_load	1	2	2	556	
47	0	132	step_2_no_load	5	6	0.27986961048	0.660013924697	6	436	0	
47	0	133	step_1_no_load	1	2	2	317	
47	0	133	step_2_no_load	5	6	0.315608831386	0.691649444281	6	442	1	
47	0	134	step_1_no_load	1	2	2	435	
47	0	134	step_2_no_load	3	4	0.302839427162	0.621945110858	3	528	1	
47	0	135	step_1_no_load	1	2	1	493	
47	0	135	step_2_no_load	3	4	0.287118934166	0.593710006149	4	585	0	
47	0	136	step_1_no_load	1	2	2	385	
47	0	136	step_2_no_load	3	4	0.284521085726	0.597814413435	4	378	1	
47	0	137	step_1_no_load	1	2	1	416	
47	0	137	step_2_no_load	3	4	0.325016613024	0.605896884497	4	589	1	
47	0	138	step_1_no_load	1	2	2	593	
47	0	138	step_2_no_load	5	6	0.366701525561	0.688182193337	6	701	1	
47	0	139	step_1_no_load	1	2	1	372	
47	0	139	step_2_no_load	3	4	0.323660750961	0.636630981281	4	654	0	
47	0	140	step_1_no_load	1	2	1	319	
47	0	140	step_2_no_load	3	4	0.328174526491	0.671213945178	4	372	0	
47	0	141	step_1_no_load	1	2	1	265	
47	0	141	step_2_no_load	3	4	0.311809871418	0.711987889705	4	405	1	
47	0	142	step_1_no_load	1	2	1	476	
47	0	142	step_2_no_load	3	4	0.304203281606	0.690276058009	4	874	1	
47	0	143	step_1_no_load	1	2	1	246	
47	0	143	step_2_no_load	3	4	0.313516825296	0.661365099615	4	553	1	
47	0	144	step_1_no_load	1	2	1	264	
47	0	144	step_2_no_load	3	4	0.275932517017	0.626443722248	4	536	1	
47	0	145	step_1_no_load	1	2	1	258	
47	0	145	step_2_no_load	3	4	0.266265924094	0.6669125229	4	637	1	
47	0	146	step_1_no_load	1	2	1	276	
47	0	146	step_2_no_load	3	4	0.257861956214	0.681611991725	4	522	1	
47	0	147	step_1_no_load	1	2	1	387	
47	0	147	step_2_no_load	5	6	0.352879785946	0.594861186319	6	894	1	
47	0	148	step_1_no_load	1	2	1	212	
47	0	148	step_2_no_load	3	4	0.305288021243	0.619272702026	4	466	0	
47	0	149	step_1_no_load	1	2	1	212	
47	0	149	step_2_no_load	5	6	0.300290206122	0.623203869836	6	427	0	
47	0	150	step_1_no_load	1	2	2	162	
47	0	150	step_2_no_load	3	4	0.305587692243	0.575985663078	4	523	1	
47	0	151	step_1_no_load	1	2	1	287	
47	0	151	step_2_no_load	3	4	0.348172164421	0.59154759351	3	807	1	
47	0	152	step_1_no_load	1	2	2	407	
47	0	152	step_2_no_load	3	4	0.307702500543	0.595108765344	4	1166	0	
47	0	153	step_1_no_load	1	2	2	248	
47	0	153	step_2_no_load	5	6	0.343622632154	0.681559292085	6	378	1	
47	0	154	step_1_no_load	1	2	1	323	
47	0	154	step_2_no_load	5	6	0.348349389262	0.671672162443	5	894	1	
47	0	155	step_1_no_load	1	2	1	337	
47	0	155	step_2_no_load	5	6	0.372188990474	0.716100930629	5	660	1	
47	0	156	step_1_no_load	1	2	1	314	
47	0	156	step_2_no_load	3	4	0.32564867104	0.631048201903	4	1018	1	
47	0	157	step_1_no_load	1	2	1	292	
47	0	157	step_2_no_load	3	4	0.350909357271	0.585191807512	4	488	0	
47	0	158	step_1_no_load	1	2	1	200	
47	0	158	step_2_no_load	5	6	0.334595868098	0.694270715354	6	452	1	
47	0	159	step_1_no_load	1	2	1	216	
47	0	159	step_2_no_load	3	4	0.413026375257	0.541222065796	4	534	0	
47	0	160	step_1_no_load	1	2	1	267	
47	0	160	step_2_no_load	5	6	0.355992626298	0.710728171711	5	395	0	
47	0	161	step_1_no_load	1	2	2	231	
47	0	161	step_2_no_load	3	4	0.407025633682	0.516036498158	3	460	1	
47	0	162	step_1_no_load	1	2	1	398	
47	0	162	step_2_no_load	3	4	0.3926701003	0.566496468084	3	535	1	
47	0	163	step_1_no_load	1	2	1	243	
47	0	163	step_2_no_load	5	6	0.430920885959	0.697095951435	5	765	1	
47	0	164	step_1_no_load	1	2	1	274	
47	0	164	step_2_no_load	3	4	0.432761720497	0.585961845322	3	498	0	
47	0	165	step_1_no_load	1	2	1	51	
47	0	165	step_2_no_load	3	4	0.463777557969	0.538026607649	3	485	0	
47	0	166	step_1_no_load	1	2	1	166	
47	0	166	step_2_no_load	3	4	0.422282731054	0.549095060025	4	445	1	
47	0	167	step_1_no_load	1	2	1	172	
47	0	167	step_2_no_load	3	4	0.38753671275	0.585131062446	4	454	0	
47	0	168	step_1_no_load	1	2	2	168	
47	0	168	step_2_no_load	3	4	0.400817642375	0.613361520676	4	406	0	
47	0	169	step_1_no_load	1	2	2	230	
47	0	169	step_2_no_load	3	4	0.42098542374	0.586049140041	4	936	1	
47	0	170	step_1_no_load	1	2	1	369	
47	0	170	step_2_no_load	3	4	0.411067820436	0.57151385403	4	635	0	
47	0	171	step_1_no_load	1	2	1	277	
47	0	171	step_2_no_load	5	6	0.425122034074	0.727248140829	6	216	1	
47	0	172	step_1_no_load	1	2	1	568	
47	0	172	step_2_no_load	5	6	0.490120307546	0.668669556875	6	677	1	
47	0	173	step_1_no_load	1	2	2	484	
47	0	173	step_2_no_load	5	6	0.462866379815	0.667027212577	6	432	1	
47	0	174	step_1_no_load	1	2	1	305	
47	0	174	step_2_no_load	5	6	0.46236234172	0.729877433725	5	753	0	
47	0	175	step_1_no_load	1	2	2	468	
47	0	175	step_2_no_load	3	4	0.426185553904	0.52644949356	3	568	0	
47	0	176	step_1_no_load	1	2	2	22	
47	0	176	step_2_no_load	5	6	0.500856457218	0.679250000396	6	972	1	
47	0	177	step_1_no_load	1	2	2	328	
47	0	177	step_2_no_load	5	6	0.4798184927	0.714070205704	5	964	1	
47	0	178	step_1_no_load	1	2	2	794	
47	0	178	step_2_no_load	5	6	0.49020858644	0.705993797498	6	963	1	
47	0	179	step_1_no_load	1	2	2	374	
47	0	179	step_2_no_load	5	6	0.493565996034	0.709345707515	6	652	1	
47	0	180	step_1_no_load	1	2	1	420	
47	0	180	step_2_no_load	3	4	0.341214611607	0.482853857291	4	488	1	
47	0	181	step_1_no_load	1	2	1	287	
47	0	181	step_2_no_load	3	4	0.342402764747	0.508735114046	4	546	1	
47	0	182	step_1_no_load	1	2	2	839	
47	0	182	step_2_no_load	5	6	0.49907747228	0.72717560423	6	1128	1	
47	0	183	step_1_no_load	1	2	2	456	
47	0	183	step_2_no_load	5	6	0.492742497507	0.720388040749	5	622	0	
47	0	184	step_1_no_load	1	2	1	199	
47	0	184	step_2_no_load	5	6	0.480863422096	0.657291439324	5	680	0	
47	0	185	step_1_no_load	1	2	1	318	
47	0	185	step_2_no_load	3	4	0.362611152222	0.479703516092	4	418	1	
47	0	186	step_1_no_load	1	2	1	382	
47	0	186	step_2_no_load	5	6	0.484672582719	0.656308636836	5	928	1	
47	0	187	step_1_no_load	1	2	1	301	
47	0	187	step_2_no_load	3	4	0.328890769988	0.443962917772	3	869	1	
47	0	188	step_1_no_load	1	2	1	303	
47	0	188	step_2_no_load	3	4	0.291508050861	0.471319680586	3	578	1	
47	0	189	step_1_no_load	1	2	1	282	
47	0	189	step_2_no_load	3	4	0.285168135955	0.448897869069	3	470	1	
47	0	190	step_1_no_load	1	2	1	298	
47	0	190	step_2_no_load	3	4	0.304557739386	0.433568856946	3	528	0	
47	0	191	step_1_no_load	1	2	1	242	
47	0	191	step_2_no_load	3	4	0.318839908867	0.435748387321	3	740	0	
47	0	192	step_1_no_load	1	2	1	182	
47	0	192	step_2_no_load	3	4	0.299297135717	0.450791310283	4	335	1	
47	0	193	step_1_no_load	1	2	1	337	
47	0	193	step_2_no_load	3	4	0.321008037746	0.440813209638	4	475	1	
47	0	194	step_1_no_load	1	2	1	283	
47	0	194	step_2_no_load	3	4	0.342437174514	0.433250459893	4	436	1	
47	0	195	step_1_no_load	1	2	1	246	
47	0	195	step_2_no_load	3	4	0.348571348505	0.466795336969	4	529	0	
47	0	196	step_1_no_load	1	2	2	385	
47	0	196	step_2_no_load	5	6	0.496717662777	0.695101215304	6	589	0	
47	0	197	step_1_no_load	1	2	2	237	
47	0	197	step_2_no_load	5	6	0.47786945426	0.686552522522	5	935	0	
47	0	198	step_1_no_load	1	2	1	312	
47	0	198	step_2_no_load	3	4	0.303352625941	0.397292432346	4	396	0	
47	0	199	step_1_no_load	1	2	2	187	
47	0	199	step_2_no_load	3	4	0.292861528884	0.39793773834	4	472	1	
47	0	200	step_1_no_load	1	2	1	413	
47	0	200	step_2_no_load	3	4	0.299128796668	0.372436949782	4	669	0	

Wed Apr 19 12:08:30 2017
