Tue Apr 25 17:41:39 2017	
49	0	1	step_1_no_load	1	2	1	1027	
49	0	1	step_2_no_load	3	4	0.594299910136	0.511789129507	3	386	1	
49	0	2	step_1_no_load	1	2	1	363	
49	0	2	step_2_no_load	3	4	0.610961032466	0.533203491871	3	263	0	
49	0	3	step_1_no_load	1	2	1	461	
49	0	3	step_2_no_load	3	4	0.589215227351	0.516002945397	3	214	0	
49	0	4	step_1_no_load	1	2	1	324	
49	0	4	step_2_no_load	3	4	0.564086293706	0.494597764192	4	310	1	
49	0	5	step_1_no_load	1	2	1	309	
49	0	5	step_2_no_load	5	6	0.623810210114	0.495568760483	6	247	1	
49	0	6	step_1_no_load	1	2	1	265	
49	0	6	step_2_no_load	3	4	0.603642866427	0.490454120702	4	194	0	
49	0	7	step_1_no_load	1	2	2	273	
49	0	7	step_2_no_load	5	6	0.568656746487	0.500071913476	6	209	0	
49	0	8	step_1_no_load	1	2	2	285	
49	0	8	step_2_no_load	3	4	0.624210374623	0.499203529332	4	191	0	
49	0	9	step_1_no_load	1	2	1	237	
49	0	9	step_2_no_load	3	4	0.641106877158	0.54429228266	3	449	0	
49	0	10	step_1_no_load	1	2	1	252	
49	0	10	step_2_no_load	3	4	0.636063269715	0.576063520885	3	403	1	
49	0	11	step_1_no_load	1	2	1	381	
49	0	11	step_2_no_load	3	4	0.609191465743	0.59022801242	3	422	1	
49	0	12	step_1_no_load	1	2	1	229	
49	0	12	step_2_no_load	3	4	0.552770607849	0.597131918027	3	235	1	
49	0	13	step_1_no_load	1	2	1	232	
49	0	13	step_2_no_load	5	6	0.653587098421	0.52012981853	5	221	1	
49	0	14	step_1_no_load	1	2	1	346	
49	0	14	step_2_no_load	3	4	0.545555696267	0.611256675753	3	547	1	
49	0	15	step_1_no_load	1	2	1	236	
49	0	15	step_2_no_load	5	6	0.612260006668	0.505377237737	6	606	0	
49	0	16	step_1_no_load	1	2	1	91	
49	0	16	step_2_no_load	5	6	0.628091198119	0.510958036527	5	470	1	
49	0	17	step_1_no_load	1	2	2	414	
49	0	17	step_2_no_load	5	6	0.633350170016	0.535958400205	5	314	0	
49	0	18	step_1_no_load	1	2	1	462	
49	0	18	step_2_no_load	5	6	0.626834332012	0.517514133912	5	515	0	
49	0	19	step_1_no_load	1	2	1	280	
49	0	19	step_2_no_load	3	4	0.536502319591	0.644773170243	3	367	1	
49	0	20	step_1_no_load	1	2	1	236	
49	0	20	step_2_no_load	3	4	0.491720931314	0.60665343963	3	409	1	
49	0	21	step_1_no_load	1	2	1	250	
49	0	21	step_2_no_load	3	4	0.470207377245	0.611328949295	3	507	0	
49	0	22	step_1_no_load	1	2	1	292	
49	0	22	step_2_no_load	5	6	0.621949894727	0.506100011497	5	261	0	
49	0	23	step_1_no_load	1	2	1	241	
49	0	23	step_2_no_load	3	4	0.513759772011	0.604065470975	3	335	1	
49	0	24	step_1_no_load	1	2	1	831	
49	0	24	step_2_no_load	5	6	0.582115115688	0.505388876622	6	760	1	
49	0	25	step_1_no_load	1	2	1	234	
49	0	25	step_2_no_load	3	4	0.503605105412	0.629917901014	3	174	0	
49	0	26	step_1_no_load	1	2	1	249	
49	0	26	step_2_no_load	5	6	0.592410219737	0.511744353778	6	327	1	
49	0	27	step_1_no_load	1	2	2	220	
49	0	27	step_2_no_load	5	6	0.57860777711	0.507272671939	6	253	1	
49	0	28	step_1_no_load	1	2	2	221	
49	0	28	step_2_no_load	3	4	0.553259388875	0.647441527317	4	256	1	
49	0	29	step_1_no_load	1	2	2	269	
49	0	29	step_2_no_load	5	6	0.606613029227	0.521159009103	6	303	1	
49	0	30	step_1_no_load	1	2	2	232	
49	0	30	step_2_no_load	3	4	0.574272497114	0.610227092493	4	451	0	
49	0	31	step_1_no_load	1	2	2	247	
49	0	31	step_2_no_load	3	4	0.541819886458	0.606122691795	3	638	1	
49	0	32	step_1_no_load	1	2	2	172	
49	0	32	step_2_no_load	5	6	0.634585171267	0.520318771114	5	315	1	
49	0	33	step_1_no_load	1	2	2	304	
49	0	33	step_2_no_load	5	6	0.611700032906	0.487664344039	6	454	0	
49	0	34	step_1_no_load	1	2	1	227	
49	0	34	step_2_no_load	5	6	0.575802910074	0.454565258478	5	507	0	
49	0	35	step_1_no_load	1	2	1	155	
49	0	35	step_2_no_load	5	6	0.566827313385	0.491437207585	5	458	1	
49	0	36	step_1_no_load	1	2	1	404	
49	0	36	step_2_no_load	3	4	0.611274573488	0.661229326326	3	786	0	
49	0	37	step_1_no_load	1	2	1	491	
49	0	37	step_2_no_load	5	6	0.513822304161	0.543074626387	5	553	0	
49	0	38	step_1_no_load	1	2	2	253	
49	0	38	step_2_no_load	5	6	0.539078491643	0.553931241266	6	359	1	
49	0	39	step_1_no_load	1	2	2	290	
49	0	39	step_2_no_load	5	6	0.557005857101	0.578640235206	6	348	1	
49	0	40	step_1_no_load	1	2	2	209	
49	0	40	step_2_no_load	5	6	0.580760785074	0.5691386571	6	358	0	
49	0	41	step_1_no_load	1	2	1	227	
49	0	41	step_2_no_load	3	4	0.588857868869	0.633285941184	3	270	1	
49	0	42	step_1_no_load	1	2	1	373	
49	0	42	step_2_no_load	3	4	0.609164606591	0.606696263624	3	405	1	
49	0	43	step_1_no_load	1	2	1	259	
49	0	43	step_2_no_load	3	4	0.612705031264	0.581931546759	3	420	0	
49	0	44	step_1_no_load	1	2	2	280	
49	0	44	step_2_no_load	5	6	0.541854396676	0.537842745081	6	621	1	
49	0	45	step_1_no_load	1	2	2	382	
49	0	45	step_2_no_load	3	4	0.632991467829	0.620699591043	4	374	0	
49	0	46	step_1_no_load	1	2	2	249	
49	0	46	step_2_no_load	5	6	0.55511883717	0.532238720495	6	338	1	
49	0	47	step_1_no_load	1	2	2	393	
49	0	47	step_2_no_load	3	4	0.598724660986	0.634373567175	3	576	1	
49	0	48	step_1_no_load	1	2	1	243	
49	0	48	step_2_no_load	3	4	0.615767119776	0.657624935632	3	362	1	
49	0	49	step_1_no_load	1	2	1	302	
49	0	49	step_2_no_load	3	4	0.610193185592	0.614679490594	3	471	1	
49	0	50	step_1_no_load	1	2	1	317	
49	0	50	step_2_no_load	3	4	0.606862017918	0.593458480934	3	409	1	
49	0	51	step_1_no_load	1	2	1	262	
49	0	51	step_2_no_load	3	4	0.564866799699	0.613357430892	3	225	1	
49	0	52	step_1_no_load	1	2	1	377	
49	0	52	step_2_no_load	3	4	0.539065404057	0.613408921915	3	382	1	
49	0	53	step_1_no_load	1	2	1	354	
49	0	53	step_2_no_load	5	6	0.475342927439	0.451905460347	5	291	0	
49	0	54	step_1_no_load	1	2	1	271	
49	0	54	step_2_no_load	3	4	0.570223904064	0.652515308527	3	445	1	
49	0	55	step_1_no_load	1	2	2	632	
49	0	55	step_2_no_load	5	6	0.526704292526	0.487025527704	6	436	1	
49	0	56	step_1_no_load	1	2	1	293	
49	0	56	step_2_no_load	3	4	0.601856598146	0.60038825769	3	418	1	
49	0	57	step_1_no_load	1	2	1	477	
49	0	57	step_2_no_load	3	4	0.641849303307	0.586335094239	3	325	1	
49	0	58	step_1_no_load	1	2	1	247	
49	0	58	step_2_no_load	3	4	0.664682809182	0.610896130115	3	434	1	
49	0	59	step_1_no_load	1	2	1	221	
49	0	59	step_2_no_load	3	4	0.632500293208	0.608951267756	3	300	0	
49	0	60	step_1_no_load	1	2	1	296	
49	0	60	step_2_no_load	3	4	0.623687406259	0.599559577859	3	237	1	
49	0	61	step_1_no_load	1	2	1	249	
49	0	61	step_2_no_load	3	4	0.669587072502	0.602879526975	3	331	1	
49	0	62	step_1_no_load	1	2	1	514	
49	0	62	step_2_no_load	3	4	0.691137204746	0.622820395113	3	338	0	
49	0	63	step_1_no_load	1	2	2	241	
49	0	63	step_2_no_load	3	4	0.664284493458	0.642623127313	3	486	1	
49	0	64	step_1_no_load	1	2	2	330	
49	0	64	step_2_no_load	3	4	0.642369708469	0.626149195169	4	317	1	
49	0	65	step_1_no_load	1	2	1	258	
49	0	65	step_2_no_load	3	4	0.612660225018	0.619953360065	3	392	1	
49	0	66	step_1_no_load	1	2	1	220	
49	0	66	step_2_no_load	3	4	0.606938648072	0.630357351236	3	220	0	
49	0	67	step_1_no_load	1	2	2	215	
49	0	67	step_2_no_load	3	4	0.597650193897	0.674463681351	4	272	0	
49	0	68	step_1_no_load	1	2	1	1070	
49	0	68	step_2_no_load	3	4	0.622963076372	0.719455209845	3	578	1	
49	0	69	step_1_no_load	1	2	1	419	
49	0	69	step_2_no_load	3	4	0.622221685203	0.718756538957	3	326	0	
49	0	70	step_1_no_load	1	2	1	241	
49	0	70	step_2_no_load	3	4	0.637556284465	0.697741832068	4	302	1	
49	0	71	step_1_no_load	1	2	1	248	
49	0	71	step_2_no_load	3	4	0.639174917797	0.706816191949	4	251	1	
49	0	72	step_1_no_load	1	2	1	257	
49	0	72	step_2_no_load	3	4	0.626024641967	0.705884789502	4	231	0	
49	0	73	step_1_no_load	1	2	1	231	
49	0	73	step_2_no_load	3	4	0.657126403029	0.727961155836	4	312	1	
49	0	74	step_1_no_load	1	2	1	339	
49	0	74	step_2_no_load	3	4	0.614462146454	0.693624670847	4	428	1	
49	0	75	step_1_no_load	1	2	1	260	
49	0	75	step_2_no_load	3	4	0.615552849174	0.697629587097	4	285	1	
49	0	76	step_1_no_load	1	2	1	267	
49	0	76	step_2_no_load	5	6	0.518881389358	0.488583631821	5	1052	1	
49	0	77	step_1_no_load	1	2	1	451	
49	0	77	step_2_no_load	3	4	0.564257587118	0.679737625371	4	385	0	
49	0	78	step_1_no_load	1	2	1	238	
49	0	78	step_2_no_load	3	4	0.536711448352	0.647586191228	4	229	1	
49	0	79	step_1_no_load	1	2	1	356	
49	0	79	step_2_no_load	5	6	0.540085062695	0.389124152368	6	380	0	
49	0	80	step_1_no_load	1	2	2	385	
49	0	80	step_2_no_load	5	6	0.49921021142	0.396016175285	5	255	1	
49	0	81	step_1_no_load	1	2	2	246	
49	0	81	step_2_no_load	5	6	0.494116554432	0.419265522488	5	269	0	
49	0	82	step_1_no_load	1	2	1	258	
49	0	82	step_2_no_load	3	4	0.564729328387	0.688340116885	4	341	1	
49	0	83	step_1_no_load	1	2	1	204	
49	0	83	step_2_no_load	3	4	0.607907985871	0.726885136842	4	401	0	
49	0	84	step_1_no_load	1	2	1	236	
49	0	84	step_2_no_load	3	4	0.65843840156	0.731466635793	4	477	1	
49	0	85	step_1_no_load	1	2	1	296	
49	0	85	step_2_no_load	3	4	0.692384972752	0.712989604416	4	257	0	
49	0	86	step_1_no_load	1	2	1	201	
49	0	86	step_2_no_load	3	4	0.691782850001	0.721207648497	4	147	0	
49	0	87	step_1_no_load	1	2	2	207	
49	0	87	step_2_no_load	5	6	0.493867001103	0.40000499778	5	252	1	
49	0	88	step_1_no_load	1	2	2	437	
49	0	88	step_2_no_load	5	6	0.509563243675	0.377947492322	5	459	1	
49	0	89	step_1_no_load	1	2	2	305	
49	0	89	step_2_no_load	3	4	0.690772436485	0.660112261017	3	67	0	
49	0	90	step_1_no_load	1	2	2	127	
49	0	90	step_2_no_load	5	6	0.530126112124	0.411459496853	5	342	0	
49	0	91	step_1_no_load	1	2	2	209	
49	0	91	step_2_no_load	5	6	0.479087223222	0.43534164751	5	253	0	
49	0	92	step_1_no_load	1	2	2	101	
49	0	92	step_2_no_load	5	6	0.484260039873	0.444368850664	6	401	0	
49	0	93	step_1_no_load	1	2	2	235	
49	0	93	step_2_no_load	5	6	0.473273727684	0.439878153082	5	235	0	
49	0	94	step_1_no_load	1	2	1	26	
49	0	94	step_2_no_load	5	6	0.468637558205	0.429211756872	5	1142	1	
49	0	95	step_1_no_load	1	2	1	298	
49	0	95	step_2_no_load	3	4	0.715495469274	0.640209855442	4	811	0	
49	0	96	step_1_no_load	1	2	1	277	
49	0	96	step_2_no_load	3	4	0.693739812506	0.663095813561	4	278	0	
49	0	97	step_1_no_load	1	2	1	216	
49	0	97	step_2_no_load	5	6	0.455601814112	0.392885664353	5	213	0	
49	0	98	step_1_no_load	1	2	1	245	
49	0	98	step_2_no_load	5	6	0.431479829356	0.409778171713	5	409	0	
49	0	99	step_1_no_load	1	2	1	217	
49	0	99	step_2_no_load	5	6	0.375249961522	0.397561363605	6	825	1	
49	0	100	step_1_no_load	1	2	1	328	
49	0	100	step_2_no_load	3	4	0.666227451505	0.66579920021	4	368	0	
49	0	101	step_1_no_load	1	2	2	269	
49	0	101	step_2_no_load	5	6	0.366879421891	0.497432607584	6	310	0	
49	0	102	step_1_no_load	1	2	2	482	
49	0	102	step_2_no_load	3	4	0.666304534392	0.663124617603	4	503	0	
49	0	103	step_1_no_load	1	2	1	228	
49	0	103	step_2_no_load	3	4	0.663997796029	0.69058998368	3	494	1	
49	0	104	step_1_no_load	1	2	1	256	
49	0	104	step_2_no_load	3	4	0.703870701136	0.743372642809	3	244	1	
49	0	105	step_1_no_load	1	2	1	212	
49	0	105	step_2_no_load	3	4	0.689135357059	0.722851301692	3	240	1	
49	0	106	step_1_no_load	1	2	1	322	
49	0	106	step_2_no_load	3	4	0.712883638252	0.699623252899	3	469	0	
49	0	107	step_1_no_load	1	2	1	67	
49	0	107	step_2_no_load	5	6	0.388257337796	0.565220528809	6	562	1	
49	0	108	step_1_no_load	1	2	1	198	
49	0	108	step_2_no_load	3	4	0.695928523711	0.681491063126	3	261	1	
49	0	109	step_1_no_load	1	2	1	405	
49	0	109	step_2_no_load	3	4	0.71632547018	0.68658494263	3	269	1	
49	0	110	step_1_no_load	1	2	1	144	
49	0	110	step_2_no_load	3	4	0.729599891941	0.65455226558	3	402	1	
49	0	111	step_1_no_load	1	2	1	193	
49	0	111	step_2_no_load	3	4	0.724852671171	0.634599547742	3	332	1	
49	0	112	step_1_no_load	1	2	1	207	
49	0	112	step_2_no_load	5	6	0.413393106784	0.392887565883	5	266	0	
49	0	113	step_1_no_load	1	2	1	88	
49	0	113	step_2_no_load	5	6	0.387112818105	0.370697120277	6	396	1	
49	0	114	step_1_no_load	1	2	1	179	
49	0	114	step_2_no_load	3	4	0.718213323791	0.657654904272	3	542	0	
49	0	115	step_1_no_load	1	2	1	142	
49	0	115	step_2_no_load	3	4	0.739704344621	0.645721217949	3	430	1	
49	0	116	step_1_no_load	1	2	1	276	
49	0	116	step_2_no_load	3	4	0.706736514943	0.680124293449	3	436	1	
49	0	117	step_1_no_load	1	2	2	241	
49	0	117	step_2_no_load	5	6	0.363056877927	0.374621793791	6	292	0	
49	0	118	step_1_no_load	1	2	1	279	
49	0	118	step_2_no_load	5	6	0.362977115924	0.357645851833	5	355	0	
49	0	119	step_1_no_load	1	2	1	246	
49	0	119	step_2_no_load	3	4	0.690424535099	0.661177321751	3	642	0	
49	0	120	step_1_no_load	1	2	1	260	
49	0	120	step_2_no_load	3	4	0.70587238626	0.666433355915	3	370	1	
49	0	121	step_1_no_load	1	2	1	202	
49	0	121	step_2_no_load	3	4	0.658856304095	0.671052306195	3	258	0	
49	0	122	step_1_no_load	1	2	1	360	
49	0	122	step_2_no_load	3	4	0.6136886145	0.672193618854	3	254	1	
49	0	123	step_1_no_load	1	2	1	198	
49	0	123	step_2_no_load	3	4	0.583607229978	0.664849878232	3	287	0	
49	0	124	step_1_no_load	1	2	2	181	
49	0	124	step_2_no_load	5	6	0.26095206597	0.309430836661	6	327	0	
49	0	125	step_1_no_load	1	2	1	449	
49	0	125	step_2_no_load	5	6	0.290374841566	0.303110862715	5	169	0	
49	0	126	step_1_no_load	1	2	1	185	
49	0	126	step_2_no_load	5	6	0.267206368684	0.300846667696	5	167	1	
49	0	127	step_1_no_load	1	2	1	263	
49	0	127	step_2_no_load	5	6	0.273483952592	0.274944938508	5	68	1	
49	0	128	step_1_no_load	1	2	2	284	
49	0	128	step_2_no_load	3	4	0.636905534066	0.620672334996	3	245	1	
49	0	129	step_1_no_load	1	2	2	213	
49	0	129	step_2_no_load	3	4	0.685297910719	0.632682846317	3	574	1	
49	0	130	step_1_no_load	1	2	2	214	
49	0	130	step_2_no_load	3	4	0.682031489739	0.630285316669	3	401	1	
49	0	131	step_1_no_load	1	2	1	198	
49	0	131	step_2_no_load	3	4	0.678044920845	0.638450601212	3	263	1	
49	0	132	step_1_no_load	1	2	1	239	
49	0	132	step_2_no_load	3	4	0.668578020634	0.660013924697	3	241	0	
49	0	133	step_1_no_load	1	2	1	317	
49	0	133	step_2_no_load	3	4	0.617383991623	0.691649444281	3	352	1	
49	0	134	step_1_no_load	1	2	1	175	
49	0	134	step_2_no_load	3	4	0.621945110858	0.685529359147	3	460	1	
49	0	135	step_1_no_load	1	2	1	504	
49	0	135	step_2_no_load	3	4	0.593710006149	0.700779221781	3	311	1	
49	0	136	step_1_no_load	1	2	1	245	
49	0	136	step_2_no_load	5	6	0.307766925452	0.284521085726	5	193	0	
49	0	137	step_1_no_load	1	2	1	236	
49	0	137	step_2_no_load	5	6	0.346433498467	0.325016613024	6	359	1	
49	0	138	step_1_no_load	1	2	1	191	
49	0	138	step_2_no_load	5	6	0.366701525561	0.307694123906	5	259	0	
49	0	139	step_1_no_load	1	2	1	285	
49	0	139	step_2_no_load	5	6	0.325611400511	0.323660750961	5	332	1	
49	0	140	step_1_no_load	1	2	1	161	
49	0	140	step_2_no_load	3	4	0.671213945178	0.637682840728	3	329	0	
49	0	141	step_1_no_load	1	2	1	139	
49	0	141	step_2_no_load	5	6	0.390227133375	0.311809871418	6	329	0	
49	0	142	step_1_no_load	1	2	2	213	
49	0	142	step_2_no_load	3	4	0.690276058009	0.627356259123	3	256	1	
49	0	143	step_1_no_load	1	2	2	218	
49	0	143	step_2_no_load	5	6	0.410970957547	0.313516825296	5	636	1	
49	0	144	step_1_no_load	1	2	2	226	
49	0	144	step_2_no_load	5	6	0.389234194056	0.275932517017	5	303	0	
49	0	145	step_1_no_load	1	2	2	195	
49	0	145	step_2_no_load	3	4	0.6669125229	0.606515632748	3	330	1	
49	0	146	step_1_no_load	1	2	1	64	
49	0	146	step_2_no_load	5	6	0.320877500969	0.257861956214	5	592	0	
49	0	147	step_1_no_load	1	2	1	250	
49	0	147	step_2_no_load	3	4	0.647798886916	0.594861186319	4	1233	1	
49	0	148	step_1_no_load	1	2	1	455	
49	0	148	step_2_no_load	5	6	0.311162711725	0.305288021243	5	356	0	
49	0	149	step_1_no_load	1	2	2	504	
49	0	149	step_2_no_load	5	6	0.300290206122	0.269951834184	6	374	1	
49	0	150	step_1_no_load	1	2	1	576	
49	0	150	step_2_no_load	3	4	0.575985663078	0.605912419156	3	293	1	
49	0	151	step_1_no_load	1	2	1	284	
49	0	151	step_2_no_load	3	4	0.59154759351	0.614159737668	3	322	0	
49	0	152	step_1_no_load	1	2	2	195	
49	0	152	step_2_no_load	3	4	0.595108765344	0.644204174791	4	187	1	
49	0	153	step_1_no_load	1	2	2	76	
49	0	153	step_2_no_load	5	6	0.343622632154	0.309356532263	6	551	0	
49	0	154	step_1_no_load	1	2	1	322	
49	0	154	step_2_no_load	3	4	0.638934099562	0.671672162443	3	465	0	
49	0	155	step_1_no_load	1	2	1	245	
49	0	155	step_2_no_load	5	6	0.372188990474	0.296093457977	5	431	1	
49	0	156	step_1_no_load	1	2	2	222	
49	0	156	step_2_no_load	3	4	0.631048201903	0.734436160799	4	1222	1	
49	0	157	step_1_no_load	1	2	2	229	
49	0	157	step_2_no_load	5	6	0.324728201487	0.350909357271	5	255	1	
49	0	158	step_1_no_load	1	2	2	217	
49	0	158	step_2_no_load	5	6	0.334595868098	0.408728803896	5	265	1	
49	0	159	step_1_no_load	1	2	2	195	
49	0	159	step_2_no_load	5	6	0.321150411254	0.413026375257	5	205	0	
49	0	160	step_1_no_load	1	2	2	207	
49	0	160	step_2_no_load	3	4	0.521229931064	0.710728171711	3	259	1	
49	0	161	step_1_no_load	1	2	2	247	
49	0	161	step_2_no_load	3	4	0.516036498158	0.719896286569	3	662	1	
49	0	162	step_1_no_load	1	2	1	281	
49	0	162	step_2_no_load	3	4	0.566496468084	0.695144769903	3	450	0	
49	0	163	step_1_no_load	1	2	2	192	
49	0	163	step_2_no_load	3	4	0.5863391277	0.697095951435	3	616	1	
49	0	164	step_1_no_load	1	2	1	106	
49	0	164	step_2_no_load	3	4	0.585961845322	0.692137394606	3	216	0	
49	0	165	step_1_no_load	1	2	2	133	
49	0	165	step_2_no_load	5	6	0.347974240867	0.463777557969	6	347	1	
49	0	166	step_1_no_load	1	2	2	200	
49	0	166	step_2_no_load	5	6	0.356317216644	0.422282731054	6	269	0	
49	0	167	step_1_no_load	1	2	2	201	
49	0	167	step_2_no_load	5	6	0.331115714939	0.38753671275	6	202	0	
49	0	168	step_1_no_load	1	2	2	218	
49	0	168	step_2_no_load	5	6	0.335777599654	0.400817642375	5	360	0	
49	0	169	step_1_no_load	1	2	2	227	
49	0	169	step_2_no_load	5	6	0.365156560071	0.42098542374	6	213	0	
49	0	170	step_1_no_load	1	2	1	656	
49	0	170	step_2_no_load	3	4	0.57151385403	0.67334314737	3	419	1	
49	0	171	step_1_no_load	1	2	1	13	
49	0	171	step_2_no_load	3	4	0.553314431843	0.727248140829	3	344	1	
49	0	172	step_1_no_load	1	2	1	235	
49	0	172	step_2_no_load	3	4	0.519090471457	0.668669556875	3	233	0	
49	0	173	step_1_no_load	1	2	1	448	
49	0	173	step_2_no_load	3	4	0.484428109849	0.667027212577	3	296	1	
49	0	174	step_1_no_load	1	2	1	0	
49	0	174	step_2_no_load	3	4	0.472729524832	0.729877433725	3	428	0	
49	0	175	step_1_no_load	1	2	1	61	
49	0	175	step_2_no_load	3	4	0.52644949356	0.693968268443	4	355	1	
49	0	176	step_1_no_load	1	2	1	193	
49	0	176	step_2_no_load	3	4	0.474046874473	0.679250000396	4	232	1	
49	0	177	step_1_no_load	1	2	1	201	
49	0	177	step_2_no_load	3	4	0.501268576771	0.714070205704	4	319	0	
49	0	178	step_1_no_load	1	2	1	203	
49	0	178	step_2_no_load	3	4	0.493712351915	0.705993797498	4	190	0	
49	0	179	step_1_no_load	1	2	1	255	
49	0	179	step_2_no_load	3	4	0.457298770028	0.709345707515	3	292	0	
49	0	180	step_1_no_load	1	2	2	181	
49	0	180	step_2_no_load	3	4	0.482853857291	0.719795072986	3	213	0	
49	0	181	step_1_no_load	1	2	2	122	
49	0	181	step_2_no_load	3	4	0.508735114046	0.746910336326	4	647	1	
49	0	182	step_1_no_load	1	2	2	223	
49	0	182	step_2_no_load	5	6	0.49907747228	0.340533666308	6	293	0	
49	0	183	step_1_no_load	1	2	2	420	
49	0	183	step_2_no_load	5	6	0.492742497507	0.350175837802	5	385	0	
49	0	184	step_1_no_load	1	2	1	174	
49	0	184	step_2_no_load	3	4	0.460890977786	0.657291439324	4	369	1	
49	0	185	step_1_no_load	1	2	1	248	
49	0	185	step_2_no_load	5	6	0.482228039858	0.362611152222	6	400	0	
49	0	186	step_1_no_load	1	2	1	0	
49	0	186	step_2_no_load	3	4	0.46870859828	0.656308636836	4	500	0	
49	0	187	step_1_no_load	1	2	1	305	
49	0	187	step_2_no_load	3	4	0.443962917772	0.678211978625	3	391	1	
49	0	188	step_1_no_load	1	2	1	393	
49	0	188	step_2_no_load	5	6	0.548350535247	0.291508050861	5	305	1	
49	0	189	step_1_no_load	1	2	2	193	
49	0	189	step_2_no_load	5	6	0.534753756004	0.285168135955	5	330	1	
49	0	190	step_1_no_load	1	2	2	113	
49	0	190	step_2_no_load	5	6	0.505820429042	0.304557739386	5	190	1	
49	0	191	step_1_no_load	1	2	2	242	
49	0	191	step_2_no_load	5	6	0.512103523931	0.318839908867	5	400	1	
49	0	192	step_1_no_load	1	2	2	309	
49	0	192	step_2_no_load	5	6	0.493851022417	0.299297135717	5	473	0	
49	0	193	step_1_no_load	1	2	2	253	
49	0	193	step_2_no_load	5	6	0.504944704439	0.321008037746	5	506	0	
49	0	194	step_1_no_load	1	2	2	244	
49	0	194	step_2_no_load	3	4	0.433250459893	0.655261361454	3	262	0	
49	0	195	step_1_no_load	1	2	2	205	
49	0	195	step_2_no_load	3	4	0.466795336969	0.646280688878	4	363	0	
49	0	196	step_1_no_load	1	2	2	202	
49	0	196	step_2_no_load	5	6	0.496717662777	0.365373286058	5	445	0	
49	0	197	step_1_no_load	1	2	2	242	
49	0	197	step_2_no_load	5	6	0.47786945426	0.316987700969	5	278	0	
49	0	198	step_1_no_load	1	2	2	192	
49	0	198	step_2_no_load	5	6	0.485065498391	0.303352625941	6	254	0	
49	0	199	step_1_no_load	1	2	1	25	
49	0	199	step_2_no_load	3	4	0.39793773834	0.73697129762	3	192	0	
49	0	200	step_1_no_load	1	2	1	262	
49	0	200	step_2_no_load	3	4	0.372436949782	0.728996708473	4	323	1	

Tue Apr 25 17:59:07 2017
