Fri Apr 28 13:35:52 2017	
50	0	1	step_1_no_load	1	2	1	548	
50	0	1	step_2_no_load	3	4	0.598297890399	0.594299910136	3	776	0	
50	0	2	step_1_no_load	1	2	1	864	
50	0	2	step_2_no_load	3	4	0.580156942153	0.610961032466	3	718	1	
50	0	3	step_1_no_load	1	2	1	675	
50	0	3	step_2_no_load	3	4	0.584197065669	0.589215227351	3	746	1	
50	0	4	step_1_no_load	1	2	1	687	
50	0	4	step_2_no_load	3	4	0.597491569846	0.564086293706	3	831	1	
50	0	5	step_1_no_load	1	2	1	640	
50	0	5	step_2_no_load	3	4	0.623810210114	0.576104915614	3	1078	1	
50	0	6	step_1_no_load	1	2	1	1092	
50	0	6	step_2_no_load	3	4	0.585722686883	0.603642866427	4	805	1	
50	0	7	step_1_no_load	1	2	1	744	
50	0	7	step_2_no_load	5	6	0.506408070053	0.500071913476	6	1081	0	
50	0	8	step_1_no_load	1	2	-1	-1	
50	0	9	step_1_no_load	1	2	2	453	
50	0	9	step_2_no_load	5	6	0.54429228266	0.496546708465	6	661	0	
50	0	10	step_1_no_load	1	2	2	573	
50	0	10	step_2_no_load	3	4	0.652626043146	0.636063269715	3	1019	0	
50	0	11	step_1_no_load	1	2	1	805	
50	0	11	step_2_no_load	3	4	0.69163818036	0.609191465743	3	713	1	
50	0	12	step_1_no_load	1	2	1	613	
50	0	12	step_2_no_load	3	4	0.682786328054	0.552770607849	3	725	1	
50	0	13	step_1_no_load	1	2	1	484	
50	0	13	step_2_no_load	3	4	0.653587098421	0.558313135925	3	809	1	
50	0	14	step_1_no_load	1	2	1	783	
50	0	14	step_2_no_load	5	6	0.611256675753	0.491234392147	6	1092	0	
50	0	15	step_1_no_load	1	2	1	668	
50	0	15	step_2_no_load	5	6	0.633564630036	0.505377237737	6	1196	0	
50	0	16	step_1_no_load	1	2	1	947	
50	0	16	step_2_no_load	3	4	0.628091198119	0.553308964466	3	726	0	
50	0	17	step_1_no_load	1	2	1	423	
50	0	17	step_2_no_load	5	6	0.643116883134	0.535958400205	5	810	1	
50	0	18	step_1_no_load	1	2	1	1243	
50	0	18	step_2_no_load	5	6	0.626895526976	0.517514133912	5	982	1	
50	0	19	step_1_no_load	1	2	1	640	
50	0	19	step_2_no_load	5	6	0.644773170243	0.498240186199	5	882	1	
50	0	20	step_1_no_load	1	2	1	753	
50	0	20	step_2_no_load	3	4	0.636521555122	0.491720931314	4	1110	1	
50	0	21	step_1_no_load	1	2	1	508	
50	0	21	step_2_no_load	3	4	0.630305464549	0.470207377245	3	678	1	
50	0	22	step_1_no_load	1	2	1	546	
50	0	22	step_2_no_load	5	6	0.618527126547	0.506100011497	6	767	0	
50	0	23	step_1_no_load	1	2	1	415	
50	0	23	step_2_no_load	5	6	0.604065470975	0.520606588181	6	1077	0	
50	0	24	step_1_no_load	1	2	1	428	
50	0	24	step_2_no_load	5	6	0.5800912085	0.505388876622	5	485	1	
50	0	25	step_1_no_load	1	2	1	452	
50	0	25	step_2_no_load	3	4	0.565698722896	0.503605105412	3	986	1	
50	0	26	step_1_no_load	1	2	1	748	
50	0	26	step_2_no_load	3	4	0.592410219737	0.532884212818	3	931	1	
50	0	27	step_1_no_load	1	2	1	713	
50	0	27	step_2_no_load	3	4	0.57860777711	0.54756089792	3	783	1	
50	0	28	step_1_no_load	1	2	1	499	
50	0	28	step_2_no_load	3	4	0.588356036098	0.553259388875	3	668	1	
50	0	29	step_1_no_load	1	2	1	694	
50	0	29	step_2_no_load	3	4	0.606613029227	0.561957580386	3	529	1	
50	0	30	step_1_no_load	1	2	1	562	
50	0	30	step_2_no_load	5	6	0.610227092493	0.4919199548	5	630	0	
50	0	31	step_1_no_load	1	2	1	903	
50	0	31	step_2_no_load	3	4	0.636602545794	0.541819886458	3	672	0	
50	0	32	step_1_no_load	1	2	1	586	
50	0	32	step_2_no_load	3	4	0.634585171267	0.522993086096	3	1139	0	
50	0	33	step_1_no_load	1	2	1	530	
50	0	33	step_2_no_load	3	4	0.611700032906	0.542309898544	3	610	1	
50	0	34	step_1_no_load	1	2	1	416	
50	0	34	step_2_no_load	5	6	0.670290552209	0.454565258478	6	531	1	
50	0	35	step_1_no_load	1	2	1	448	
50	0	35	step_2_no_load	5	6	0.649776015006	0.491437207585	6	591	1	
50	0	36	step_1_no_load	1	2	1	440	
50	0	36	step_2_no_load	3	4	0.527635087561	0.611274573488	3	980	0	
50	0	37	step_1_no_load	1	2	1	517	
50	0	37	step_2_no_load	5	6	0.660658056664	0.543074626387	6	762	0	
50	0	38	step_1_no_load	1	2	1	425	
50	0	38	step_2_no_load	5	6	0.651263699161	0.553931241266	6	573	0	
50	0	39	step_1_no_load	1	2	1	371	
50	0	39	step_2_no_load	3	4	0.557005857101	0.610601635554	3	575	0	
50	0	40	step_1_no_load	1	2	1	483	
50	0	40	step_2_no_load	3	4	0.580760785074	0.607992802154	4	729	0	
50	0	41	step_1_no_load	1	2	1	379	
50	0	41	step_2_no_load	3	4	0.524862294848	0.588857868869	3	534	1	
50	0	42	step_1_no_load	1	2	1	468	
50	0	42	step_2_no_load	3	4	0.533857158543	0.609164606591	3	575	0	
50	0	43	step_1_no_load	1	2	1	471	
50	0	43	step_2_no_load	3	4	0.553703096215	0.612705031264	4	661	0	
50	0	44	step_1_no_load	1	2	1	402	
50	0	44	step_2_no_load	3	4	0.541854396676	0.611481438855	3	360	1	
50	0	45	step_1_no_load	1	2	1	425	
50	0	45	step_2_no_load	3	4	0.579346234508	0.632991467829	3	891	1	
50	0	46	step_1_no_load	1	2	1	494	
50	0	46	step_2_no_load	3	4	0.55511883717	0.600964500555	3	630	0	
50	0	47	step_1_no_load	1	2	1	598	
50	0	47	step_2_no_load	3	4	0.546259467838	0.598724660986	3	1224	1	
50	0	48	step_1_no_load	1	2	1	651	
50	0	48	step_2_no_load	3	4	0.534690828011	0.615767119776	3	881	1	
50	0	49	step_1_no_load	1	2	1	1024	
50	0	49	step_2_no_load	5	6	0.614679490594	0.489287375157	5	1275	0	
50	0	50	step_1_no_load	1	2	1	530	
50	0	50	step_2_no_load	5	6	0.593458480934	0.47381367271	6	1164	0	
50	0	51	step_1_no_load	1	2	1	424	
50	0	51	step_2_no_load	5	6	0.613357430892	0.469943944943	6	724	0	
50	0	52	step_1_no_load	1	2	1	600	
50	0	52	step_2_no_load	3	4	0.513589895419	0.539065404057	3	568	0	
50	0	53	step_1_no_load	1	2	1	376	
50	0	53	step_2_no_load	5	6	0.630956764252	0.451905460347	5	1069	1	
50	0	54	step_1_no_load	1	2	1	417	
50	0	54	step_2_no_load	5	6	0.652515308527	0.491512498697	5	549	0	
50	0	55	step_1_no_load	1	2	1	433	
50	0	55	step_2_no_load	3	4	0.526704292526	0.574045915747	3	645	1	
50	0	56	step_1_no_load	1	2	1	593	
50	0	56	step_2_no_load	5	6	0.60038825769	0.459773408493	6	562	1	
50	0	57	step_1_no_load	1	2	2	401	
50	0	57	step_2_no_load	3	4	0.516475618243	0.641849303307	3	914	1	
50	0	58	step_1_no_load	1	2	2	498	
50	0	58	step_2_no_load	5	6	0.610896130115	0.478335218822	6	636	1	
50	0	59	step_1_no_load	1	2	2	329	
50	0	59	step_2_no_load	3	4	0.537400760025	0.632500293208	3	734	0	
50	0	60	step_1_no_load	1	2	2	332	
50	0	60	step_2_no_load	5	6	0.599559577859	0.491916707098	6	392	1	
50	0	61	step_1_no_load	1	2	2	613	
50	0	61	step_2_no_load	5	6	0.602879526975	0.464268875813	6	494	0	
50	0	62	step_1_no_load	1	2	2	314	
50	0	62	step_2_no_load	5	6	0.622820395113	0.50724109756	6	385	0	
50	0	63	step_1_no_load	1	2	2	303	
50	0	63	step_2_no_load	5	6	0.642623127313	0.53192660365	6	344	0	
50	0	64	step_1_no_load	1	2	2	267	
50	0	64	step_2_no_load	3	4	0.533849886794	0.642369708469	4	302	1	
50	0	65	step_1_no_load	1	2	2	796	
50	0	65	step_2_no_load	3	4	0.517687993213	0.612660225018	4	905	0	
50	0	66	step_1_no_load	1	2	2	452	
50	0	66	step_2_no_load	3	4	0.555324764318	0.606938648072	3	753	1	
50	0	67	step_1_no_load	1	2	1	456	
50	0	67	step_2_no_load	5	6	0.674463681351	0.542076810516	6	933	1	
50	0	68	step_1_no_load	1	2	1	571	
50	0	68	step_2_no_load	3	4	0.523301545299	0.622963076372	3	650	0	
50	0	69	step_1_no_load	1	2	1	431	
50	0	69	step_2_no_load	5	6	0.718756538957	0.499137600991	6	1061	0	
50	0	70	step_1_no_load	1	2	1	430	
50	0	70	step_2_no_load	3	4	0.548075770764	0.637556284465	3	767	0	
50	0	71	step_1_no_load	1	2	1	329	
50	0	71	step_2_no_load	3	4	0.546215110045	0.639174917797	3	684	1	
50	0	72	step_1_no_load	1	2	1	477	
50	0	72	step_2_no_load	3	4	0.556486305476	0.626024641967	3	652	1	
50	0	73	step_1_no_load	1	2	1	348	
50	0	73	step_2_no_load	3	4	0.50185699984	0.657126403029	3	698	1	
50	0	74	step_1_no_load	1	2	1	460	
50	0	74	step_2_no_load	3	4	0.491044983779	0.614462146454	3	661	0	
50	0	75	step_1_no_load	1	2	1	591	
50	0	75	step_2_no_load	5	6	0.697629587097	0.44832280175	6	974	0	
50	0	76	step_1_no_load	1	2	1	466	
50	0	76	step_2_no_load	3	4	0.518881389358	0.62770291155	3	784	0	
50	0	77	step_1_no_load	1	2	1	323	
50	0	77	step_2_no_load	3	4	0.538119616568	0.564257587118	3	442	1	
50	0	78	step_1_no_load	1	2	1	264	
50	0	78	step_2_no_load	5	6	0.647586191228	0.435911167612	5	1145	1	
50	0	79	step_1_no_load	1	2	1	523	
50	0	79	step_2_no_load	3	4	0.540085062695	0.513695512795	3	784	1	
50	0	80	step_1_no_load	1	2	1	471	
50	0	80	step_2_no_load	3	4	0.49921021142	0.518583383166	3	639	1	
50	0	81	step_1_no_load	1	2	1	657	
50	0	81	step_2_no_load	3	4	0.494116554432	0.529745690463	4	807	1	
50	0	82	step_1_no_load	1	2	1	466	
50	0	82	step_2_no_load	3	4	0.482727017837	0.564729328387	3	1021	1	
50	0	83	step_1_no_load	1	2	1	390	
50	0	83	step_2_no_load	3	4	0.483255412498	0.607907985871	3	777	0	
50	0	84	step_1_no_load	1	2	1	450	
50	0	84	step_2_no_load	3	4	0.505586222209	0.65843840156	3	842	0	
50	0	85	step_1_no_load	1	2	1	349	
50	0	85	step_2_no_load	3	4	0.485785534744	0.692384972752	3	565	1	
50	0	86	step_1_no_load	1	2	1	449	
50	0	86	step_2_no_load	3	4	0.486462788728	0.691782850001	3	1185	0	
50	0	87	step_1_no_load	1	2	1	361	
50	0	87	step_2_no_load	3	4	0.493867001103	0.719375344246	3	949	1	
50	0	88	step_1_no_load	1	2	1	324	
50	0	88	step_2_no_load	5	6	0.696773608304	0.377947492322	6	763	0	
50	0	89	step_1_no_load	1	2	1	309	
50	0	89	step_2_no_load	5	6	0.660112261017	0.415882489686	5	863	0	
50	0	90	step_1_no_load	1	2	1	319	
50	0	90	step_2_no_load	3	4	0.530126112124	0.712247848046	3	999	0	
50	0	91	step_1_no_load	1	2	1	344	
50	0	91	step_2_no_load	3	4	0.479087223222	0.685023809334	3	489	0	
50	0	92	step_1_no_load	1	2	1	265	
50	0	92	step_2_no_load	3	4	0.484260039873	0.692406274724	3	606	0	
50	0	93	step_1_no_load	1	2	1	328	
50	0	93	step_2_no_load	5	6	0.662863370634	0.439878153082	6	900	1	
50	0	94	step_1_no_load	1	2	1	729	
50	0	94	step_2_no_load	3	4	0.468637558205	0.719464414227	3	955	0	
50	0	95	step_1_no_load	1	2	1	392	
50	0	95	step_2_no_load	3	4	0.42505578884	0.715495469274	3	1260	1	
50	0	96	step_1_no_load	1	2	1	306	
50	0	96	step_2_no_load	5	6	0.663095813561	0.383038640121	5	867	1	
50	0	97	step_1_no_load	1	2	1	536	
50	0	97	step_2_no_load	3	4	0.455601814112	0.681272614291	3	773	0	
50	0	98	step_1_no_load	1	2	1	535	
50	0	98	step_2_no_load	5	6	0.646040060297	0.409778171713	5	831	0	
50	0	99	step_1_no_load	1	2	1	312	
50	0	99	step_2_no_load	3	4	0.375249961522	0.673709850038	4	375	0	
50	0	100	step_1_no_load	1	2	1	272	
50	0	100	step_2_no_load	3	4	0.363162156005	0.666227451505	3	395	0	
50	0	101	step_1_no_load	1	2	1	367	
50	0	101	step_2_no_load	3	4	0.366879421891	0.623812401974	3	559	1	
50	0	102	step_1_no_load	1	2	1	434	
50	0	102	step_2_no_load	5	6	0.663124617603	0.494584754513	6	881	1	
50	0	103	step_1_no_load	1	2	1	464	
50	0	103	step_2_no_load	3	4	0.322834495838	0.663997796029	3	715	1	
50	0	104	step_1_no_load	1	2	1	429	
50	0	104	step_2_no_load	5	6	0.743372642809	0.521047445908	6	858	0	
50	0	105	step_1_no_load	1	2	1	402	
50	0	105	step_2_no_load	5	6	0.722851301692	0.514318365187	5	946	1	
50	0	106	step_1_no_load	1	2	2	486	
50	0	106	step_2_no_load	5	6	0.699623252899	0.508908032404	6	952	1	
50	0	107	step_1_no_load	1	2	2	366	
50	0	107	step_2_no_load	3	4	0.388257337796	0.692607431435	4	1002	1	
50	0	108	step_1_no_load	1	2	2	642	
50	0	108	step_2_no_load	3	4	0.388185708856	0.695928523711	3	666	1	
50	0	109	step_1_no_load	1	2	2	618	
50	0	109	step_2_no_load	5	6	0.68658494263	0.479977531501	5	961	0	
50	0	110	step_1_no_load	1	2	2	467	
50	0	110	step_2_no_load	5	6	0.65455226558	0.432626681236	6	471	0	
50	0	111	step_1_no_load	1	2	2	507	
50	0	111	step_2_no_load	5	6	0.634599547742	0.384948378665	6	611	0	
50	0	112	step_1_no_load	1	2	2	424	
50	0	112	step_2_no_load	5	6	0.635252945963	0.392887565883	6	478	0	
50	0	113	step_1_no_load	1	2	2	677	
50	0	113	step_2_no_load	3	4	0.387112818105	0.719324307956	3	755	0	
50	0	114	step_1_no_load	1	2	2	486	
50	0	114	step_2_no_load	5	6	0.657654904272	0.380324086676	6	501	1	
50	0	115	step_1_no_load	1	2	2	390	
50	0	115	step_2_no_load	3	4	0.357661171116	0.739704344621	3	422	0	
50	0	116	step_1_no_load	1	2	2	506	
50	0	116	step_2_no_load	5	6	0.680124293449	0.378149844807	6	429	0	
50	0	117	step_1_no_load	1	2	2	536	
50	0	117	step_2_no_load	5	6	0.671842537277	0.374621793791	6	386	1	
50	0	118	step_1_no_load	1	2	2	525	
50	0	118	step_2_no_load	3	4	0.362977115924	0.740051715856	4	1119	0	
50	0	119	step_1_no_load	1	2	2	527	
50	0	119	step_2_no_load	3	4	0.358243439099	0.690424535099	3	573	0	
50	0	120	step_1_no_load	1	2	2	319	
50	0	120	step_2_no_load	5	6	0.666433355915	0.370150243662	6	843	1	
50	0	121	step_1_no_load	1	2	2	502	
50	0	121	step_2_no_load	5	6	0.671052306195	0.352721767208	6	520	0	
50	0	122	step_1_no_load	1	2	2	483	
50	0	122	step_2_no_load	5	6	0.672193618854	0.329624572119	6	561	0	
50	0	123	step_1_no_load	1	2	2	391	
50	0	123	step_2_no_load	3	4	0.269780614928	0.583607229978	3	396	0	
50	0	124	step_1_no_load	1	2	1	689	
50	0	124	step_2_no_load	3	4	0.26095206597	0.603013298253	3	567	0	
50	0	125	step_1_no_load	1	2	1	326	
50	0	125	step_2_no_load	3	4	0.290374841566	0.559596800931	3	352	0	
50	0	126	step_1_no_load	1	2	1	259	
50	0	126	step_2_no_load	3	4	0.267206368684	0.537863824328	3	444	0	
50	0	127	step_1_no_load	1	2	1	428	
50	0	127	step_2_no_load	3	4	0.273483952592	0.560824094575	4	360	0	
50	0	128	step_1_no_load	1	2	1	345	
50	0	128	step_2_no_load	5	6	0.620672334996	0.250790232267	5	367	0	
50	0	129	step_1_no_load	1	2	1	423	
50	0	129	step_2_no_load	5	6	0.632682846317	0.271709703542	6	536	0	
50	0	130	step_1_no_load	1	2	1	467	
50	0	130	step_2_no_load	3	4	0.267460866951	0.682031489739	3	722	1	
50	0	131	step_1_no_load	1	2	1	434	
50	0	131	step_2_no_load	3	4	0.281500842289	0.678044920845	3	583	0	
50	0	132	step_1_no_load	1	2	1	324	
50	0	132	step_2_no_load	5	6	0.660013924697	0.315328810424	6	450	1	
50	0	133	step_1_no_load	1	2	1	308	
50	0	133	step_2_no_load	3	4	0.315608831386	0.617383991623	3	584	0	
50	0	134	step_1_no_load	1	2	1	660	
50	0	134	step_2_no_load	3	4	0.287393715313	0.621945110858	3	350	0	
50	0	135	step_1_no_load	1	2	1	570	
50	0	135	step_2_no_load	3	4	0.300079459047	0.593710006149	3	660	0	
50	0	136	step_1_no_load	1	2	1	373	
50	0	136	step_2_no_load	3	4	0.307766925452	0.597814413435	3	1130	0	
50	0	137	step_1_no_load	1	2	1	426	
50	0	137	step_2_no_load	3	4	0.346433498467	0.605896884497	3	786	0	
50	0	138	step_1_no_load	1	2	1	482	
50	0	138	step_2_no_load	3	4	0.366701525561	0.63240964674	3	695	0	
50	0	139	step_1_no_load	1	2	1	335	
50	0	139	step_2_no_load	3	4	0.325611400511	0.636630981281	3	387	0	
50	0	140	step_1_no_load	1	2	1	402	
50	0	140	step_2_no_load	3	4	0.348740542008	0.671213945178	4	375	0	
50	0	141	step_1_no_load	1	2	1	823	
50	0	141	step_2_no_load	5	6	0.616803346728	0.311809871418	6	733	0	
50	0	142	step_1_no_load	1	2	2	250	
50	0	142	step_2_no_load	3	4	0.397052682821	0.690276058009	3	731	1	
50	0	143	step_1_no_load	1	2	2	694	
50	0	143	step_2_no_load	3	4	0.410970957547	0.661365099615	3	1055	0	
50	0	144	step_1_no_load	1	2	1	456	
50	0	144	step_2_no_load	5	6	0.639347300184	0.275932517017	6	713	0	
50	0	145	step_1_no_load	1	2	2	562	
50	0	145	step_2_no_load	5	6	0.606515632748	0.266265924094	6	620	0	
50	0	146	step_1_no_load	1	2	2	683	
50	0	146	step_2_no_load	5	6	0.593778463268	0.257861956214	5	758	0	
50	0	147	step_1_no_load	1	2	2	444	
50	0	147	step_2_no_load	5	6	0.594861186319	0.265578160642	6	422	0	
50	0	148	step_1_no_load	1	2	2	582	
50	0	148	step_2_no_load	5	6	0.648050021239	0.305288021243	6	520	0	
50	0	149	step_1_no_load	1	2	2	371	
50	0	149	step_2_no_load	3	4	0.300290206122	0.601870110183	4	245	0	
50	0	150	step_1_no_load	1	2	2	452	
50	0	150	step_2_no_load	5	6	0.605912419156	0.305587692243	6	663	0	
50	0	151	step_1_no_load	1	2	1	437	
50	0	151	step_2_no_load	3	4	0.310557101463	0.59154759351	3	322	1	
50	0	152	step_1_no_load	1	2	1	322	
50	0	152	step_2_no_load	5	6	0.644204174791	0.307702500543	6	716	1	
50	0	153	step_1_no_load	1	2	1	589	
50	0	153	step_2_no_load	3	4	0.343622632154	0.613336203392	3	673	1	
50	0	154	step_1_no_load	1	2	1	373	
50	0	154	step_2_no_load	3	4	0.348349389262	0.638934099562	3	552	1	
50	0	155	step_1_no_load	1	2	1	560	
50	0	155	step_2_no_load	3	4	0.372188990474	0.632486591889	3	443	1	
50	0	156	step_1_no_load	1	2	1	346	
50	0	156	step_2_no_load	3	4	0.368378667812	0.631048201903	3	464	1	
50	0	157	step_1_no_load	1	2	1	495	
50	0	157	step_2_no_load	3	4	0.324728201487	0.585191807512	3	652	0	
50	0	158	step_1_no_load	1	2	1	356	
50	0	158	step_2_no_load	3	4	0.334595868098	0.532722108502	3	458	0	
50	0	159	step_1_no_load	1	2	1	389	
50	0	159	step_2_no_load	3	4	0.321150411254	0.541222065796	3	459	0	
50	0	160	step_1_no_load	1	2	1	377	
50	0	160	step_2_no_load	3	4	0.355992626298	0.521229931064	4	344	1	
50	0	161	step_1_no_load	1	2	1	412	
50	0	161	step_2_no_load	5	6	0.719896286569	0.407025633682	6	728	1	
50	0	162	step_1_no_load	1	2	1	408	
50	0	162	step_2_no_load	3	4	0.455329532209	0.566496468084	4	534	1	
50	0	163	step_1_no_load	1	2	1	268	
50	0	163	step_2_no_load	5	6	0.697095951435	0.395221309311	5	924	1	
50	0	164	step_1_no_load	1	2	1	409	
50	0	164	step_2_no_load	3	4	0.430844125626	0.585961845322	3	839	1	
50	0	165	step_1_no_load	1	2	1	424	
50	0	165	step_2_no_load	3	4	0.347974240867	0.538026607649	3	770	1	
50	0	166	step_1_no_load	1	2	1	342	
50	0	166	step_2_no_load	3	4	0.356317216644	0.549095060025	4	341	0	
50	0	167	step_1_no_load	1	2	1	433	
50	0	167	step_2_no_load	3	4	0.331115714939	0.585131062446	4	610	1	
50	0	168	step_1_no_load	1	2	1	509	
50	0	168	step_2_no_load	3	4	0.335777599654	0.613361520676	3	384	0	
50	0	169	step_1_no_load	1	2	1	532	
50	0	169	step_2_no_load	3	4	0.365156560071	0.586049140041	4	447	1	
50	0	170	step_1_no_load	1	2	1	457	
50	0	170	step_2_no_load	3	4	0.364989630435	0.57151385403	3	371	0	
50	0	171	step_1_no_load	1	2	1	483	
50	0	171	step_2_no_load	3	4	0.425122034074	0.553314431843	3	486	0	
50	0	172	step_1_no_load	1	2	1	499	
50	0	172	step_2_no_load	3	4	0.490120307546	0.519090471457	4	504	0	
50	0	173	step_1_no_load	1	2	1	475	
50	0	173	step_2_no_load	3	4	0.462866379815	0.484428109849	3	318	1	
50	0	174	step_1_no_load	1	2	1	488	
50	0	174	step_2_no_load	3	4	0.46236234172	0.472729524832	3	213	1	
50	0	175	step_1_no_load	1	2	1	539	
50	0	175	step_2_no_load	3	4	0.484825491933	0.52644949356	3	615	1	
50	0	176	step_1_no_load	1	2	1	352	
50	0	176	step_2_no_load	3	4	0.500856457218	0.474046874473	3	307	1	
50	0	177	step_1_no_load	1	2	1	262	
50	0	177	step_2_no_load	3	4	0.4798184927	0.501268576771	4	441	1	
50	0	178	step_1_no_load	1	2	1	564	
50	0	178	step_2_no_load	3	4	0.49020858644	0.493712351915	3	686	1	
50	0	179	step_1_no_load	1	2	1	330	
50	0	179	step_2_no_load	3	4	0.493565996034	0.457298770028	4	567	0	
50	0	180	step_1_no_load	1	2	1	393	
50	0	180	step_2_no_load	5	6	0.719795072986	0.341214611607	5	508	1	
50	0	181	step_1_no_load	1	2	1	276	
50	0	181	step_2_no_load	3	4	0.480141179559	0.508735114046	3	346	0	
50	0	182	step_1_no_load	1	2	2	387	
50	0	182	step_2_no_load	5	6	0.72717560423	0.340533666308	6	308	0	
50	0	183	step_1_no_load	1	2	2	402	
50	0	183	step_2_no_load	5	6	0.720388040749	0.350175837802	6	393	1	
50	0	184	step_1_no_load	1	2	2	463	
50	0	184	step_2_no_load	5	6	0.657291439324	0.362743255194	6	436	0	
50	0	185	step_1_no_load	1	2	2	433	
50	0	185	step_2_no_load	3	4	0.482228039858	0.479703516092	3	348	0	
50	0	186	step_1_no_load	1	2	1	515	
50	0	186	step_2_no_load	3	4	0.484672582719	0.46870859828	3	349	0	
50	0	187	step_1_no_load	1	2	1	311	
50	0	187	step_2_no_load	3	4	0.498596507669	0.443962917772	4	330	1	
50	0	188	step_1_no_load	1	2	1	481	
50	0	188	step_2_no_load	3	4	0.548350535247	0.471319680586	4	287	1	
50	0	189	step_1_no_load	1	2	1	388	
50	0	189	step_2_no_load	3	4	0.534753756004	0.448897869069	4	373	1	
50	0	190	step_1_no_load	1	2	1	323	
50	0	190	step_2_no_load	3	4	0.505820429042	0.433568856946	3	220	1	
50	0	191	step_1_no_load	1	2	1	515	
50	0	191	step_2_no_load	3	4	0.512103523931	0.435748387321	3	544	1	
50	0	192	step_1_no_load	1	2	1	403	
50	0	192	step_2_no_load	3	4	0.493851022417	0.450791310283	3	879	1	
50	0	193	step_1_no_load	1	2	1	385	
50	0	193	step_2_no_load	5	6	0.679792491164	0.321008037746	6	754	0	
50	0	194	step_1_no_load	1	2	2	370	
50	0	194	step_2_no_load	5	6	0.655261361454	0.342437174514	6	632	1	
50	0	195	step_1_no_load	1	2	2	444	
50	0	195	step_2_no_load	5	6	0.646280688878	0.348571348505	6	934	0	
50	0	196	step_1_no_load	1	2	1	622	
50	0	196	step_2_no_load	5	6	0.695101215304	0.365373286058	6	982	0	
50	0	197	step_1_no_load	1	2	1	491	
50	0	197	step_2_no_load	3	4	0.47786945426	0.422511153127	3	564	1	
50	0	198	step_1_no_load	1	2	1	524	
50	0	198	step_2_no_load	3	4	0.485065498391	0.397292432346	3	375	0	
50	0	199	step_1_no_load	1	2	1	410	
50	0	199	step_2_no_load	3	4	0.529438031858	0.39793773834	3	612	0	
50	0	200	step_1_no_load	1	2	1	424	
50	0	200	step_2_no_load	3	4	0.507902534353	0.372436949782	4	328	0	

Fri Apr 28 13:54:09 2017
