Tue May  2 14:47:57 2017	
51	0	1	step_1_no_load	1	2	1	1182	
51	0	1	step_2_no_load	5	6	0.457620150462	0.598297890399	6	1118	1	
51	0	2	step_1_no_load	1	2	1	490	
51	0	2	step_2_no_load	3	4	0.610961032466	0.533203491871	4	472	0	
51	0	3	step_1_no_load	1	2	1	366	
51	0	3	step_2_no_load	5	6	0.476767372206	0.584197065669	6	461	1	
51	0	4	step_1_no_load	1	2	1	330	
51	0	4	step_2_no_load	5	6	0.478607661228	0.597491569846	6	245	0	
51	0	5	step_1_no_load	1	2	1	230	
51	0	5	step_2_no_load	3	4	0.576104915614	0.543908521457	4	233	1	
51	0	6	step_1_no_load	1	2	1	651	
51	0	6	step_2_no_load	3	4	0.603642866427	0.490454120702	4	444	0	
51	0	7	step_1_no_load	1	2	1	296	
51	0	7	step_2_no_load	3	4	0.622642364361	0.506408070053	4	648	0	
51	0	8	step_1_no_load	1	2	2	679	
51	0	8	step_2_no_load	3	4	0.624210374623	0.499203529332	3	807	0	
51	0	9	step_1_no_load	1	2	2	489	
51	0	9	step_2_no_load	5	6	0.496546708465	0.598049061473	6	480	1	
51	0	10	step_1_no_load	1	2	2	714	
51	0	10	step_2_no_load	5	6	0.482364178155	0.652626043146	6	535	1	
51	0	11	step_1_no_load	1	2	2	361	
51	0	11	step_2_no_load	3	4	0.609191465743	0.59022801242	4	386	1	
51	0	12	step_1_no_load	1	2	2	426	
51	0	12	step_2_no_load	5	6	0.48457206759	0.682786328054	6	375	0	
51	0	13	step_1_no_load	1	2	2	319	
51	0	13	step_2_no_load	5	6	0.52012981853	0.653587098421	-1	-1	-1	
51	0	14	step_1_no_load	1	2	2	494	
51	0	14	step_2_no_load	5	6	0.491234392147	0.629137942344	6	493	1	
51	0	15	step_1_no_load	1	2	2	299	
51	0	15	step_2_no_load	3	4	0.570419113221	0.633564630036	4	337	0	
51	0	16	step_1_no_load	1	2	2	385	
51	0	16	step_2_no_load	3	4	0.553308964466	0.626326396372	4	413	1	
51	0	17	step_1_no_load	1	2	2	269	
51	0	17	step_2_no_load	5	6	0.535958400205	0.633350170016	6	351	0	
51	0	18	step_1_no_load	1	2	1	725	
51	0	18	step_2_no_load	5	6	0.517514133912	0.626834332012	5	785	1	
51	0	19	step_1_no_load	1	2	2	338	
51	0	19	step_2_no_load	3	4	0.536502319591	0.644773170243	4	386	0	
51	0	20	step_1_no_load	1	2	2	244	
51	0	20	step_2_no_load	5	6	0.478025448397	0.636521555122	6	254	1	
51	0	21	step_1_no_load	1	2	1	195	
51	0	21	step_2_no_load	3	4	0.470207377245	0.611328949295	3	237	1	
51	0	22	step_1_no_load	1	2	2	272	
51	0	22	step_2_no_load	3	4	0.468700882609	0.618527126547	4	238	0	
51	0	23	step_1_no_load	1	2	1	251	
51	0	23	step_2_no_load	3	4	0.513759772011	0.604065470975	4	210	1	
51	0	24	step_1_no_load	1	2	2	684	
51	0	24	step_2_no_load	3	4	0.503316199018	0.5800912085	3	924	1	
51	0	25	step_1_no_load	1	2	2	476	
51	0	25	step_2_no_load	5	6	0.503316372362	0.565698722896	6	313	0	
51	0	26	step_1_no_load	1	2	1	626	
51	0	26	step_2_no_load	3	4	0.532884212818	0.640635035276	3	595	1	
51	0	27	step_1_no_load	1	2	1	233	
51	0	27	step_2_no_load	3	4	0.54756089792	0.642144756622	3	221	0	
51	0	28	step_1_no_load	1	2	2	319	
51	0	28	step_2_no_load	5	6	0.520177259699	0.588356036098	6	478	1	
51	0	29	step_1_no_load	1	2	1	295	
51	0	29	step_2_no_load	3	4	0.561957580386	0.618626354124	4	276	1	
51	0	30	step_1_no_load	1	2	2	332	
51	0	30	step_2_no_load	5	6	0.4919199548	0.608245979832	5	317	0	
51	0	31	step_1_no_load	1	2	1	373	
51	0	31	step_2_no_load	3	4	0.541819886458	0.606122691795	3	209	1	
51	0	32	step_1_no_load	1	2	1	228	
51	0	32	step_2_no_load	3	4	0.522993086096	0.605616211083	3	226	1	
51	0	33	step_1_no_load	1	2	1	292	
51	0	33	step_2_no_load	3	4	0.542309898544	0.618000238621	3	461	0	
51	0	34	step_1_no_load	1	2	1	421	
51	0	34	step_2_no_load	3	4	0.538523758058	0.670290552209	3	333	0	
51	0	35	step_1_no_load	1	2	1	744	
51	0	35	step_2_no_load	3	4	0.594167768198	0.649776015006	3	1342	1	
51	0	36	step_1_no_load	1	2	2	613	
51	0	36	step_2_no_load	5	6	0.513210053121	0.527635087561	5	453	1	
51	0	37	step_1_no_load	1	2	2	350	
51	0	37	step_2_no_load	5	6	0.543074626387	0.513822304161	6	569	1	
51	0	38	step_1_no_load	1	2	1	464	
51	0	38	step_2_no_load	3	4	0.595113730206	0.651263699161	4	715	1	
51	0	39	step_1_no_load	1	2	2	236	
51	0	39	step_2_no_load	3	4	0.610601635554	0.634483337633	3	210	1	
51	0	40	step_1_no_load	1	2	1	655	
51	0	40	step_2_no_load	3	4	0.607992802154	0.636994900683	4	348	0	
51	0	41	step_1_no_load	1	2	1	521	
51	0	41	step_2_no_load	3	4	0.588857868869	0.633285941184	4	614	1	
51	0	42	step_1_no_load	1	2	2	756	
51	0	42	step_2_no_load	5	6	0.553461946234	0.533857158543	6	705	1	
51	0	43	step_1_no_load	1	2	1	464	
51	0	43	step_2_no_load	5	6	0.548128010644	0.553703096215	5	557	1	
51	0	44	step_1_no_load	1	2	2	274	
51	0	44	step_2_no_load	5	6	0.537842745081	0.541854396676	6	402	0	
51	0	45	step_1_no_load	1	2	2	514	
51	0	45	step_2_no_load	3	4	0.632991467829	0.620699591043	4	611	1	
51	0	46	step_1_no_load	1	2	1	314	
51	0	46	step_2_no_load	3	4	0.600964500555	0.654261318712	4	405	0	
51	0	47	step_1_no_load	1	2	1	252	
51	0	47	step_2_no_load	5	6	0.493112702321	0.546259467838	5	260	0	
51	0	48	step_1_no_load	1	2	1	274	
51	0	48	step_2_no_load	3	4	0.615767119776	0.657624935632	3	238	1	
51	0	49	step_1_no_load	1	2	1	366	
51	0	49	step_2_no_load	3	4	0.610193185592	0.614679490594	3	302	1	
51	0	50	step_1_no_load	1	2	1	524	
51	0	50	step_2_no_load	3	4	0.606862017918	0.593458480934	4	424	0	
51	0	51	step_1_no_load	1	2	1	291	
51	0	51	step_2_no_load	3	4	0.564866799699	0.613357430892	3	225	1	
51	0	52	step_1_no_load	1	2	1	242	
51	0	52	step_2_no_load	5	6	0.429622901875	0.513589895419	5	259	0	
51	0	53	step_1_no_load	1	2	1	0	
51	0	53	step_2_no_load	5	6	0.451905460347	0.475342927439	5	942	0	
51	0	54	step_1_no_load	1	2	1	412	
51	0	54	step_2_no_load	3	4	0.570223904064	0.652515308527	4	728	1	
51	0	55	step_1_no_load	1	2	1	264	
51	0	55	step_2_no_load	3	4	0.574045915747	0.639840796975	3	322	0	
51	0	56	step_1_no_load	1	2	1	397	
51	0	56	step_2_no_load	5	6	0.459773408493	0.538512915562	5	440	1	
51	0	57	step_1_no_load	1	2	1	315	
51	0	57	step_2_no_load	3	4	0.641849303307	0.586335094239	3	318	1	
51	0	58	step_1_no_load	1	2	1	311	
51	0	58	step_2_no_load	3	4	0.664682809182	0.610896130115	3	220	1	
51	0	59	step_1_no_load	1	2	1	984	
51	0	59	step_2_no_load	3	4	0.632500293208	0.608951267756	3	415	0	
51	0	60	step_1_no_load	1	2	2	317	
51	0	60	step_2_no_load	3	4	0.623687406259	0.599559577859	3	315	0	
51	0	61	step_1_no_load	1	2	1	463	
51	0	61	step_2_no_load	3	4	0.669587072502	0.602879526975	3	366	0	
51	0	62	step_1_no_load	1	2	1	742	
51	0	62	step_2_no_load	3	4	0.691137204746	0.622820395113	-1	-1	-1	
51	0	63	step_1_no_load	1	2	1	567	
51	0	63	step_2_no_load	5	6	0.53192660365	0.519445130796	5	374	0	
51	0	64	step_1_no_load	1	2	1	622	
51	0	64	step_2_no_load	5	6	0.555062911513	0.533849886794	6	508	0	
51	0	65	step_1_no_load	1	2	2	643	
51	0	65	step_2_no_load	5	6	0.569109504048	0.517687993213	5	744	1	
51	0	66	step_1_no_load	1	2	1	312	
51	0	66	step_2_no_load	3	4	0.606938648072	0.630357351236	3	698	0	
51	0	67	step_1_no_load	1	2	2	359	
51	0	67	step_2_no_load	5	6	0.542076810516	0.538279387614	5	49	0	
51	0	68	step_1_no_load	1	2	2	1010	
51	0	68	step_2_no_load	5	6	0.509127161919	0.523301545299	5	1045	1	
51	0	69	step_1_no_load	1	2	2	364	
51	0	69	step_2_no_load	5	6	0.499137600991	0.560462111264	5	324	1	
51	0	70	step_1_no_load	1	2	2	331	
51	0	70	step_2_no_load	5	6	0.498834901463	0.548075770764	5	275	1	
51	0	71	step_1_no_load	1	2	2	326	
51	0	71	step_2_no_load	3	4	0.639174917797	0.706816191949	3	276	1	
51	0	72	step_1_no_load	1	2	2	328	
51	0	72	step_2_no_load	5	6	0.47409116389	0.556486305476	5	253	1	
51	0	73	step_1_no_load	1	2	2	340	
51	0	73	step_2_no_load	5	6	0.435957313805	0.50185699984	5	270	0	
51	0	74	step_1_no_load	1	2	1	1480	
51	0	74	step_2_no_load	3	4	0.614462146454	0.693624670847	4	1087	0	
51	0	75	step_1_no_load	1	2	1	354	
51	0	75	step_2_no_load	5	6	0.44832280175	0.483983914712	6	305	1	
51	0	76	step_1_no_load	1	2	1	736	
51	0	76	step_2_no_load	3	4	0.62770291155	0.690117652944	4	920	0	
51	0	77	step_1_no_load	1	2	1	285	
51	0	77	step_2_no_load	5	6	0.446809557226	0.538119616568	6	345	0	
51	0	78	step_1_no_load	1	2	2	430	
51	0	78	step_2_no_load	5	6	0.435911167612	0.538654072849	5	231	0	
51	0	79	step_1_no_load	1	2	2	327	
51	0	79	step_2_no_load	5	6	0.389124152368	0.540085062695	6	264	1	
51	0	80	step_1_no_load	1	2	2	460	
51	0	80	step_2_no_load	3	4	0.518583383166	0.703969305517	3	301	1	
51	0	81	step_1_no_load	1	2	1	365	
51	0	81	step_2_no_load	3	4	0.529745690463	0.702400933084	4	709	1	
51	0	82	step_1_no_load	1	2	2	303	
51	0	82	step_2_no_load	5	6	0.395813831323	0.482727017837	5	295	0	
51	0	83	step_1_no_load	1	2	2	685	
51	0	83	step_2_no_load	5	6	0.382772464038	0.483255412498	5	451	0	
51	0	84	step_1_no_load	1	2	2	311	
51	0	84	step_2_no_load	3	4	0.65843840156	0.731466635793	3	426	1	
51	0	85	step_1_no_load	1	2	2	282	
51	0	85	step_2_no_load	5	6	0.384458259121	0.485785534744	5	598	0	
51	0	86	step_1_no_load	1	2	1	337	
51	0	86	step_2_no_load	3	4	0.691782850001	0.721207648497	3	419	1	
51	0	87	step_1_no_load	1	2	1	248	
51	0	87	step_2_no_load	3	4	0.719375344246	0.690012761069	3	360	0	
51	0	88	step_1_no_load	1	2	2	572	
51	0	88	step_2_no_load	3	4	0.717410082358	0.696773608304	4	1177	0	
51	0	89	step_1_no_load	1	2	2	127	
51	0	89	step_2_no_load	5	6	0.415882489686	0.490019385174	6	1264	0	
51	0	90	step_1_no_load	1	2	2	414	
51	0	90	step_2_no_load	5	6	0.411459496853	0.530126112124	5	302	1	
51	0	91	step_1_no_load	1	2	1	444	
51	0	91	step_2_no_load	3	4	0.685023809334	0.657820521772	4	335	1	
51	0	92	step_1_no_load	1	2	2	255	
51	0	92	step_2_no_load	5	6	0.444368850664	0.484260039873	5	295	1	
51	0	93	step_1_no_load	1	2	1	278	
51	0	93	step_2_no_load	3	4	0.70415710998	0.662863370634	4	260	1	
51	0	94	step_1_no_load	1	2	2	306	
51	0	94	step_2_no_load	5	6	0.429211756872	0.468637558205	5	258	1	
51	0	95	step_1_no_load	1	2	1	276	
51	0	95	step_2_no_load	3	4	0.715495469274	0.640209855442	4	783	0	
51	0	96	step_1_no_load	1	2	2	587	
51	0	96	step_2_no_load	5	6	0.383038640121	0.437558890646	6	338	1	
51	0	97	step_1_no_load	1	2	2	260	
51	0	97	step_2_no_load	3	4	0.681272614291	0.651202057411	4	287	1	
51	0	98	step_1_no_load	1	2	2	376	
51	0	98	step_2_no_load	5	6	0.409778171713	0.431479829356	6	273	0	
51	0	99	step_1_no_load	1	2	2	242	
51	0	99	step_2_no_load	5	6	0.397561363605	0.375249961522	6	296	0	
51	0	100	step_1_no_load	1	2	2	368	
51	0	100	step_2_no_load	3	4	0.666227451505	0.66579920021	3	444	0	
51	0	101	step_1_no_load	1	2	1	354	
51	0	101	step_2_no_load	3	4	0.623812401974	0.655903528958	3	282	0	
51	0	102	step_1_no_load	1	2	1	290	
51	0	102	step_2_no_load	5	6	0.494584754513	0.326080462175	5	249	0	
51	0	103	step_1_no_load	1	2	1	274	
51	0	103	step_2_no_load	5	6	0.481975449893	0.322834495838	5	239	1	
51	0	104	step_1_no_load	1	2	1	272	
51	0	104	step_2_no_load	5	6	0.521047445908	0.303696146503	5	256	0	
51	0	105	step_1_no_load	1	2	1	257	
51	0	105	step_2_no_load	5	6	0.514318365187	0.352639603242	6	342	0	
51	0	106	step_1_no_load	1	2	2	234	
51	0	106	step_2_no_load	5	6	0.508908032404	0.374131494222	5	213	0	
51	0	107	step_1_no_load	1	2	2	263	
51	0	107	step_2_no_load	5	6	0.565220528809	0.388257337796	6	336	0	
51	0	108	step_1_no_load	1	2	2	274	
51	0	108	step_2_no_load	5	6	0.526955028982	0.388185708856	5	301	0	
51	0	109	step_1_no_load	1	2	1	334	
51	0	109	step_2_no_load	3	4	0.71632547018	0.68658494263	4	338	1	
51	0	110	step_1_no_load	1	2	1	434	
51	0	110	step_2_no_load	3	4	0.729599891941	0.65455226558	4	374	1	
51	0	111	step_1_no_load	1	2	1	308	
51	0	111	step_2_no_load	3	4	0.724852671171	0.634599547742	4	486	0	
51	0	112	step_1_no_load	1	2	1	284	
51	0	112	step_2_no_load	5	6	0.392887565883	0.413393106784	6	234	0	
51	0	113	step_1_no_load	1	2	2	300	
51	0	113	step_2_no_load	5	6	0.370697120277	0.387112818105	5	566	0	
51	0	114	step_1_no_load	1	2	2	427	
51	0	114	step_2_no_load	5	6	0.380324086676	0.384736699284	6	225	0	
51	0	115	step_1_no_load	1	2	1	995	
51	0	115	step_2_no_load	3	4	0.739704344621	0.645721217949	3	928	1	
51	0	116	step_1_no_load	1	2	2	323	
51	0	116	step_2_no_load	5	6	0.378149844807	0.369438791876	5	315	0	
51	0	117	step_1_no_load	1	2	2	357	
51	0	117	step_2_no_load	5	6	0.374621793791	0.363056877927	5	290	0	
51	0	118	step_1_no_load	1	2	1	536	
51	0	118	step_2_no_load	3	4	0.740051715856	0.690484235012	4	314	1	
51	0	119	step_1_no_load	1	2	2	378	
51	0	119	step_2_no_load	3	4	0.690424535099	0.661177321751	3	1026	1	
51	0	120	step_1_no_load	1	2	1	306	
51	0	120	step_2_no_load	3	4	0.70587238626	0.666433355915	4	465	1	
51	0	121	step_1_no_load	1	2	2	316	
51	0	121	step_2_no_load	3	4	0.658856304095	0.671052306195	4	374	1	
51	0	122	step_1_no_load	1	2	1	385	
51	0	122	step_2_no_load	3	4	0.6136886145	0.672193618854	3	794	1	
51	0	123	step_1_no_load	1	2	2	412	
51	0	123	step_2_no_load	5	6	0.337526896345	0.269780614928	6	883	1	
51	0	124	step_1_no_load	1	2	1	290	
51	0	124	step_2_no_load	5	6	0.309430836661	0.26095206597	5	666	0	
51	0	125	step_1_no_load	1	2	1	568	
51	0	125	step_2_no_load	3	4	0.559596800931	0.633566302563	3	479	1	
51	0	126	step_1_no_load	1	2	2	381	
51	0	126	step_2_no_load	5	6	0.300846667696	0.267206368684	5	274	1	
51	0	127	step_1_no_load	1	2	1	277	
51	0	127	step_2_no_load	3	4	0.560824094575	0.646945556251	3	301	1	
51	0	128	step_1_no_load	1	2	2	233	
51	0	128	step_2_no_load	3	4	0.636905534066	0.620672334996	3	398	1	
51	0	129	step_1_no_load	1	2	1	306	
51	0	129	step_2_no_load	3	4	0.685297910719	0.632682846317	3	616	1	
51	0	130	step_1_no_load	1	2	2	317	
51	0	130	step_2_no_load	5	6	0.274560758494	0.267460866951	6	518	1	
51	0	131	step_1_no_load	1	2	1	266	
51	0	131	step_2_no_load	3	4	0.678044920845	0.638450601212	4	429	1	
51	0	132	step_1_no_load	1	2	2	317	
51	0	132	step_2_no_load	5	6	0.315328810424	0.27986961048	5	501	0	
51	0	133	step_1_no_load	1	2	2	496	
51	0	133	step_2_no_load	3	4	0.617383991623	0.691649444281	4	1028	0	
51	0	134	step_1_no_load	1	2	2	436	
51	0	134	step_2_no_load	5	6	0.302839427162	0.287393715313	5	287	1	
51	0	135	step_1_no_load	1	2	2	800	
51	0	135	step_2_no_load	5	6	0.287118934166	0.300079459047	5	839	0	
51	0	136	step_1_no_load	1	2	1	129	
51	0	136	step_2_no_load	3	4	0.597814413435	0.674914008636	4	350	1	
51	0	137	step_1_no_load	1	2	1	340	
51	0	137	step_2_no_load	3	4	0.605896884497	0.668540846495	4	258	1	
51	0	138	step_1_no_load	1	2	1	257	
51	0	138	step_2_no_load	3	4	0.63240964674	0.688182193337	4	306	1	
51	0	139	step_1_no_load	1	2	1	315	
51	0	139	step_2_no_load	5	6	0.323660750961	0.325611400511	6	432	0	
51	0	140	step_1_no_load	1	2	1	422	
51	0	140	step_2_no_load	3	4	0.671213945178	0.637682840728	3	312	1	
51	0	141	step_1_no_load	1	2	1	273	
51	0	141	step_2_no_load	3	4	0.711987889705	0.616803346728	4	361	1	
51	0	142	step_1_no_load	1	2	1	495	
51	0	142	step_2_no_load	3	4	0.690276058009	0.627356259123	3	253	0	
51	0	143	step_1_no_load	1	2	2	310	
51	0	143	step_2_no_load	3	4	0.661365099615	0.610219102298	3	364	0	
51	0	144	step_1_no_load	1	2	1	652	
51	0	144	step_2_no_load	5	6	0.275932517017	0.389234194056	6	287	0	
51	0	145	step_1_no_load	1	2	1	373	
51	0	145	step_2_no_load	3	4	0.6669125229	0.606515632748	3	368	1	
51	0	146	step_1_no_load	1	2	2	275	
51	0	146	step_2_no_load	5	6	0.257861956214	0.320877500969	5	1017	0	
51	0	147	step_1_no_load	1	2	1	339	
51	0	147	step_2_no_load	3	4	0.647798886916	0.594861186319	3	642	1	
51	0	148	step_1_no_load	1	2	1	768	
51	0	148	step_2_no_load	3	4	0.619272702026	0.648050021239	4	556	0	
51	0	149	step_1_no_load	1	2	2	359	
51	0	149	step_2_no_load	5	6	0.269951834184	0.300290206122	6	407	0	
51	0	150	step_1_no_load	1	2	2	310	
51	0	150	step_2_no_load	5	6	0.305587692243	0.306860041627	6	434	0	
51	0	151	step_1_no_load	1	2	2	333	
51	0	151	step_2_no_load	5	6	0.348172164421	0.310557101463	5	466	0	
51	0	152	step_1_no_load	1	2	1	359	
51	0	152	step_2_no_load	3	4	0.595108765344	0.644204174791	4	306	1	
51	0	153	step_1_no_load	1	2	2	313	
51	0	153	step_2_no_load	3	4	0.613336203392	0.681559292085	3	242	1	
51	0	154	step_1_no_load	1	2	1	875	
51	0	154	step_2_no_load	5	6	0.316375537537	0.348349389262	6	1132	1	
51	0	155	step_1_no_load	1	2	2	299	
51	0	155	step_2_no_load	5	6	0.296093457977	0.372188990474	5	327	0	
51	0	156	step_1_no_load	1	2	1	87	
51	0	156	step_2_no_load	3	4	0.631048201903	0.734436160799	4	899	0	
51	0	157	step_1_no_load	1	2	2	543	
51	0	157	step_2_no_load	3	4	0.585191807512	0.720725456325	4	419	1	
51	0	158	step_1_no_load	1	2	2	267	
51	0	158	step_2_no_load	5	6	0.408728803896	0.334595868098	6	356	0	
51	0	159	step_1_no_load	1	2	2	289	
51	0	159	step_2_no_load	5	6	0.413026375257	0.321150411254	5	336	0	
51	0	160	step_1_no_load	1	2	1	177	
51	0	160	step_2_no_load	5	6	0.415052912783	0.355992626298	6	506	1	
51	0	161	step_1_no_load	1	2	1	415	
51	0	161	step_2_no_load	3	4	0.516036498158	0.719896286569	4	354	0	
51	0	162	step_1_no_load	1	2	2	213	
51	0	162	step_2_no_load	3	4	0.566496468084	0.695144769903	4	273	1	
51	0	163	step_1_no_load	1	2	2	281	
51	0	163	step_2_no_load	5	6	0.395221309311	0.430920885959	6	267	0	
51	0	164	step_1_no_load	1	2	1	377	
51	0	164	step_2_no_load	5	6	0.432761720497	0.430844125626	6	301	1	
51	0	165	step_1_no_load	1	2	2	349	
51	0	165	step_2_no_load	5	6	0.463777557969	0.347974240867	5	368	0	
51	0	166	step_1_no_load	1	2	1	336	
51	0	166	step_2_no_load	3	4	0.549095060025	0.686594248975	4	360	0	
51	0	167	step_1_no_load	1	2	2	763	
51	0	167	step_2_no_load	5	6	0.38753671275	0.331115714939	6	705	0	
51	0	168	step_1_no_load	1	2	2	313	
51	0	168	step_2_no_load	5	6	0.400817642375	0.335777599654	6	378	0	
51	0	169	step_1_no_load	1	2	2	569	
51	0	169	step_2_no_load	3	4	0.586049140041	0.704981910944	4	155	1	
51	0	170	step_1_no_load	1	2	2	482	
51	0	170	step_2_no_load	5	6	0.411067820436	0.364989630435	6	814	0	
51	0	171	step_1_no_load	1	2	2	281	
51	0	171	step_2_no_load	3	4	0.553314431843	0.727248140829	3	369	0	
51	0	172	step_1_no_load	1	2	1	292	
51	0	172	step_2_no_load	5	6	0.363617002148	0.490120307546	5	387	0	
51	0	173	step_1_no_load	1	2	1	306	
51	0	173	step_2_no_load	5	6	0.385349297983	0.462866379815	5	198	1	
51	0	174	step_1_no_load	1	2	1	334	
51	0	174	step_2_no_load	3	4	0.472729524832	0.729877433725	4	354	1	
51	0	175	step_1_no_load	1	2	2	440	
51	0	175	step_2_no_load	5	6	0.426185553904	0.484825491933	5	268	0	
51	0	176	step_1_no_load	1	2	1	344	
51	0	176	step_2_no_load	3	4	0.474046874473	0.679250000396	4	348	1	
51	0	177	step_1_no_load	1	2	1	235	
51	0	177	step_2_no_load	5	6	0.357425668099	0.4798184927	6	334	1	
51	0	178	step_1_no_load	1	2	1	295	
51	0	178	step_2_no_load	5	6	0.36473828006	0.49020858644	6	299	1	
51	0	179	step_1_no_load	1	2	1	38	
51	0	179	step_2_no_load	3	4	0.457298770028	0.709345707515	4	658	1	
51	0	180	step_1_no_load	1	2	2	294	
51	0	180	step_2_no_load	5	6	0.341214611607	0.489345734128	5	467	0	
51	0	181	step_1_no_load	1	2	2	331	
51	0	181	step_2_no_load	5	6	0.342402764747	0.480141179559	6	371	0	
51	0	182	step_1_no_load	1	2	2	277	
51	0	182	step_2_no_load	3	4	0.506773281362	0.72717560423	4	291	1	
51	0	183	step_1_no_load	1	2	2	515	
51	0	183	step_2_no_load	5	6	0.350175837802	0.492742497507	5	558	0	
51	0	184	step_1_no_load	1	2	2	157	
51	0	184	step_2_no_load	5	6	0.362743255194	0.480863422096	5	699	1	
51	0	185	step_1_no_load	1	2	2	1011	
51	0	185	step_2_no_load	5	6	0.362611152222	0.482228039858	5	732	0	
51	0	186	step_1_no_load	1	2	1	203	
51	0	186	step_2_no_load	3	4	0.46870859828	0.656308636836	3	238	1	
51	0	187	step_1_no_load	1	2	1	341	
51	0	187	step_2_no_load	3	4	0.443962917772	0.678211978625	4	518	1	
51	0	188	step_1_no_load	1	2	2	335	
51	0	188	step_2_no_load	5	6	0.291508050861	0.548350535247	5	215	0	
51	0	189	step_1_no_load	1	2	2	1112	
51	0	189	step_2_no_load	3	4	0.448897869069	0.688353284054	4	550	1	
51	0	190	step_1_no_load	1	2	2	558	
51	0	190	step_2_no_load	3	4	0.433568856946	0.667655825994	4	310	1	
51	0	191	step_1_no_load	1	2	2	440	
51	0	191	step_2_no_load	5	6	0.318839908867	0.512103523931	6	255	0	
51	0	192	step_1_no_load	1	2	2	167	
51	0	192	step_2_no_load	5	6	0.299297135717	0.493851022417	6	648	0	
51	0	193	step_1_no_load	1	2	1	394	
51	0	193	step_2_no_load	3	4	0.440813209638	0.679792491164	4	487	0	
51	0	194	step_1_no_load	1	2	1	595	
51	0	194	step_2_no_load	3	4	0.433250459893	0.655261361454	3	449	0	
51	0	195	step_1_no_load	1	2	2	252	
51	0	195	step_2_no_load	5	6	0.348571348505	0.494102184238	5	70	0	
51	0	196	step_1_no_load	1	2	2	321	
51	0	196	step_2_no_load	3	4	0.421761207498	0.695101215304	3	135	1	
51	0	197	step_1_no_load	1	2	2	518	
51	0	197	step_2_no_load	5	6	0.316987700969	0.47786945426	5	260	0	
51	0	198	step_1_no_load	1	2	2	283	
51	0	198	step_2_no_load	3	4	0.397292432346	0.68660989813	4	262	1	
51	0	199	step_1_no_load	1	2	2	357	
51	0	199	step_2_no_load	5	6	0.292861528884	0.529438031858	5	250	0	
51	0	200	step_1_no_load	1	2	2	21	
51	0	200	step_2_no_load	3	4	0.372436949782	0.728996708473	4	1300	1	

Tue May  2 15:09:50 2017
