Fri May  5 13:24:44 2017	
52	0	1	step_1_no_load	1	2	-1	-1	
52	0	2	step_1_no_load	1	2	1	506	
52	0	2	step_2_no_load	5	6	0.610961032466	0.474613197709	5	1393	0	
52	0	3	step_1_no_load	1	2	2	350	
52	0	3	step_2_no_load	5	6	0.589215227351	0.476767372206	5	720	1	
52	0	4	step_1_no_load	1	2	1	388	
52	0	4	step_2_no_load	5	6	0.564086293706	0.478607661228	5	524	0	
52	0	5	step_1_no_load	1	2	1	598	
52	0	5	step_2_no_load	5	6	0.576104915614	0.495568760483	6	677	0	
52	0	6	step_1_no_load	1	2	1	264	
52	0	6	step_2_no_load	3	4	0.585722686883	0.490454120702	3	383	1	
52	0	7	step_1_no_load	1	2	2	529	
52	0	7	step_2_no_load	5	6	0.622642364361	0.500071913476	5	907	0	
52	0	8	step_1_no_load	1	2	1	346	
52	0	8	step_2_no_load	3	4	0.59128639594	0.499203529332	4	401	1	
52	0	9	step_1_no_load	1	2	1	645	
52	0	9	step_2_no_load	5	6	0.641106877158	0.496546708465	5	1361	1	
52	0	10	step_1_no_load	1	2	2	839	
52	0	10	step_2_no_load	5	6	0.636063269715	0.482364178155	5	647	1	
52	0	11	step_1_no_load	1	2	1	466	
52	0	11	step_2_no_load	3	4	0.69163818036	0.59022801242	4	581	0	
52	0	12	step_1_no_load	1	2	1	306	
52	0	12	step_2_no_load	3	4	0.682786328054	0.597131918027	4	1186	0	
52	0	13	step_1_no_load	1	2	2	274	
52	0	13	step_2_no_load	5	6	0.558313135925	0.52012981853	5	676	1	
52	0	14	step_1_no_load	1	2	2	1080	
52	0	14	step_2_no_load	5	6	0.545555696267	0.491234392147	5	629	0	
52	0	15	step_1_no_load	1	2	1	305	
52	0	15	step_2_no_load	3	4	0.612260006668	0.633564630036	4	1384	0	
52	0	16	step_1_no_load	1	2	1	438	
52	0	16	step_2_no_load	5	6	0.553308964466	0.510958036527	5	528	1	
52	0	17	step_1_no_load	1	2	1	377	
52	0	17	step_2_no_load	3	4	0.633350170016	0.643116883134	4	716	0	
52	0	18	step_1_no_load	1	2	1	327	
52	0	18	step_2_no_load	3	4	0.626834332012	0.626895526976	3	623	1	
52	0	19	step_1_no_load	1	2	2	322	
52	0	19	step_2_no_load	5	6	0.536502319591	0.498240186199	6	1185	1	
52	0	20	step_1_no_load	1	2	2	528	
52	0	20	step_2_no_load	3	4	0.636521555122	0.60665343963	3	705	0	
52	0	21	step_1_no_load	1	2	1	323	
52	0	21	step_2_no_load	3	4	0.630305464549	0.611328949295	4	768	0	
52	0	22	step_1_no_load	1	2	1	314	
52	0	22	step_2_no_load	3	4	0.621949894727	0.618527126547	3	593	1	
52	0	23	step_1_no_load	1	2	1	336	
52	0	23	step_2_no_load	3	4	0.640163623731	0.604065470975	3	999	1	
52	0	24	step_1_no_load	1	2	1	338	
52	0	24	step_2_no_load	3	4	0.582115115688	0.5800912085	3	573	0	
52	0	25	step_1_no_load	1	2	1	520	
52	0	25	step_2_no_load	5	6	0.503605105412	0.503316372362	5	575	0	
52	0	26	step_1_no_load	1	2	1	298	
52	0	26	step_2_no_load	5	6	0.532884212818	0.511744353778	6	473	0	
52	0	27	step_1_no_load	1	2	2	142	
52	0	27	step_2_no_load	5	6	0.54756089792	0.507272671939	5	621	0	
52	0	28	step_1_no_load	1	2	1	284	
52	0	28	step_2_no_load	5	6	0.553259388875	0.520177259699	6	345	1	
52	0	29	step_1_no_load	1	2	1	327	
52	0	29	step_2_no_load	3	4	0.606613029227	0.618626354124	4	440	1	
52	0	30	step_1_no_load	1	2	1	304	
52	0	30	step_2_no_load	3	4	0.608245979832	0.610227092493	4	439	1	
52	0	31	step_1_no_load	1	2	1	365	
52	0	31	step_2_no_load	3	4	0.636602545794	0.606122691795	4	394	0	
52	0	32	step_1_no_load	1	2	1	336	
52	0	32	step_2_no_load	3	4	0.634585171267	0.605616211083	3	424	1	
52	0	33	step_1_no_load	1	2	1	393	
52	0	33	step_2_no_load	5	6	0.542309898544	0.487664344039	6	744	1	
52	0	34	step_1_no_load	1	2	1	573	
52	0	34	step_2_no_load	3	4	0.575802910074	0.670290552209	3	1041	1	
52	0	35	step_1_no_load	1	2	1	811	
52	0	35	step_2_no_load	3	4	0.566827313385	0.649776015006	4	625	0	
52	0	36	step_1_no_load	1	2	1	347	
52	0	36	step_2_no_load	5	6	0.611274573488	0.513210053121	5	374	0	
52	0	37	step_1_no_load	1	2	1	188	
52	0	37	step_2_no_load	3	4	0.513822304161	0.660658056664	4	347	0	
52	0	38	step_1_no_load	1	2	2	305	
52	0	38	step_2_no_load	5	6	0.595113730206	0.553931241266	5	319	0	
52	0	39	step_1_no_load	1	2	1	338	
52	0	39	step_2_no_load	3	4	0.557005857101	0.634483337633	4	592	1	
52	0	40	step_1_no_load	1	2	2	476	
52	0	40	step_2_no_load	5	6	0.607992802154	0.5691386571	6	571	1	
52	0	41	step_1_no_load	1	2	2	500	
52	0	41	step_2_no_load	5	6	0.588857868869	0.583829055298	5	754	0	
52	0	42	step_1_no_load	1	2	2	321	
52	0	42	step_2_no_load	5	6	0.609164606591	0.553461946234	6	519	1	
52	0	43	step_1_no_load	1	2	2	330	
52	0	43	step_2_no_load	5	6	0.612705031264	0.548128010644	6	381	0	
52	0	44	step_1_no_load	1	2	2	300	
52	0	44	step_2_no_load	5	6	0.611481438855	0.537842745081	5	871	0	
52	0	45	step_1_no_load	1	2	2	493	
52	0	45	step_2_no_load	5	6	0.632991467829	0.5288039409	6	787	1	
52	0	46	step_1_no_load	1	2	1	609	
52	0	46	step_2_no_load	5	6	0.600964500555	0.532238720495	6	763	1	
52	0	47	step_1_no_load	1	2	1	605	
52	0	47	step_2_no_load	5	6	0.598724660986	0.493112702321	6	992	1	
52	0	48	step_1_no_load	1	2	1	324	
52	0	48	step_2_no_load	3	4	0.534690828011	0.657624935632	4	989	1	
52	0	49	step_1_no_load	1	2	2	359	
52	0	49	step_2_no_load	3	4	0.512405963374	0.614679490594	4	580	1	
52	0	50	step_1_no_load	1	2	2	350	
52	0	50	step_2_no_load	5	6	0.606862017918	0.47381367271	5	620	0	
52	0	51	step_1_no_load	1	2	1	353	
52	0	51	step_2_no_load	3	4	0.508197321577	0.613357430892	4	1309	0	
52	0	52	step_1_no_load	1	2	1	232	
52	0	52	step_2_no_load	3	4	0.513589895419	0.613408921915	3	1108	0	
52	0	53	step_1_no_load	1	2	2	295	
52	0	53	step_2_no_load	3	4	0.475342927439	0.630956764252	4	592	1	
52	0	54	step_1_no_load	1	2	2	588	
52	0	54	step_2_no_load	5	6	0.570223904064	0.491512498697	5	1072	0	
52	0	55	step_1_no_load	1	2	1	521	
52	0	55	step_2_no_load	3	4	0.526704292526	0.639840796975	-1	-1	-1	
52	0	56	step_1_no_load	1	2	1	817	
52	0	56	step_2_no_load	3	4	0.538512915562	0.60038825769	3	559	0	
52	0	57	step_1_no_load	1	2	1	320	
52	0	57	step_2_no_load	5	6	0.641849303307	0.466449077359	5	1267	1	
52	0	58	step_1_no_load	1	2	1	328	
52	0	58	step_2_no_load	3	4	0.528376440027	0.610896130115	3	830	1	
52	0	59	step_1_no_load	1	2	1	614	
52	0	59	step_2_no_load	3	4	0.537400760025	0.608951267756	3	822	1	
52	0	60	step_1_no_load	1	2	1	589	
52	0	60	step_2_no_load	3	4	0.479287247283	0.599559577859	3	678	1	
52	0	61	step_1_no_load	1	2	1	324	
52	0	61	step_2_no_load	5	6	0.669587072502	0.464268875813	5	325	1	
52	0	62	step_1_no_load	1	2	1	327	
52	0	62	step_2_no_load	3	4	0.533031417444	0.622820395113	3	433	1	
52	0	63	step_1_no_load	1	2	1	440	
52	0	63	step_2_no_load	3	4	0.519445130796	0.642623127313	3	508	1	
52	0	64	step_1_no_load	1	2	1	465	
52	0	64	step_2_no_load	3	4	0.533849886794	0.626149195169	3	368	1	
52	0	65	step_1_no_load	1	2	1	458	
52	0	65	step_2_no_load	3	4	0.517687993213	0.619953360065	3	580	0	
52	0	66	step_1_no_load	1	2	1	454	
52	0	66	step_2_no_load	3	4	0.555324764318	0.630357351236	4	516	0	
52	0	67	step_1_no_load	1	2	1	272	
52	0	67	step_2_no_load	3	4	0.538279387614	0.674463681351	3	407	0	
52	0	68	step_1_no_load	1	2	2	666	
52	0	68	step_2_no_load	5	6	0.622963076372	0.509127161919	5	591	0	
52	0	69	step_1_no_load	1	2	2	317	
52	0	69	step_2_no_load	3	4	0.560462111264	0.718756538957	4	438	1	
52	0	70	step_1_no_load	1	2	2	259	
52	0	70	step_2_no_load	3	4	0.548075770764	0.697741832068	4	276	0	
52	0	71	step_1_no_load	1	2	2	296	
52	0	71	step_2_no_load	5	6	0.639174917797	0.482863323776	5	1272	0	
52	0	72	step_1_no_load	1	2	2	300	
52	0	72	step_2_no_load	5	6	0.626024641967	0.47409116389	5	903	1	
52	0	73	step_1_no_load	1	2	1	892	
52	0	73	step_2_no_load	5	6	0.657126403029	0.435957313805	5	320	1	
52	0	74	step_1_no_load	1	2	1	382	
52	0	74	step_2_no_load	5	6	0.614462146454	0.453420386428	5	341	0	
52	0	75	step_1_no_load	1	2	1	411	
52	0	75	step_2_no_load	3	4	0.483983914712	0.697629587097	3	324	1	
52	0	76	step_1_no_load	1	2	1	574	
52	0	76	step_2_no_load	3	4	0.518881389358	0.690117652944	3	748	1	
52	0	77	step_1_no_load	1	2	1	565	
52	0	77	step_2_no_load	5	6	0.564257587118	0.446809557226	5	901	0	
52	0	78	step_1_no_load	1	2	1	350	
52	0	78	step_2_no_load	3	4	0.538654072849	0.647586191228	3	527	1	
52	0	79	step_1_no_load	1	2	1	434	
52	0	79	step_2_no_load	3	4	0.540085062695	0.647841624544	3	407	1	
52	0	80	step_1_no_load	1	2	1	364	
52	0	80	step_2_no_load	5	6	0.518583383166	0.396016175285	5	902	1	
52	0	81	step_1_no_load	1	2	1	844	
52	0	81	step_2_no_load	3	4	0.494116554432	0.702400933084	3	865	0	
52	0	82	step_1_no_load	1	2	1	426	
52	0	82	step_2_no_load	3	4	0.482727017837	0.688340116885	3	559	0	
52	0	83	step_1_no_load	1	2	2	526	
52	0	83	step_2_no_load	5	6	0.607907985871	0.382772464038	5	868	1	
52	0	84	step_1_no_load	1	2	2	629	
52	0	84	step_2_no_load	3	4	0.505586222209	0.731466635793	3	742	1	
52	0	85	step_1_no_load	1	2	1	601	
52	0	85	step_2_no_load	5	6	0.692384972752	0.384458259121	5	755	1	
52	0	86	step_1_no_load	1	2	1	444	
52	0	86	step_2_no_load	3	4	0.486462788728	0.721207648497	4	598	0	
52	0	87	step_1_no_load	1	2	1	312	
52	0	87	step_2_no_load	3	4	0.493867001103	0.690012761069	3	834	0	
52	0	88	step_1_no_load	1	2	2	488	
52	0	88	step_2_no_load	5	6	0.717410082358	0.377947492322	5	779	1	
52	0	89	step_1_no_load	1	2	1	685	
52	0	89	step_2_no_load	3	4	0.490019385174	0.660112261017	3	539	0	
52	0	90	step_1_no_load	1	2	1	585	
52	0	90	step_2_no_load	5	6	0.712247848046	0.411459496853	5	758	1	
52	0	91	step_1_no_load	1	2	1	573	
52	0	91	step_2_no_load	3	4	0.479087223222	0.657820521772	3	1030	1	
52	0	92	step_1_no_load	1	2	1	484	
52	0	92	step_2_no_load	3	4	0.484260039873	0.679381608313	3	733	1	
52	0	93	step_1_no_load	1	2	1	565	
52	0	93	step_2_no_load	5	6	0.70415710998	0.439878153082	5	621	1	
52	0	94	step_1_no_load	1	2	1	375	
52	0	94	step_2_no_load	5	6	0.719464414227	0.429211756872	5	581	1	
52	0	95	step_1_no_load	1	2	1	371	
52	0	95	step_2_no_load	5	6	0.715495469274	0.427150666411	5	341	1	
52	0	96	step_1_no_load	1	2	1	628	
52	0	96	step_2_no_load	3	4	0.437558890646	0.663095813561	3	413	0	
52	0	97	step_1_no_load	1	2	1	491	
52	0	97	step_2_no_load	3	4	0.455601814112	0.651202057411	3	563	0	
52	0	98	step_1_no_load	1	2	2	372	
52	0	98	step_2_no_load	5	6	0.70287861952	0.409778171713	5	487	1	
52	0	99	step_1_no_load	1	2	1	420	
52	0	99	step_2_no_load	3	4	0.375249961522	0.645191748454	4	593	1	
52	0	100	step_1_no_load	1	2	2	845	
52	0	100	step_2_no_load	5	6	0.666227451505	0.4333505304	5	527	1	
52	0	101	step_1_no_load	1	2	2	437	
52	0	101	step_2_no_load	5	6	0.623812401974	0.497432607584	5	558	0	
52	0	102	step_1_no_load	1	2	1	277	
52	0	102	step_2_no_load	5	6	0.666304534392	0.494584754513	5	433	1	
52	0	103	step_1_no_load	1	2	1	490	
52	0	103	step_2_no_load	3	4	0.322834495838	0.69058998368	4	991	0	
52	0	104	step_1_no_load	1	2	2	600	
52	0	104	step_2_no_load	5	6	0.703870701136	0.521047445908	6	324	0	
52	0	105	step_1_no_load	1	2	2	361	
52	0	105	step_2_no_load	3	4	0.352639603242	0.722851301692	4	586	0	
52	0	106	step_1_no_load	1	2	2	596	
52	0	106	step_2_no_load	5	6	0.712883638252	0.508908032404	5	883	0	
52	0	107	step_1_no_load	1	2	1	506	
52	0	107	step_2_no_load	3	4	0.388257337796	0.677514185929	3	785	0	
52	0	108	step_1_no_load	1	2	1	367	
52	0	108	step_2_no_load	3	4	0.388185708856	0.681491063126	3	610	1	
52	0	109	step_1_no_load	1	2	1	382	
52	0	109	step_2_no_load	3	4	0.372328831887	0.68658494263	3	625	1	
52	0	110	step_1_no_load	1	2	1	542	
52	0	110	step_2_no_load	3	4	0.395544455384	0.65455226558	3	770	1	
52	0	111	step_1_no_load	1	2	1	518	
52	0	111	step_2_no_load	5	6	0.724852671171	0.384948378665	5	832	0	
52	0	112	step_1_no_load	1	2	1	517	
52	0	112	step_2_no_load	3	4	0.413393106784	0.635252945963	4	940	1	
52	0	113	step_1_no_load	1	2	1	654	
52	0	113	step_2_no_load	3	4	0.387112818105	0.634627459817	4	569	1	
52	0	114	step_1_no_load	1	2	1	980	
52	0	114	step_2_no_load	3	4	0.384736699284	0.657654904272	4	881	1	
52	0	115	step_1_no_load	1	2	1	439	
52	0	115	step_2_no_load	5	6	0.739704344621	0.390027643099	6	682	0	
52	0	116	step_1_no_load	1	2	1	547	
52	0	116	step_2_no_load	3	4	0.369438791876	0.680124293449	3	715	0	
52	0	117	step_1_no_load	1	2	1	679	
52	0	117	step_2_no_load	5	6	0.747012267642	0.374621793791	5	718	0	
52	0	118	step_1_no_load	1	2	1	474	
52	0	118	step_2_no_load	5	6	0.740051715856	0.357645851833	5	484	1	
52	0	119	step_1_no_load	1	2	1	524	
52	0	119	step_2_no_load	3	4	0.358243439099	0.661177321751	3	696	1	
52	0	120	step_1_no_load	1	2	1	598	
52	0	120	step_2_no_load	3	4	0.333809617664	0.666433355915	3	1259	0	
52	0	121	step_1_no_load	1	2	1	555	
52	0	121	step_2_no_load	3	4	0.310775244958	0.671052306195	3	597	0	
52	0	122	step_1_no_load	1	2	1	661	
52	0	122	step_2_no_load	5	6	0.6136886145	0.329624572119	6	350	0	
52	0	123	step_1_no_load	1	2	1	483	
52	0	123	step_2_no_load	3	4	0.269780614928	0.664849878232	3	496	0	
52	0	124	step_1_no_load	1	2	1	869	
52	0	124	step_2_no_load	3	4	0.26095206597	0.624161788269	4	599	1	
52	0	125	step_1_no_load	1	2	1	708	
52	0	125	step_2_no_load	3	4	0.290374841566	0.633566302563	3	853	0	
52	0	126	step_1_no_load	1	2	2	520	
52	0	126	step_2_no_load	5	6	0.537863824328	0.300846667696	5	690	1	
52	0	127	step_1_no_load	1	2	1	1316	
52	0	127	step_2_no_load	5	6	0.560824094575	0.274944938508	5	1155	0	
52	0	128	step_1_no_load	1	2	1	439	
52	0	128	step_2_no_load	3	4	0.260252451606	0.620672334996	3	642	1	
52	0	129	step_1_no_load	1	2	1	402	
52	0	129	step_2_no_load	3	4	0.268213321963	0.632682846317	3	681	1	
52	0	130	step_1_no_load	1	2	1	408	
52	0	130	step_2_no_load	3	4	0.267460866951	0.630285316669	3	527	1	
52	0	131	step_1_no_load	1	2	1	390	
52	0	131	step_2_no_load	3	4	0.281500842289	0.638450601212	3	466	0	
52	0	132	step_1_no_load	1	2	2	349	
52	0	132	step_2_no_load	5	6	0.668578020634	0.315328810424	6	778	1	
52	0	133	step_1_no_load	1	2	2	457	
52	0	133	step_2_no_load	3	4	0.315608831386	0.691649444281	4	401	1	
52	0	134	step_1_no_load	1	2	2	484	
52	0	134	step_2_no_load	5	6	0.621945110858	0.302839427162	6	277	0	
52	0	135	step_1_no_load	1	2	1	1067	
52	0	135	step_2_no_load	3	4	0.300079459047	0.700779221781	3	846	0	
52	0	136	step_1_no_load	1	2	2	316	
52	0	136	step_2_no_load	3	4	0.307766925452	0.674914008636	4	429	0	
52	0	137	step_1_no_load	1	2	2	400	
52	0	137	step_2_no_load	3	4	0.346433498467	0.668540846495	4	282	0	
52	0	138	step_1_no_load	1	2	2	493	
52	0	138	step_2_no_load	5	6	0.63240964674	0.307694123906	5	288	0	
52	0	139	step_1_no_load	1	2	2	319	
52	0	139	step_2_no_load	5	6	0.636630981281	0.323660750961	6	549	0	
52	0	140	step_1_no_load	1	2	2	464	
52	0	140	step_2_no_load	5	6	0.671213945178	0.328174526491	6	507	0	
52	0	141	step_1_no_load	1	2	1	496	
52	0	141	step_2_no_load	3	4	0.390227133375	0.616803346728	3	597	1	
52	0	142	step_1_no_load	1	2	1	551	
52	0	142	step_2_no_load	3	4	0.397052682821	0.627356259123	3	493	0	
52	0	143	step_1_no_load	1	2	1	515	
52	0	143	step_2_no_load	3	4	0.410970957547	0.610219102298	4	469	1	
52	0	144	step_1_no_load	1	2	1	392	
52	0	144	step_2_no_load	3	4	0.389234194056	0.639347300184	4	642	0	
52	0	145	step_1_no_load	1	2	1	568	
52	0	145	step_2_no_load	5	6	0.6669125229	0.266265924094	5	513	1	
52	0	146	step_1_no_load	1	2	1	622	
52	0	146	step_2_no_load	5	6	0.681611991725	0.257861956214	-1	-1	-1	
52	0	147	step_1_no_load	1	2	2	180	
52	0	147	step_2_no_load	5	6	0.647798886916	0.265578160642	5	578	1	
52	0	148	step_1_no_load	1	2	2	500	
52	0	148	step_2_no_load	3	4	0.311162711725	0.648050021239	4	620	1	
52	0	149	step_1_no_load	1	2	2	469	
52	0	149	step_2_no_load	5	6	0.601870110183	0.269951834184	6	500	0	
52	0	150	step_1_no_load	1	2	2	475	
52	0	150	step_2_no_load	3	4	0.306860041627	0.605912419156	4	634	1	
52	0	151	step_1_no_load	1	2	2	415	
52	0	151	step_2_no_load	5	6	0.59154759351	0.348172164421	5	810	0	
52	0	152	step_1_no_load	1	2	2	450	
52	0	152	step_2_no_load	5	6	0.595108765344	0.307702500543	6	1155	0	
52	0	153	step_1_no_load	1	2	2	706	
52	0	153	step_2_no_load	5	6	0.613336203392	0.309356532263	6	519	0	
52	0	154	step_1_no_load	1	2	2	398	
52	0	154	step_2_no_load	5	6	0.638934099562	0.316375537537	5	375	0	
52	0	155	step_1_no_load	1	2	1	279	
52	0	155	step_2_no_load	3	4	0.372188990474	0.716100930629	3	471	0	
52	0	156	step_1_no_load	1	2	1	381	
52	0	156	step_2_no_load	3	4	0.368378667812	0.734436160799	4	679	1	
52	0	157	step_1_no_load	1	2	1	419	
52	0	157	step_2_no_load	5	6	0.585191807512	0.350909357271	5	628	1	
52	0	158	step_1_no_load	1	2	1	388	
52	0	158	step_2_no_load	5	6	0.532722108502	0.408728803896	5	618	0	
52	0	159	step_1_no_load	1	2	1	384	
52	0	159	step_2_no_load	3	4	0.321150411254	0.697903160072	3	233	1	
52	0	160	step_1_no_load	1	2	1	333	
52	0	160	step_2_no_load	3	4	0.355992626298	0.710728171711	3	462	1	
52	0	161	step_1_no_load	1	2	1	314	
52	0	161	step_2_no_load	3	4	0.438878285506	0.719896286569	3	378	0	
52	0	162	step_1_no_load	1	2	1	306	
52	0	162	step_2_no_load	3	4	0.455329532209	0.695144769903	4	561	1	
52	0	163	step_1_no_load	1	2	2	587	
52	0	163	step_2_no_load	3	4	0.430920885959	0.697095951435	3	477	0	
52	0	164	step_1_no_load	1	2	2	404	
52	0	164	step_2_no_load	5	6	0.585961845322	0.432761720497	6	477	1	
52	0	165	step_1_no_load	1	2	2	470	
52	0	165	step_2_no_load	5	6	0.538026607649	0.463777557969	6	376	0	
52	0	166	step_1_no_load	1	2	2	380	
52	0	166	step_2_no_load	3	4	0.356317216644	0.686594248975	4	864	0	
52	0	167	step_1_no_load	1	2	1	433	
52	0	167	step_2_no_load	5	6	0.585131062446	0.38753671275	5	395	0	
52	0	168	step_1_no_load	1	2	1	329	
52	0	168	step_2_no_load	5	6	0.613361520676	0.400817642375	6	349	1	
52	0	169	step_1_no_load	1	2	1	676	
52	0	169	step_2_no_load	3	4	0.365156560071	0.704981910944	4	369	1	
52	0	170	step_1_no_load	1	2	1	611	
52	0	170	step_2_no_load	5	6	0.57151385403	0.411067820436	6	427	0	
52	0	171	step_1_no_load	1	2	1	382	
52	0	171	step_2_no_load	3	4	0.425122034074	0.727248140829	3	530	0	
52	0	172	step_1_no_load	1	2	1	427	
52	0	172	step_2_no_load	3	4	0.490120307546	0.668669556875	3	573	1	
52	0	173	step_1_no_load	1	2	1	1029	
52	0	173	step_2_no_load	3	4	0.462866379815	0.667027212577	4	976	0	
52	0	174	step_1_no_load	1	2	1	629	
52	0	174	step_2_no_load	5	6	0.472729524832	0.387867297446	5	404	1	
52	0	175	step_1_no_load	1	2	1	633	
52	0	175	step_2_no_load	3	4	0.484825491933	0.693968268443	4	514	0	
52	0	176	step_1_no_load	1	2	1	447	
52	0	176	step_2_no_load	3	4	0.500856457218	0.679250000396	3	618	0	
52	0	177	step_1_no_load	1	2	1	422	
52	0	177	step_2_no_load	5	6	0.501268576771	0.357425668099	5	506	0	
52	0	178	step_1_no_load	1	2	1	461	
52	0	178	step_2_no_load	3	4	0.49020858644	0.705993797498	3	652	0	
52	0	179	step_1_no_load	1	2	1	360	
52	0	179	step_2_no_load	5	6	0.457298770028	0.324685418097	5	767	0	
52	0	180	step_1_no_load	1	2	1	495	
52	0	180	step_2_no_load	3	4	0.489345734128	0.719795072986	4	636	0	
52	0	181	step_1_no_load	1	2	2	521	
52	0	181	step_2_no_load	5	6	0.508735114046	0.342402764747	5	984	1	
52	0	182	step_1_no_load	1	2	2	694	
52	0	182	step_2_no_load	5	6	0.506773281362	0.340533666308	5	559	1	
52	0	183	step_1_no_load	1	2	2	381	
52	0	183	step_2_no_load	5	6	0.502991759047	0.350175837802	5	552	0	
52	0	184	step_1_no_load	1	2	2	378	
52	0	184	step_2_no_load	3	4	0.480863422096	0.657291439324	4	394	1	
52	0	185	step_1_no_load	1	2	2	340	
52	0	185	step_2_no_load	5	6	0.479703516092	0.362611152222	6	623	0	
52	0	186	step_1_no_load	1	2	2	412	
52	0	186	step_2_no_load	3	4	0.484672582719	0.656308636836	3	714	0	
52	0	187	step_1_no_load	1	2	2	838	
52	0	187	step_2_no_load	5	6	0.443962917772	0.328890769988	6	448	0	
52	0	188	step_1_no_load	1	2	2	449	
52	0	188	step_2_no_load	3	4	0.548350535247	0.696362660087	4	1059	1	
52	0	189	step_1_no_load	1	2	2	694	
52	0	189	step_2_no_load	3	4	0.534753756004	0.688353284054	3	704	0	
52	0	190	step_1_no_load	1	2	1	522	
52	0	190	step_2_no_load	3	4	0.505820429042	0.667655825994	3	723	1	
52	0	191	step_1_no_load	1	2	1	569	
52	0	191	step_2_no_load	5	6	0.435748387321	0.318839908867	6	723	0	
52	0	192	step_1_no_load	1	2	1	495	
52	0	192	step_2_no_load	3	4	0.493851022417	0.705517419189	3	624	1	
52	0	193	step_1_no_load	1	2	1	596	
52	0	193	step_2_no_load	3	4	0.504944704439	0.679792491164	3	577	0	
52	0	194	step_1_no_load	1	2	1	529	
52	0	194	step_2_no_load	3	4	0.505359594715	0.655261361454	4	437	1	
52	0	195	step_1_no_load	1	2	1	395	
52	0	195	step_2_no_load	3	4	0.494102184238	0.646280688878	4	747	1	
52	0	196	step_1_no_load	1	2	1	604	
52	0	196	step_2_no_load	3	4	0.496717662777	0.695101215304	4	1336	1	
52	0	197	step_1_no_load	1	2	1	481	
52	0	197	step_2_no_load	3	4	0.47786945426	0.686552522522	4	498	0	
52	0	198	step_1_no_load	1	2	1	410	
52	0	198	step_2_no_load	3	4	0.485065498391	0.68660989813	3	789	0	
52	0	199	step_1_no_load	1	2	1	320	
52	0	199	step_2_no_load	3	4	0.529438031858	0.73697129762	4	491	0	
52	0	200	step_1_no_load	1	2	1	334	
52	0	200	step_2_no_load	3	4	0.507902534353	0.728996708473	4	920	1	

Fri May  5 13:42:38 2017
