Fri May 19 15:03:49 2017	
56	0	1	step_1_no_load	1	2	1	977	
56	0	1	step_2_no_load	5	6	0.511789129507	0.598297890399	5	1208	1	
56	0	2	step_1_no_load	1	2	2	989	
56	0	2	step_2_no_load	5	6	0.533203491871	0.580156942153	5	439	1	
56	0	3	step_1_no_load	1	2	2	369	
56	0	3	step_2_no_load	5	6	0.516002945397	0.584197065669	5	291	1	
56	0	4	step_1_no_load	1	2	2	341	
56	0	4	step_2_no_load	5	6	0.494597764192	0.597491569846	5	390	0	
56	0	5	step_1_no_load	1	2	2	303	
56	0	5	step_2_no_load	5	6	0.543908521457	0.623810210114	5	319	1	
56	0	6	step_1_no_load	1	2	2	316	
56	0	6	step_2_no_load	5	6	0.490454120702	0.585722686883	5	267	1	
56	0	7	step_1_no_load	1	2	2	285	
56	0	7	step_2_no_load	5	6	0.506408070053	0.568656746487	5	320	0	
56	0	8	step_1_no_load	1	2	2	279	
56	0	8	step_2_no_load	5	6	0.499203529332	0.59128639594	5	370	0	
56	0	9	step_1_no_load	1	2	2	264	
56	0	9	step_2_no_load	5	6	0.54429228266	0.598049061473	5	303	0	
56	0	10	step_1_no_load	1	2	2	455	
56	0	10	step_2_no_load	3	4	0.482364178155	0.636063269715	4	356	1	
56	0	11	step_1_no_load	1	2	1	348	
56	0	11	step_2_no_load	5	6	0.59022801242	0.69163818036	6	389	1	
56	0	12	step_1_no_load	1	2	1	571	
56	0	12	step_2_no_load	5	6	0.597131918027	0.682786328054	6	588	1	
56	0	13	step_1_no_load	1	2	2	412	
56	0	13	step_2_no_load	3	4	0.52012981853	0.558313135925	4	706	1	
56	0	14	step_1_no_load	1	2	2	508	
56	0	14	step_2_no_load	5	6	0.611256675753	0.629137942344	6	737	1	
56	0	15	step_1_no_load	1	2	2	593	
56	0	15	step_2_no_load	3	4	0.505377237737	0.570419113221	4	776	1	
56	0	16	step_1_no_load	1	2	2	581	
56	0	16	step_2_no_load	3	4	0.510958036527	0.553308964466	4	527	1	
56	0	17	step_1_no_load	1	2	2	327	
56	0	17	step_2_no_load	3	4	0.535958400205	0.562895132605	4	482	1	
56	0	18	step_1_no_load	1	2	2	289	
56	0	18	step_2_no_load	5	6	0.626895526976	0.626834332012	6	874	1	
56	0	19	step_1_no_load	1	2	2	318	
56	0	19	step_2_no_load	3	4	0.498240186199	0.536502319591	4	744	0	
56	0	20	step_1_no_load	1	2	2	849	
56	0	20	step_2_no_load	5	6	0.60665343963	0.636521555122	6	565	0	
56	0	21	step_1_no_load	1	2	2	838	
56	0	21	step_2_no_load	5	6	0.611328949295	0.630305464549	5	473	1	
56	0	22	step_1_no_load	1	2	2	374	
56	0	22	step_2_no_load	5	6	0.618527126547	0.621949894727	5	344	1	
56	0	23	step_1_no_load	1	2	2	344	
56	0	23	step_2_no_load	5	6	0.604065470975	0.640163623731	5	452	1	
56	0	24	step_1_no_load	1	2	2	333	
56	0	24	step_2_no_load	3	4	0.505388876622	0.503316199018	3	406	0	
56	0	25	step_1_no_load	1	2	2	334	
56	0	25	step_2_no_load	3	4	0.503316372362	0.503605105412	4	484	0	
56	0	26	step_1_no_load	1	2	2	300	
56	0	26	step_2_no_load	3	4	0.511744353778	0.532884212818	4	377	1	
56	0	27	step_1_no_load	1	2	2	276	
56	0	27	step_2_no_load	3	4	0.507272671939	0.54756089792	4	352	0	
56	0	28	step_1_no_load	1	2	2	416	
56	0	28	step_2_no_load	3	4	0.520177259699	0.553259388875	3	402	1	
56	0	29	step_1_no_load	1	2	2	336	
56	0	29	step_2_no_load	5	6	0.618626354124	0.606613029227	6	737	1	
56	0	30	step_1_no_load	1	2	2	399	
56	0	30	step_2_no_load	3	4	0.4919199548	0.574272497114	3	1328	1	
56	0	31	step_1_no_load	1	2	2	433	
56	0	31	step_2_no_load	5	6	0.606122691795	0.636602545794	6	866	1	
56	0	32	step_1_no_load	1	2	2	307	
56	0	32	step_2_no_load	5	6	0.605616211083	0.634585171267	6	417	1	
56	0	33	step_1_no_load	1	2	2	345	
56	0	33	step_2_no_load	5	6	0.618000238621	0.611700032906	6	391	0	
56	0	34	step_1_no_load	1	2	2	348	
56	0	34	step_2_no_load	5	6	0.670290552209	0.575802910074	6	698	0	
56	0	35	step_1_no_load	1	2	2	347	
56	0	35	step_2_no_load	5	6	0.649776015006	0.566827313385	5	437	1	
56	0	36	step_1_no_load	1	2	2	344	
56	0	36	step_2_no_load	3	4	0.513210053121	0.611274573488	3	1332	0	
56	0	37	step_1_no_load	1	2	2	332	
56	0	37	step_2_no_load	5	6	0.660658056664	0.513822304161	6	449	0	
56	0	38	step_1_no_load	1	2	2	332	
56	0	38	step_2_no_load	5	6	0.651263699161	0.539078491643	5	652	1	
56	0	39	step_1_no_load	1	2	2	488	
56	0	39	step_2_no_load	5	6	0.634483337633	0.557005857101	5	396	1	
56	0	40	step_1_no_load	1	2	2	485	
56	0	40	step_2_no_load	5	6	0.636994900683	0.580760785074	5	397	1	
56	0	41	step_1_no_load	1	2	2	290	
56	0	41	step_2_no_load	5	6	0.633285941184	0.524862294848	5	338	1	
56	0	42	step_1_no_load	1	2	2	270	
56	0	42	step_2_no_load	5	6	0.606696263624	0.533857158543	5	377	0	
56	0	43	step_1_no_load	1	2	2	266	
56	0	43	step_2_no_load	5	6	0.581931546759	0.553703096215	6	329	0	
56	0	44	step_1_no_load	1	2	2	253	
56	0	44	step_2_no_load	5	6	0.589653131867	0.541854396676	6	389	1	
56	0	45	step_1_no_load	1	2	2	339	
56	0	45	step_2_no_load	5	6	0.620699591043	0.579346234508	6	321	1	
56	0	46	step_1_no_load	1	2	2	332	
56	0	46	step_2_no_load	5	6	0.654261318712	0.55511883717	6	653	0	
56	0	47	step_1_no_load	1	2	2	390	
56	0	47	step_2_no_load	5	6	0.634373567175	0.546259467838	5	963	1	
56	0	48	step_1_no_load	1	2	2	509	
56	0	48	step_2_no_load	3	4	0.488280685105	0.615767119776	3	433	1	
56	0	49	step_1_no_load	1	2	1	430	
56	0	49	step_2_no_load	3	4	0.489287375157	0.610193185592	3	355	1	
56	0	50	step_1_no_load	1	2	1	335	
56	0	50	step_2_no_load	3	4	0.47381367271	0.606862017918	3	480	0	
56	0	51	step_1_no_load	1	2	2	383	
56	0	51	step_2_no_load	5	6	0.613357430892	0.508197321577	6	318	1	
56	0	52	step_1_no_load	1	2	2	287	
56	0	52	step_2_no_load	5	6	0.613408921915	0.513589895419	6	389	0	
56	0	53	step_1_no_load	1	2	2	273	
56	0	53	step_2_no_load	5	6	0.630956764252	0.475342927439	6	843	0	
56	0	54	step_1_no_load	1	2	2	463	
56	0	54	step_2_no_load	3	4	0.491512498697	0.570223904064	3	1060	1	
56	0	55	step_1_no_load	1	2	1	300	
56	0	55	step_2_no_load	5	6	0.639840796975	0.526704292526	5	581	0	
56	0	56	step_1_no_load	1	2	1	404	
56	0	56	step_2_no_load	3	4	0.459773408493	0.601856598146	3	363	0	
56	0	57	step_1_no_load	1	2	1	273	
56	0	57	step_2_no_load	3	4	0.466449077359	0.641849303307	3	332	1	
56	0	58	step_1_no_load	1	2	1	293	
56	0	58	step_2_no_load	3	4	0.478335218822	0.664682809182	3	342	0	
56	0	59	step_1_no_load	1	2	2	450	
56	0	59	step_2_no_load	5	6	0.608951267756	0.537400760025	6	530	1	
56	0	60	step_1_no_load	1	2	2	409	
56	0	60	step_2_no_load	3	4	0.491916707098	0.623687406259	4	508	1	
56	0	61	step_1_no_load	1	2	2	273	
56	0	61	step_2_no_load	5	6	0.602879526975	0.527144452559	6	334	1	
56	0	62	step_1_no_load	1	2	2	300	
56	0	62	step_2_no_load	5	6	0.622820395113	0.533031417444	6	358	0	
56	0	63	step_1_no_load	1	2	2	312	
56	0	63	step_2_no_load	5	6	0.642623127313	0.519445130796	5	810	1	
56	0	64	step_1_no_load	1	2	2	281	
56	0	64	step_2_no_load	5	6	0.626149195169	0.533849886794	5	330	1	
56	0	65	step_1_no_load	1	2	2	297	
56	0	65	step_2_no_load	3	4	0.569109504048	0.612660225018	3	314	0	
56	0	66	step_1_no_load	1	2	2	440	
56	0	66	step_2_no_load	3	4	0.573761869714	0.606938648072	4	585	0	
56	0	67	step_1_no_load	1	2	2	288	
56	0	67	step_2_no_load	5	6	0.674463681351	0.538279387614	6	376	1	
56	0	68	step_1_no_load	1	2	2	490	
56	0	68	step_2_no_load	5	6	0.719455209845	0.523301545299	6	372	1	
56	0	69	step_1_no_load	1	2	2	333	
56	0	69	step_2_no_load	5	6	0.718756538957	0.560462111264	6	383	1	
56	0	70	step_1_no_load	1	2	2	331	
56	0	70	step_2_no_load	5	6	0.697741832068	0.548075770764	6	358	1	
56	0	71	step_1_no_load	1	2	2	279	
56	0	71	step_2_no_load	5	6	0.706816191949	0.546215110045	6	339	1	
56	0	72	step_1_no_load	1	2	2	463	
56	0	72	step_2_no_load	5	6	0.705884789502	0.556486305476	6	434	1	
56	0	73	step_1_no_load	1	2	2	404	
56	0	73	step_2_no_load	5	6	0.727961155836	0.50185699984	6	677	1	
56	0	74	step_1_no_load	1	2	2	289	
56	0	74	step_2_no_load	5	6	0.693624670847	0.491044983779	6	439	0	
56	0	75	step_1_no_load	1	2	2	390	
56	0	75	step_2_no_load	5	6	0.697629587097	0.483983914712	6	759	1	
56	0	76	step_1_no_load	1	2	2	446	
56	0	76	step_2_no_load	5	6	0.690117652944	0.518881389358	5	493	1	
56	0	77	step_1_no_load	1	2	2	424	
56	0	77	step_2_no_load	5	6	0.679737625371	0.538119616568	5	645	0	
56	0	78	step_1_no_load	1	2	2	652	
56	0	78	step_2_no_load	5	6	0.647586191228	0.538654072849	6	669	0	
56	0	79	step_1_no_load	1	2	2	565	
56	0	79	step_2_no_load	3	4	0.389124152368	0.513695512795	4	566	0	
56	0	80	step_1_no_load	1	2	2	569	
56	0	80	step_2_no_load	5	6	0.703969305517	0.49921021142	6	765	1	
56	0	81	step_1_no_load	1	2	2	513	
56	0	81	step_2_no_load	5	6	0.702400933084	0.494116554432	6	546	0	
56	0	82	step_1_no_load	1	2	2	711	
56	0	82	step_2_no_load	3	4	0.395813831323	0.564729328387	4	655	1	
56	0	83	step_1_no_load	1	2	2	556	
56	0	83	step_2_no_load	5	6	0.726885136842	0.483255412498	6	551	0	
56	0	84	step_1_no_load	1	2	2	452	
56	0	84	step_2_no_load	5	6	0.731466635793	0.505586222209	6	450	1	
56	0	85	step_1_no_load	1	2	2	296	
56	0	85	step_2_no_load	5	6	0.712989604416	0.485785534744	6	438	0	
56	0	86	step_1_no_load	1	2	2	556	
56	0	86	step_2_no_load	5	6	0.721207648497	0.486462788728	5	475	1	
56	0	87	step_1_no_load	1	2	2	348	
56	0	87	step_2_no_load	5	6	0.690012761069	0.493867001103	5	378	1	
56	0	88	step_1_no_load	1	2	2	323	
56	0	88	step_2_no_load	5	6	0.696773608304	0.509563243675	5	365	0	
56	0	89	step_1_no_load	1	2	2	294	
56	0	89	step_2_no_load	5	6	0.660112261017	0.490019385174	6	431	1	
56	0	90	step_1_no_load	1	2	2	310	
56	0	90	step_2_no_load	5	6	0.688736868033	0.530126112124	6	425	0	
56	0	91	step_1_no_load	1	2	1	306	
56	0	91	step_2_no_load	3	4	0.43534164751	0.685023809334	3	365	0	
56	0	92	step_1_no_load	1	2	1	448	
56	0	92	step_2_no_load	5	6	0.679381608313	0.484260039873	6	1144	0	
56	0	93	step_1_no_load	1	2	1	391	
56	0	93	step_2_no_load	3	4	0.439878153082	0.70415710998	4	643	1	
56	0	94	step_1_no_load	1	2	1	383	
56	0	94	step_2_no_load	5	6	0.668295023896	0.468637558205	-1	-1	-1	
56	0	95	step_1_no_load	1	2	1	580	
56	0	95	step_2_no_load	3	4	0.427150666411	0.715495469274	3	502	0	
56	0	96	step_1_no_load	1	2	1	480	
56	0	96	step_2_no_load	3	4	0.383038640121	0.693739812506	4	592	1	
56	0	97	step_1_no_load	1	2	1	481	
56	0	97	step_2_no_load	5	6	0.651202057411	0.455601814112	6	944	0	
56	0	98	step_1_no_load	1	2	2	488	
56	0	98	step_2_no_load	5	6	0.646040060297	0.431479829356	5	467	0	
56	0	99	step_1_no_load	1	2	1	470	
56	0	99	step_2_no_load	5	6	0.645191748454	0.375249961522	5	314	0	
56	0	100	step_1_no_load	1	2	2	419	
56	0	100	step_2_no_load	5	6	0.66579920021	0.363162156005	6	378	0	
56	0	101	step_1_no_load	1	2	2	373	
56	0	101	step_2_no_load	3	4	0.497432607584	0.623812401974	4	511	1	
56	0	102	step_1_no_load	1	2	2	447	
56	0	102	step_2_no_load	5	6	0.663124617603	0.326080462175	6	429	0	
56	0	103	step_1_no_load	1	2	2	273	
56	0	103	step_2_no_load	3	4	0.481975449893	0.663997796029	4	784	0	
56	0	104	step_1_no_load	1	2	1	374	
56	0	104	step_2_no_load	5	6	0.743372642809	0.303696146503	5	258	1	
56	0	105	step_1_no_load	1	2	2	331	
56	0	105	step_2_no_load	5	6	0.722851301692	0.352639603242	5	326	1	
56	0	106	step_1_no_load	1	2	2	270	
56	0	106	step_2_no_load	3	4	0.508908032404	0.712883638252	3	289	1	
56	0	107	step_1_no_load	1	2	1	259	
56	0	107	step_2_no_load	3	4	0.565220528809	0.692607431435	3	458	0	
56	0	108	step_1_no_load	1	2	1	278	
56	0	108	step_2_no_load	3	4	0.526955028982	0.695928523711	3	719	0	
56	0	109	step_1_no_load	1	2	1	489	
56	0	109	step_2_no_load	3	4	0.479977531501	0.71632547018	4	563	1	
56	0	110	step_1_no_load	1	2	1	329	
56	0	110	step_2_no_load	3	4	0.432626681236	0.729599891941	4	767	0	
56	0	111	step_1_no_load	1	2	1	280	
56	0	111	step_2_no_load	5	6	0.634599547742	0.407158158569	5	422	1	
56	0	112	step_1_no_load	1	2	1	931	
56	0	112	step_2_no_load	3	4	0.392887565883	0.725701866094	3	387	0	
56	0	113	step_1_no_load	1	2	1	298	
56	0	113	step_2_no_load	3	4	0.370697120277	0.719324307956	4	486	1	
56	0	114	step_1_no_load	1	2	1	289	
56	0	114	step_2_no_load	3	4	0.380324086676	0.718213323791	4	462	1	
56	0	115	step_1_no_load	1	2	1	355	
56	0	115	step_2_no_load	3	4	0.390027643099	0.739704344621	4	548	1	
56	0	116	step_1_no_load	1	2	1	333	
56	0	116	step_2_no_load	3	4	0.378149844807	0.706736514943	4	502	1	
56	0	117	step_1_no_load	1	2	1	303	
56	0	117	step_2_no_load	5	6	0.671842537277	0.363056877927	5	1227	0	
56	0	118	step_1_no_load	1	2	1	331	
56	0	118	step_2_no_load	3	4	0.357645851833	0.740051715856	3	718	1	
56	0	119	step_1_no_load	1	2	1	454	
56	0	119	step_2_no_load	3	4	0.357515098446	0.690424535099	3	652	0	
56	0	120	step_1_no_load	1	2	1	276	
56	0	120	step_2_no_load	3	4	0.370150243662	0.70587238626	4	390	1	
56	0	121	step_1_no_load	1	2	1	295	
56	0	121	step_2_no_load	3	4	0.352721767208	0.658856304095	4	460	1	
56	0	122	step_1_no_load	1	2	1	596	
56	0	122	step_2_no_load	5	6	0.672193618854	0.266650857402	-1	-1	-1	
56	0	123	step_1_no_load	1	2	1	488	
56	0	123	step_2_no_load	3	4	0.337526896345	0.583607229978	4	1092	0	
56	0	124	step_1_no_load	1	2	1	417	
56	0	124	step_2_no_load	3	4	0.309430836661	0.603013298253	3	417	1	
56	0	125	step_1_no_load	1	2	1	322	
56	0	125	step_2_no_load	3	4	0.303110862715	0.559596800931	3	532	1	
56	0	126	step_1_no_load	1	2	1	349	
56	0	126	step_2_no_load	3	4	0.300846667696	0.537863824328	3	440	1	
56	0	127	step_1_no_load	1	2	1	418	
56	0	127	step_2_no_load	3	4	0.274944938508	0.560824094575	3	347	0	
56	0	128	step_1_no_load	1	2	1	306	
56	0	128	step_2_no_load	3	4	0.250790232267	0.636905534066	3	356	1	
56	0	129	step_1_no_load	1	2	1	493	
56	0	129	step_2_no_load	5	6	0.632682846317	0.268213321963	6	1198	0	
56	0	130	step_1_no_load	1	2	1	1061	
56	0	130	step_2_no_load	5	6	0.630285316669	0.267460866951	-1	-1	-1	
56	0	131	step_1_no_load	1	2	1	664	
56	0	131	step_2_no_load	3	4	0.311475039155	0.678044920845	3	362	1	
56	0	132	step_1_no_load	1	2	1	560	
56	0	132	step_2_no_load	5	6	0.660013924697	0.27986961048	5	348	1	
56	0	133	step_1_no_load	1	2	1	300	
56	0	133	step_2_no_load	3	4	0.312642735495	0.617383991623	3	379	0	
56	0	134	step_1_no_load	1	2	1	281	
56	0	134	step_2_no_load	5	6	0.685529359147	0.287393715313	5	393	1	
56	0	135	step_1_no_load	1	2	1	1269	
56	0	135	step_2_no_load	5	6	0.700779221781	0.300079459047	6	815	0	
56	0	136	step_1_no_load	1	2	2	300	
56	0	136	step_2_no_load	5	6	0.674914008636	0.307766925452	5	323	0	
56	0	137	step_1_no_load	1	2	2	373	
56	0	137	step_2_no_load	5	6	0.668540846495	0.346433498467	5	418	1	
56	0	138	step_1_no_load	1	2	2	350	
56	0	138	step_2_no_load	5	6	0.688182193337	0.366701525561	5	311	1	
56	0	139	step_1_no_load	1	2	2	294	
56	0	139	step_2_no_load	5	6	0.696355985729	0.325611400511	5	286	1	
56	0	140	step_1_no_load	1	2	2	414	
56	0	140	step_2_no_load	5	6	0.637682840728	0.348740542008	5	307	1	
56	0	141	step_1_no_load	1	2	2	385	
56	0	141	step_2_no_load	5	6	0.616803346728	0.390227133375	5	323	1	
56	0	142	step_1_no_load	1	2	2	416	
56	0	142	step_2_no_load	3	4	0.304203281606	0.690276058009	3	412	0	
56	0	143	step_1_no_load	1	2	1	630	
56	0	143	step_2_no_load	5	6	0.610219102298	0.410970957547	5	1015	0	
56	0	144	step_1_no_load	1	2	2	593	
56	0	144	step_2_no_load	5	6	0.639347300184	0.389234194056	5	414	1	
56	0	145	step_1_no_load	1	2	2	414	
56	0	145	step_2_no_load	3	4	0.266265924094	0.6669125229	3	407	0	
56	0	146	step_1_no_load	1	2	2	375	
56	0	146	step_2_no_load	3	4	0.257861956214	0.681611991725	4	659	1	
56	0	147	step_1_no_load	1	2	2	571	
56	0	147	step_2_no_load	5	6	0.594861186319	0.352879785946	6	714	0	
56	0	148	step_1_no_load	1	2	2	591	
56	0	148	step_2_no_load	5	6	0.648050021239	0.311162711725	6	751	0	
56	0	149	step_1_no_load	1	2	2	388	
56	0	149	step_2_no_load	5	6	0.623203869836	0.300290206122	6	668	1	
56	0	150	step_1_no_load	1	2	2	610	
56	0	150	step_2_no_load	5	6	0.605912419156	0.306860041627	6	1360	1	
56	0	151	step_1_no_load	1	2	2	775	
56	0	151	step_2_no_load	3	4	0.348172164421	0.59154759351	4	642	0	
56	0	152	step_1_no_load	1	2	2	463	
56	0	152	step_2_no_load	5	6	0.644204174791	0.323194010514	6	522	1	
56	0	153	step_1_no_load	1	2	2	482	
56	0	153	step_2_no_load	5	6	0.681559292085	0.343622632154	5	1093	0	
56	0	154	step_1_no_load	1	2	2	451	
56	0	154	step_2_no_load	5	6	0.671672162443	0.348349389262	5	386	1	
56	0	155	step_1_no_load	1	2	2	350	
56	0	155	step_2_no_load	3	4	0.296093457977	0.632486591889	3	333	1	
56	0	156	step_1_no_load	1	2	2	346	
56	0	156	step_2_no_load	3	4	0.32564867104	0.631048201903	3	360	1	
56	0	157	step_1_no_load	1	2	2	676	
56	0	157	step_2_no_load	5	6	0.720725456325	0.324728201487	5	398	0	
56	0	158	step_1_no_load	1	2	1	269	
56	0	158	step_2_no_load	3	4	0.408728803896	0.532722108502	3	489	0	
56	0	159	step_1_no_load	1	2	1	364	
56	0	159	step_2_no_load	3	4	0.413026375257	0.541222065796	3	310	0	
56	0	160	step_1_no_load	1	2	1	640	
56	0	160	step_2_no_load	3	4	0.415052912783	0.521229931064	4	394	1	
56	0	161	step_1_no_load	1	2	1	329	
56	0	161	step_2_no_load	3	4	0.407025633682	0.516036498158	4	432	1	
56	0	162	step_1_no_load	1	2	1	497	
56	0	162	step_2_no_load	3	4	0.3926701003	0.566496468084	3	476	0	
56	0	163	step_1_no_load	1	2	1	453	
56	0	163	step_2_no_load	5	6	0.697095951435	0.430920885959	5	399	1	
56	0	164	step_1_no_load	1	2	2	806	
56	0	164	step_2_no_load	5	6	0.692137394606	0.430844125626	5	727	0	
56	0	165	step_1_no_load	1	2	2	399	
56	0	165	step_2_no_load	5	6	0.717506143195	0.347974240867	5	462	1	
56	0	166	step_1_no_load	1	2	2	429	
56	0	166	step_2_no_load	5	6	0.686594248975	0.356317216644	5	479	0	
56	0	167	step_1_no_load	1	2	2	677	
56	0	167	step_2_no_load	3	4	0.38753671275	0.585131062446	3	1098	0	
56	0	168	step_1_no_load	1	2	2	590	
56	0	168	step_2_no_load	3	4	0.400817642375	0.613361520676	4	789	0	
56	0	169	step_1_no_load	1	2	2	393	
56	0	169	step_2_no_load	5	6	0.704981910944	0.365156560071	6	409	1	
56	0	170	step_1_no_load	1	2	2	592	
56	0	170	step_2_no_load	5	6	0.67334314737	0.364989630435	6	368	0	
56	0	171	step_1_no_load	1	2	2	565	
56	0	171	step_2_no_load	3	4	0.386979310814	0.553314431843	4	449	0	
56	0	172	step_1_no_load	1	2	2	362	
56	0	172	step_2_no_load	5	6	0.668669556875	0.490120307546	5	373	1	
56	0	173	step_1_no_load	1	2	2	513	
56	0	173	step_2_no_load	3	4	0.385349297983	0.484428109849	3	687	0	
56	0	174	step_1_no_load	1	2	2	531	
56	0	174	step_2_no_load	5	6	0.729877433725	0.46236234172	5	447	1	
56	0	175	step_1_no_load	1	2	2	498	
56	0	175	step_2_no_load	5	6	0.693968268443	0.484825491933	5	448	1	
56	0	176	step_1_no_load	1	2	2	694	
56	0	176	step_2_no_load	5	6	0.679250000396	0.500856457218	5	701	1	
56	0	177	step_1_no_load	1	2	2	565	
56	0	177	step_2_no_load	3	4	0.357425668099	0.501268576771	3	403	0	
56	0	178	step_1_no_load	1	2	1	375	
56	0	178	step_2_no_load	3	4	0.36473828006	0.493712351915	3	296	1	
56	0	179	step_1_no_load	1	2	2	568	
56	0	179	step_2_no_load	5	6	0.709345707515	0.493565996034	5	399	1	
56	0	180	step_1_no_load	1	2	1	532	
56	0	180	step_2_no_load	5	6	0.719795072986	0.489345734128	5	321	1	
56	0	181	step_1_no_load	1	2	2	298	
56	0	181	step_2_no_load	5	6	0.746910336326	0.480141179559	5	345	1	
56	0	182	step_1_no_load	1	2	2	409	
56	0	182	step_2_no_load	5	6	0.72717560423	0.49907747228	5	300	0	
56	0	183	step_1_no_load	1	2	1	496	
56	0	183	step_2_no_load	5	6	0.720388040749	0.492742497507	5	375	1	
56	0	184	step_1_no_load	1	2	1	351	
56	0	184	step_2_no_load	3	4	0.362743255194	0.460890977786	3	574	1	
56	0	185	step_1_no_load	1	2	1	426	
56	0	185	step_2_no_load	3	4	0.362611152222	0.479703516092	3	302	1	
56	0	186	step_1_no_load	1	2	1	404	
56	0	186	step_2_no_load	5	6	0.656308636836	0.484672582719	5	320	1	
56	0	187	step_1_no_load	1	2	2	426	
56	0	187	step_2_no_load	5	6	0.678211978625	0.498596507669	5	330	1	
56	0	188	step_1_no_load	1	2	2	570	
56	0	188	step_2_no_load	5	6	0.696362660087	0.548350535247	5	310	1	
56	0	189	step_1_no_load	1	2	2	384	
56	0	189	step_2_no_load	5	6	0.688353284054	0.534753756004	5	291	1	
56	0	190	step_1_no_load	1	2	2	478	
56	0	190	step_2_no_load	3	4	0.304557739386	0.433568856946	3	932	0	
56	0	191	step_1_no_load	1	2	2	349	
56	0	191	step_2_no_load	5	6	0.664271461991	0.512103523931	-1	-1	-1	
56	0	192	step_1_no_load	1	2	2	786	
56	0	192	step_2_no_load	5	6	0.705517419189	0.493851022417	6	735	0	
56	0	193	step_1_no_load	1	2	2	320	
56	0	193	step_2_no_load	3	4	0.321008037746	0.440813209638	4	471	1	
56	0	194	step_1_no_load	1	2	1	363	
56	0	194	step_2_no_load	5	6	0.655261361454	0.505359594715	5	895	0	
56	0	195	step_1_no_load	1	2	1	303	
56	0	195	step_2_no_load	3	4	0.348571348505	0.466795336969	4	447	1	
56	0	196	step_1_no_load	1	2	1	580	
56	0	196	step_2_no_load	3	4	0.365373286058	0.421761207498	4	599	0	
56	0	197	step_1_no_load	1	2	1	295	
56	0	197	step_2_no_load	5	6	0.686552522522	0.47786945426	5	1280	0	
56	0	198	step_1_no_load	1	2	2	356	
56	0	198	step_2_no_load	5	6	0.68660989813	0.485065498391	6	577	1	
56	0	199	step_1_no_load	1	2	2	280	
56	0	199	step_2_no_load	5	6	0.73697129762	0.529438031858	6	363	0	
56	0	200	step_1_no_load	1	2	2	327	
56	0	200	step_2_no_load	5	6	0.728996708473	0.507902534353	5	807	1	

Fri May 19 15:21:57 2017
