Mon May 22 16:13:00 2017	
57	0	1	step_1_no_load	1	2	1	730	
57	0	1	step_2_no_load	3	4	0.511789129507	0.457620150462	3	550	0	
57	0	2	step_1_no_load	1	2	1	712	
57	0	2	step_2_no_load	5	6	0.610961032466	0.580156942153	6	480	0	
57	0	3	step_1_no_load	1	2	2	526	
57	0	3	step_2_no_load	5	6	0.589215227351	0.584197065669	6	512	0	
57	0	4	step_1_no_load	1	2	2	819	
57	0	4	step_2_no_load	5	6	0.564086293706	0.597491569846	5	485	1	
57	0	5	step_1_no_load	1	2	2	457	
57	0	5	step_2_no_load	3	4	0.543908521457	0.495568760483	3	315	1	
57	0	6	step_1_no_load	1	2	2	393	
57	0	6	step_2_no_load	5	6	0.603642866427	0.585722686883	5	389	0	
57	0	7	step_1_no_load	1	2	2	392	
57	0	7	step_2_no_load	5	6	0.622642364361	0.568656746487	5	267	0	
57	0	8	step_1_no_load	1	2	2	358	
57	0	8	step_2_no_load	5	6	0.624210374623	0.59128639594	5	322	1	
57	0	9	step_1_no_load	1	2	2	387	
57	0	9	step_2_no_load	3	4	0.54429228266	0.496546708465	3	527	1	
57	0	10	step_1_no_load	1	2	2	438	
57	0	10	step_2_no_load	5	6	0.636063269715	0.652626043146	5	377	0	
57	0	11	step_1_no_load	1	2	2	403	
57	0	11	step_2_no_load	5	6	0.609191465743	0.69163818036	5	471	1	
57	0	12	step_1_no_load	1	2	2	365	
57	0	12	step_2_no_load	5	6	0.552770607849	0.682786328054	5	435	1	
57	0	13	step_1_no_load	1	2	2	722	
57	0	13	step_2_no_load	3	4	0.595790490356	0.52012981853	4	505	0	
57	0	14	step_1_no_load	1	2	2	718	
57	0	14	step_2_no_load	3	4	0.611256675753	0.491234392147	4	398	1	
57	0	15	step_1_no_load	1	2	2	491	
57	0	15	step_2_no_load	5	6	0.570419113221	0.612260006668	5	631	0	
57	0	16	step_1_no_load	1	2	2	409	
57	0	16	step_2_no_load	5	6	0.553308964466	0.628091198119	5	422	1	
57	0	17	step_1_no_load	1	2	2	332	
57	0	17	step_2_no_load	5	6	0.562895132605	0.633350170016	5	264	1	
57	0	18	step_1_no_load	1	2	2	665	
57	0	18	step_2_no_load	5	6	0.553554620302	0.626834332012	6	436	0	
57	0	19	step_1_no_load	1	2	2	520	
57	0	19	step_2_no_load	5	6	0.536502319591	0.619895761657	6	411	0	
57	0	20	step_1_no_load	1	2	2	508	
57	0	20	step_2_no_load	5	6	0.491720931314	0.636521555122	6	374	0	
57	0	21	step_1_no_load	1	2	2	357	
57	0	21	step_2_no_load	3	4	0.611328949295	0.49769376036	4	418	1	
57	0	22	step_1_no_load	1	2	2	628	
57	0	22	step_2_no_load	5	6	0.468700882609	0.621949894727	5	400	0	
57	0	23	step_1_no_load	1	2	1	474	
57	0	23	step_2_no_load	3	4	0.604065470975	0.520606588181	3	466	1	
57	0	24	step_1_no_load	1	2	1	509	
57	0	24	step_2_no_load	5	6	0.503316199018	0.582115115688	5	344	1	
57	0	25	step_1_no_load	1	2	1	632	
57	0	25	step_2_no_load	3	4	0.629917901014	0.503316372362	3	286	1	
57	0	26	step_1_no_load	1	2	1	456	
57	0	26	step_2_no_load	3	4	0.640635035276	0.511744353778	3	400	0	
57	0	27	step_1_no_load	1	2	1	437	
57	0	27	step_2_no_load	3	4	0.642144756622	0.507272671939	3	400	0	
57	0	28	step_1_no_load	1	2	1	610	
57	0	28	step_2_no_load	3	4	0.647441527317	0.520177259699	3	384	1	
57	0	29	step_1_no_load	1	2	1	377	
57	0	29	step_2_no_load	3	4	0.618626354124	0.521159009103	3	430	0	
57	0	30	step_1_no_load	1	2	1	347	
57	0	30	step_2_no_load	3	4	0.610227092493	0.4919199548	3	299	1	
57	0	31	step_1_no_load	1	2	1	379	
57	0	31	step_2_no_load	3	4	0.606122691795	0.483156722265	3	401	1	
57	0	32	step_1_no_load	1	2	1	570	
57	0	32	step_2_no_load	3	4	0.605616211083	0.520318771114	4	535	1	
57	0	33	step_1_no_load	1	2	1	493	
57	0	33	step_2_no_load	3	4	0.618000238621	0.487664344039	3	314	1	
57	0	34	step_1_no_load	1	2	1	544	
57	0	34	step_2_no_load	3	4	0.670290552209	0.454565258478	3	855	1	
57	0	35	step_1_no_load	1	2	1	420	
57	0	35	step_2_no_load	5	6	0.594167768198	0.566827313385	6	415	0	
57	0	36	step_1_no_load	1	2	1	319	
57	0	36	step_2_no_load	3	4	0.661229326326	0.513210053121	4	354	1	
57	0	37	step_1_no_load	1	2	1	608	
57	0	37	step_2_no_load	3	4	0.660658056664	0.543074626387	3	350	1	
57	0	38	step_1_no_load	1	2	1	429	
57	0	38	step_2_no_load	5	6	0.595113730206	0.539078491643	5	740	0	
57	0	39	step_1_no_load	1	2	1	437	
57	0	39	step_2_no_load	3	4	0.634483337633	0.578640235206	3	250	1	
57	0	40	step_1_no_load	1	2	1	422	
57	0	40	step_2_no_load	3	4	0.636994900683	0.5691386571	3	530	1	
57	0	41	step_1_no_load	1	2	1	439	
57	0	41	step_2_no_load	3	4	0.633285941184	0.583829055298	4	440	1	
57	0	42	step_1_no_load	1	2	1	453	
57	0	42	step_2_no_load	3	4	0.606696263624	0.553461946234	3	340	1	
57	0	43	step_1_no_load	1	2	1	487	
57	0	43	step_2_no_load	3	4	0.581931546759	0.548128010644	4	367	0	
57	0	44	step_1_no_load	1	2	1	589	
57	0	44	step_2_no_load	3	4	0.589653131867	0.537842745081	4	300	1	
57	0	45	step_1_no_load	1	2	1	369	
57	0	45	step_2_no_load	3	4	0.620699591043	0.5288039409	3	322	1	
57	0	46	step_1_no_load	1	2	1	456	
57	0	46	step_2_no_load	5	6	0.600964500555	0.55511883717	5	409	1	
57	0	47	step_1_no_load	1	2	1	458	
57	0	47	step_2_no_load	3	4	0.634373567175	0.493112702321	4	572	0	
57	0	48	step_1_no_load	1	2	1	279	
57	0	48	step_2_no_load	3	4	0.657624935632	0.488280685105	4	388	0	
57	0	49	step_1_no_load	1	2	1	317	
57	0	49	step_2_no_load	5	6	0.610193185592	0.512405963374	6	371	0	
57	0	50	step_1_no_load	1	2	1	535	
57	0	50	step_2_no_load	5	6	0.606862017918	0.481616544184	6	344	0	
57	0	51	step_1_no_load	1	2	1	418	
57	0	51	step_2_no_load	3	4	0.613357430892	0.469943944943	4	419	1	
57	0	52	step_1_no_load	1	2	1	456	
57	0	52	step_2_no_load	5	6	0.539065404057	0.513589895419	5	329	1	
57	0	53	step_1_no_load	1	2	1	264	
57	0	53	step_2_no_load	3	4	0.630956764252	0.451905460347	3	615	1	
57	0	54	step_1_no_load	1	2	1	467	
57	0	54	step_2_no_load	5	6	0.570223904064	0.493362545513	5	389	0	
57	0	55	step_1_no_load	1	2	1	341	
57	0	55	step_2_no_load	5	6	0.574045915747	0.526704292526	5	268	0	
57	0	56	step_1_no_load	1	2	1	337	
57	0	56	step_2_no_load	5	6	0.601856598146	0.538512915562	5	302	1	
57	0	57	step_1_no_load	1	2	1	377	
57	0	57	step_2_no_load	3	4	0.586335094239	0.466449077359	3	412	0	
57	0	58	step_1_no_load	1	2	1	298	
57	0	58	step_2_no_load	5	6	0.664682809182	0.528376440027	5	317	1	
57	0	59	step_1_no_load	1	2	1	329	
57	0	59	step_2_no_load	3	4	0.608951267756	0.480274332693	3	328	1	
57	0	60	step_1_no_load	1	2	1	401	
57	0	60	step_2_no_load	3	4	0.599559577859	0.491916707098	4	411	0	
57	0	61	step_1_no_load	1	2	1	477	
57	0	61	step_2_no_load	5	6	0.669587072502	0.527144452559	5	432	0	
57	0	62	step_1_no_load	1	2	1	296	
57	0	62	step_2_no_load	3	4	0.622820395113	0.50724109756	3	527	1	
57	0	63	step_1_no_load	1	2	1	488	
57	0	63	step_2_no_load	3	4	0.642623127313	0.53192660365	3	639	1	
57	0	64	step_1_no_load	1	2	1	311	
57	0	64	step_2_no_load	3	4	0.626149195169	0.555062911513	4	311	1	
57	0	65	step_1_no_load	1	2	1	310	
57	0	65	step_2_no_load	5	6	0.612660225018	0.517687993213	5	223	1	
57	0	66	step_1_no_load	1	2	1	368	
57	0	66	step_2_no_load	5	6	0.606938648072	0.555324764318	5	608	1	
57	0	67	step_1_no_load	1	2	1	336	
57	0	67	step_2_no_load	3	4	0.674463681351	0.542076810516	4	363	1	
57	0	68	step_1_no_load	1	2	1	812	
57	0	68	step_2_no_load	3	4	0.719455209845	0.509127161919	4	712	0	
57	0	69	step_1_no_load	1	2	1	413	
57	0	69	step_2_no_load	5	6	0.622221685203	0.560462111264	5	258	1	
57	0	70	step_1_no_load	1	2	1	306	
57	0	70	step_2_no_load	5	6	0.637556284465	0.548075770764	5	281	1	
57	0	71	step_1_no_load	1	2	1	486	
57	0	71	step_2_no_load	3	4	0.706816191949	0.482863323776	3	347	1	
57	0	72	step_1_no_load	1	2	1	387	
57	0	72	step_2_no_load	5	6	0.626024641967	0.556486305476	6	481	0	
57	0	73	step_1_no_load	1	2	1	512	
57	0	73	step_2_no_load	3	4	0.727961155836	0.435957313805	4	281	1	
57	0	74	step_1_no_load	1	2	1	400	
57	0	74	step_2_no_load	5	6	0.614462146454	0.491044983779	5	304	1	
57	0	75	step_1_no_load	1	2	1	601	
57	0	75	step_2_no_load	3	4	0.697629587097	0.44832280175	3	194	1	
57	0	76	step_1_no_load	1	2	1	295	
57	0	76	step_2_no_load	5	6	0.62770291155	0.518881389358	5	675	0	
57	0	77	step_1_no_load	1	2	1	589	
57	0	77	step_2_no_load	3	4	0.679737625371	0.446809557226	3	475	1	
57	0	78	step_1_no_load	1	2	1	537	
57	0	78	step_2_no_load	3	4	0.647586191228	0.435911167612	3	541	0	
57	0	79	step_1_no_load	1	2	1	493	
57	0	79	step_2_no_load	3	4	0.647841624544	0.389124152368	3	339	0	
57	0	80	step_1_no_load	1	2	1	347	
57	0	80	step_2_no_load	3	4	0.703969305517	0.396016175285	3	1416	0	
57	0	81	step_1_no_load	1	2	1	439	
57	0	81	step_2_no_load	5	6	0.529745690463	0.494116554432	5	309	1	
57	0	82	step_1_no_load	1	2	1	784	
57	0	82	step_2_no_load	3	4	0.688340116885	0.395813831323	3	330	0	
57	0	83	step_1_no_load	1	2	1	339	
57	0	83	step_2_no_load	3	4	0.726885136842	0.382772464038	4	466	0	
57	0	84	step_1_no_load	1	2	1	338	
57	0	84	step_2_no_load	3	4	0.731466635793	0.385087938645	4	331	0	
57	0	85	step_1_no_load	1	2	1	408	
57	0	85	step_2_no_load	3	4	0.712989604416	0.384458259121	4	313	1	
57	0	86	step_1_no_load	1	2	1	713	
57	0	86	step_2_no_load	5	6	0.691782850001	0.486462788728	5	368	0	
57	0	87	step_1_no_load	1	2	1	378	
57	0	87	step_2_no_load	5	6	0.719375344246	0.493867001103	5	238	1	
57	0	88	step_1_no_load	1	2	1	675	
57	0	88	step_2_no_load	3	4	0.696773608304	0.377947492322	3	641	1	
57	0	89	step_1_no_load	1	2	1	583	
57	0	89	step_2_no_load	3	4	0.660112261017	0.415882489686	3	525	1	
57	0	90	step_1_no_load	1	2	1	456	
57	0	90	step_2_no_load	3	4	0.688736868033	0.411459496853	4	385	0	
57	0	91	step_1_no_load	1	2	1	322	
57	0	91	step_2_no_load	3	4	0.657820521772	0.43534164751	4	314	0	
57	0	92	step_1_no_load	1	2	1	299	
57	0	92	step_2_no_load	3	4	0.679381608313	0.444368850664	4	285	0	
57	0	93	step_1_no_load	1	2	1	360	
57	0	93	step_2_no_load	3	4	0.662863370634	0.439878153082	4	322	0	
57	0	94	step_1_no_load	1	2	1	392	
57	0	94	step_2_no_load	3	4	0.668295023896	0.429211756872	4	315	0	
57	0	95	step_1_no_load	1	2	1	428	
57	0	95	step_2_no_load	3	4	0.640209855442	0.427150666411	4	502	1	
57	0	96	step_1_no_load	1	2	1	636	
57	0	96	step_2_no_load	5	6	0.693739812506	0.437558890646	5	603	1	
57	0	97	step_1_no_load	1	2	1	399	
57	0	97	step_2_no_load	3	4	0.651202057411	0.392885664353	3	230	0	
57	0	98	step_1_no_load	1	2	1	315	
57	0	98	step_2_no_load	3	4	0.646040060297	0.409778171713	3	327	0	
57	0	99	step_1_no_load	1	2	1	420	
57	0	99	step_2_no_load	3	4	0.645191748454	0.397561363605	3	271	0	
57	0	100	step_1_no_load	1	2	1	411	
57	0	100	step_2_no_load	3	4	0.66579920021	0.4333505304	3	310	1	
57	0	101	step_1_no_load	1	2	1	660	
57	0	101	step_2_no_load	3	4	0.655903528958	0.497432607584	3	311	1	
57	0	102	step_1_no_load	1	2	1	450	
57	0	102	step_2_no_load	5	6	0.666304534392	0.326080462175	5	383	1	
57	0	103	step_1_no_load	1	2	1	445	
57	0	103	step_2_no_load	3	4	0.69058998368	0.481975449893	4	579	1	
57	0	104	step_1_no_load	1	2	1	375	
57	0	104	step_2_no_load	3	4	0.743372642809	0.521047445908	3	276	1	
57	0	105	step_1_no_load	1	2	1	467	
57	0	105	step_2_no_load	5	6	0.689135357059	0.352639603242	5	597	0	
57	0	106	step_1_no_load	1	2	1	339	
57	0	106	step_2_no_load	3	4	0.699623252899	0.508908032404	3	99	0	
57	0	107	step_1_no_load	1	2	1	669	
57	0	107	step_2_no_load	3	4	0.677514185929	0.565220528809	4	411	0	
57	0	108	step_1_no_load	1	2	-1	-1	
57	0	109	step_1_no_load	1	2	1	1405	
57	0	109	step_2_no_load	5	6	0.71632547018	0.372328831887	5	606	1	
57	0	110	step_1_no_load	1	2	1	640	
57	0	110	step_2_no_load	3	4	0.65455226558	0.432626681236	3	1286	1	
57	0	111	step_1_no_load	1	2	1	498	
57	0	111	step_2_no_load	3	4	0.634599547742	0.384948378665	-1	-1	-1	
57	0	112	step_1_no_load	1	2	1	391	
57	0	112	step_2_no_load	3	4	0.635252945963	0.392887565883	3	275	0	
57	0	113	step_1_no_load	1	2	1	421	
57	0	113	step_2_no_load	3	4	0.634627459817	0.370697120277	4	464	0	
57	0	114	step_1_no_load	1	2	1	356	
57	0	114	step_2_no_load	3	4	0.657654904272	0.380324086676	3	297	1	
57	0	115	step_1_no_load	1	2	1	406	
57	0	115	step_2_no_load	5	6	0.739704344621	0.357661171116	5	287	1	
57	0	116	step_1_no_load	1	2	1	280	
57	0	116	step_2_no_load	5	6	0.706736514943	0.369438791876	5	325	1	
57	0	117	step_1_no_load	1	2	1	390	
57	0	117	step_2_no_load	3	4	0.671842537277	0.374621793791	4	339	1	
57	0	118	step_1_no_load	1	2	1	406	
57	0	118	step_2_no_load	3	4	0.690484235012	0.357645851833	3	327	1	
57	0	119	step_1_no_load	1	2	1	523	
57	0	119	step_2_no_load	3	4	0.661177321751	0.357515098446	3	607	0	
57	0	120	step_1_no_load	1	2	1	445	
57	0	120	step_2_no_load	3	4	0.666433355915	0.370150243662	3	325	0	
57	0	121	step_1_no_load	1	2	1	414	
57	0	121	step_2_no_load	5	6	0.658856304095	0.310775244958	5	284	0	
57	0	122	step_1_no_load	1	2	1	359	
57	0	122	step_2_no_load	3	4	0.672193618854	0.329624572119	3	300	1	
57	0	123	step_1_no_load	1	2	1	531	
57	0	123	step_2_no_load	3	4	0.664849878232	0.337526896345	3	479	1	
57	0	124	step_1_no_load	1	2	1	403	
57	0	124	step_2_no_load	5	6	0.603013298253	0.26095206597	5	354	0	
57	0	125	step_1_no_load	1	2	1	355	
57	0	125	step_2_no_load	5	6	0.559596800931	0.290374841566	6	416	0	
57	0	126	step_1_no_load	1	2	1	313	
57	0	126	step_2_no_load	5	6	0.537863824328	0.267206368684	6	283	0	
57	0	127	step_1_no_load	1	2	1	306	
57	0	127	step_2_no_load	3	4	0.646945556251	0.274944938508	4	357	1	
57	0	128	step_1_no_load	1	2	1	561	
57	0	128	step_2_no_load	3	4	0.620672334996	0.250790232267	3	461	0	
57	0	129	step_1_no_load	1	2	1	500	
57	0	129	step_2_no_load	3	4	0.632682846317	0.271709703542	3	271	0	
57	0	130	step_1_no_load	1	2	1	358	
57	0	130	step_2_no_load	3	4	0.630285316669	0.274560758494	3	313	1	
57	0	131	step_1_no_load	1	2	1	317	
57	0	131	step_2_no_load	3	4	0.638450601212	0.311475039155	3	358	1	
57	0	132	step_1_no_load	1	2	1	400	
57	0	132	step_2_no_load	3	4	0.660013924697	0.315328810424	3	418	0	
57	0	133	step_1_no_load	1	2	1	334	
57	0	133	step_2_no_load	3	4	0.691649444281	0.312642735495	3	425	0	
57	0	134	step_1_no_load	1	2	1	353	
57	0	134	step_2_no_load	5	6	0.621945110858	0.287393715313	5	425	1	
57	0	135	step_1_no_load	1	2	1	510	
57	0	135	step_2_no_load	3	4	0.700779221781	0.287118934166	3	474	1	
57	0	136	step_1_no_load	1	2	1	507	
57	0	136	step_2_no_load	3	4	0.674914008636	0.284521085726	3	805	1	
57	0	137	step_1_no_load	1	2	1	329	
57	0	137	step_2_no_load	3	4	0.668540846495	0.325016613024	3	41	0	
57	0	138	step_1_no_load	1	2	1	300	
57	0	138	step_2_no_load	5	6	0.63240964674	0.366701525561	5	308	0	
57	0	139	step_1_no_load	1	2	1	368	
57	0	139	step_2_no_load	5	6	0.636630981281	0.325611400511	5	631	1	
57	0	140	step_1_no_load	1	2	1	421	
57	0	140	step_2_no_load	5	6	0.671213945178	0.348740542008	5	495	1	
57	0	141	step_1_no_load	1	2	1	195	
57	0	141	step_2_no_load	3	4	0.616803346728	0.311809871418	3	319	0	
57	0	142	step_1_no_load	1	2	1	513	
57	0	142	step_2_no_load	3	4	0.627356259123	0.304203281606	3	251	1	
57	0	143	step_1_no_load	1	2	1	310	
57	0	143	step_2_no_load	3	4	0.610219102298	0.313516825296	3	777	1	
57	0	144	step_1_no_load	1	2	1	313	
57	0	144	step_2_no_load	3	4	0.639347300184	0.275932517017	4	422	0	
57	0	145	step_1_no_load	1	2	1	337	
57	0	145	step_2_no_load	3	4	0.606515632748	0.266265924094	4	320	0	
57	0	146	step_1_no_load	1	2	1	483	
57	0	146	step_2_no_load	5	6	0.681611991725	0.320877500969	6	195	1	
57	0	147	step_1_no_load	1	2	1	356	
57	0	147	step_2_no_load	3	4	0.594861186319	0.265578160642	3	239	0	
57	0	148	step_1_no_load	1	2	1	96	
57	0	148	step_2_no_load	3	4	0.648050021239	0.305288021243	3	364	0	
57	0	149	step_1_no_load	1	2	1	352	
57	0	149	step_2_no_load	5	6	0.601870110183	0.300290206122	5	287	0	
57	0	150	step_1_no_load	1	2	1	403	
57	0	150	step_2_no_load	3	4	0.605912419156	0.305587692243	3	370	0	
57	0	151	step_1_no_load	1	2	1	447	
57	0	151	step_2_no_load	3	4	0.614159737668	0.348172164421	3	421	0	
57	0	152	step_1_no_load	1	2	1	437	
57	0	152	step_2_no_load	3	4	0.644204174791	0.307702500543	3	339	1	
57	0	153	step_1_no_load	1	2	1	418	
57	0	153	step_2_no_load	3	4	0.681559292085	0.309356532263	3	296	1	
57	0	154	step_1_no_load	1	2	1	301	
57	0	154	step_2_no_load	3	4	0.671672162443	0.316375537537	3	309	0	
57	0	155	step_1_no_load	1	2	1	402	
57	0	155	step_2_no_load	3	4	0.716100930629	0.296093457977	4	299	1	
57	0	156	step_1_no_load	1	2	1	329	
57	0	156	step_2_no_load	3	4	0.734436160799	0.32564867104	4	318	1	
57	0	157	step_1_no_load	1	2	1	430	
57	0	157	step_2_no_load	5	6	0.585191807512	0.324728201487	5	378	0	
57	0	158	step_1_no_load	1	2	1	329	
57	0	158	step_2_no_load	5	6	0.532722108502	0.334595868098	5	309	1	
57	0	159	step_1_no_load	1	2	1	554	
57	0	159	step_2_no_load	3	4	0.697903160072	0.413026375257	3	450	1	
57	0	160	step_1_no_load	1	2	1	397	
57	0	160	step_2_no_load	5	6	0.521229931064	0.355992626298	5	486	0	
57	0	161	step_1_no_load	1	2	1	361	
57	0	161	step_2_no_load	3	4	0.719896286569	0.407025633682	4	291	1	
57	0	162	step_1_no_load	1	2	1	305	
57	0	162	step_2_no_load	3	4	0.695144769903	0.3926701003	4	389	0	
57	0	163	step_1_no_load	1	2	1	314	
57	0	163	step_2_no_load	3	4	0.697095951435	0.395221309311	3	278	1	
57	0	164	step_1_no_load	1	2	1	434	
57	0	164	step_2_no_load	5	6	0.585961845322	0.430844125626	5	697	1	
57	0	165	step_1_no_load	1	2	1	309	
57	0	165	step_2_no_load	5	6	0.538026607649	0.347974240867	5	256	1	
57	0	166	step_1_no_load	1	2	1	363	
57	0	166	step_2_no_load	5	6	0.549095060025	0.356317216644	5	463	1	
57	0	167	step_1_no_load	1	2	1	313	
57	0	167	step_2_no_load	3	4	0.706271792549	0.38753671275	3	300	1	
57	0	168	step_1_no_load	1	2	1	354	
57	0	168	step_2_no_load	3	4	0.67192508984	0.400817642375	4	347	1	
57	0	169	step_1_no_load	1	2	1	295	
57	0	169	step_2_no_load	3	4	0.704981910944	0.42098542374	3	281	1	
57	0	170	step_1_no_load	1	2	1	365	
57	0	170	step_2_no_load	5	6	0.57151385403	0.364989630435	5	324	0	
57	0	171	step_1_no_load	1	2	1	426	
57	0	171	step_2_no_load	3	4	0.727248140829	0.386979310814	3	667	1	
57	0	172	step_1_no_load	1	2	1	354	
57	0	172	step_2_no_load	3	4	0.668669556875	0.363617002148	3	299	1	
57	0	173	step_1_no_load	1	2	1	347	
57	0	173	step_2_no_load	3	4	0.667027212577	0.385349297983	4	411	1	
57	0	174	step_1_no_load	1	2	1	408	
57	0	174	step_2_no_load	3	4	0.729877433725	0.387867297446	3	207	1	
57	0	175	step_1_no_load	1	2	1	286	
57	0	175	step_2_no_load	5	6	0.52644949356	0.484825491933	5	281	0	
57	0	176	step_1_no_load	1	2	1	276	
57	0	176	step_2_no_load	5	6	0.474046874473	0.500856457218	6	402	1	
57	0	177	step_1_no_load	1	2	1	331	
57	0	177	step_2_no_load	3	4	0.714070205704	0.357425668099	3	213	1	
57	0	178	step_1_no_load	1	2	1	359	
57	0	178	step_2_no_load	3	4	0.705993797498	0.36473828006	3	472	1	
57	0	179	step_1_no_load	1	2	1	452	
57	0	179	step_2_no_load	5	6	0.457298770028	0.493565996034	5	494	0	
57	0	180	step_1_no_load	1	2	1	295	
57	0	180	step_2_no_load	3	4	0.719795072986	0.341214611607	4	437	0	
57	0	181	step_1_no_load	1	2	1	480	
57	0	181	step_2_no_load	5	6	0.508735114046	0.480141179559	6	317	1	
57	0	182	step_1_no_load	1	2	1	448	
57	0	182	step_2_no_load	3	4	0.72717560423	0.340533666308	3	330	0	
57	0	183	step_1_no_load	1	2	1	231	
57	0	183	step_2_no_load	3	4	0.720388040749	0.350175837802	3	368	0	
57	0	184	step_1_no_load	1	2	1	311	
57	0	184	step_2_no_load	5	6	0.460890977786	0.480863422096	5	227	0	
57	0	185	step_1_no_load	1	2	1	334	
57	0	185	step_2_no_load	3	4	0.665622647081	0.362611152222	3	312	1	
57	0	186	step_1_no_load	1	2	1	318	
57	0	186	step_2_no_load	5	6	0.46870859828	0.484672582719	5	349	1	
57	0	187	step_1_no_load	1	2	1	315	
57	0	187	step_2_no_load	5	6	0.443962917772	0.498596507669	5	558	0	
57	0	188	step_1_no_load	1	2	1	330	
57	0	188	step_2_no_load	3	4	0.696362660087	0.291508050861	4	258	0	
57	0	189	step_1_no_load	1	2	1	302	
57	0	189	step_2_no_load	5	6	0.448897869069	0.534753756004	6	299	1	
57	0	190	step_1_no_load	1	2	1	372	
57	0	190	step_2_no_load	3	4	0.667655825994	0.304557739386	4	330	0	
57	0	191	step_1_no_load	1	2	1	408	
57	0	191	step_2_no_load	3	4	0.664271461991	0.318839908867	3	322	0	
57	0	192	step_1_no_load	1	2	1	485	
57	0	192	step_2_no_load	3	4	0.705517419189	0.299297135717	3	414	0	
57	0	193	step_1_no_load	1	2	1	357	
57	0	193	step_2_no_load	3	4	0.679792491164	0.321008037746	3	295	0	
57	0	194	step_1_no_load	1	2	1	374	
57	0	194	step_2_no_load	3	4	0.655261361454	0.342437174514	3	276	1	
57	0	195	step_1_no_load	1	2	1	289	
57	0	195	step_2_no_load	5	6	0.466795336969	0.494102184238	5	361	0	
57	0	196	step_1_no_load	1	2	1	417	
57	0	196	step_2_no_load	3	4	0.695101215304	0.365373286058	3	291	1	
57	0	197	step_1_no_load	1	2	1	303	
57	0	197	step_2_no_load	3	4	0.686552522522	0.316987700969	3	332	1	
57	0	198	step_1_no_load	1	2	1	366	
57	0	198	step_2_no_load	3	4	0.68660989813	0.303352625941	4	338	1	
57	0	199	step_1_no_load	1	2	1	271	
57	0	199	step_2_no_load	3	4	0.73697129762	0.292861528884	3	316	1	
57	0	200	step_1_no_load	1	2	1	348	
57	0	200	step_2_no_load	3	4	0.728996708473	0.299128796668	3	503	1	

Mon May 22 16:32:00 2017
