Wed Jun  7 11:10:04 2017	
58	0	1	step_1_no_load	1	2	-1	-1	
58	0	2	step_1_no_load	1	2	1	864	
58	0	2	step_2_no_load	3	4	0.474613197709	0.580156942153	-1	-1	-1	
58	0	3	step_1_no_load	1	2	1	736	
58	0	3	step_2_no_load	3	4	0.476767372206	0.584197065669	3	1054	0	
58	0	4	step_1_no_load	1	2	1	1153	
58	0	4	step_2_no_load	5	6	0.564086293706	0.494597764192	-1	-1	-1	
58	0	5	step_1_no_load	1	2	2	427	
58	0	5	step_2_no_load	5	6	0.576104915614	0.543908521457	6	876	0	
58	0	6	step_1_no_load	1	2	1	208	
58	0	6	step_2_no_load	5	6	0.603642866427	0.490454120702	5	838	1	
58	0	7	step_1_no_load	1	2	1	759	
58	0	7	step_2_no_load	3	4	0.500071913476	0.568656746487	3	1001	0	
58	0	8	step_1_no_load	1	2	1	834	
58	0	8	step_2_no_load	3	4	0.489816616396	0.59128639594	3	646	0	
58	0	9	step_1_no_load	1	2	1	1180	
58	0	9	step_2_no_load	5	6	0.641106877158	0.54429228266	5	819	0	
58	0	10	step_1_no_load	1	2	1	1346	
58	0	10	step_2_no_load	3	4	0.482364178155	0.652626043146	-1	-1	-1	
58	0	11	step_1_no_load	1	2	2	715	
58	0	11	step_2_no_load	5	6	0.609191465743	0.59022801242	6	615	1	
58	0	12	step_1_no_load	1	2	2	1201	
58	0	12	step_2_no_load	5	6	0.552770607849	0.597131918027	6	1003	0	
58	0	13	step_1_no_load	1	2	1	922	
58	0	13	step_2_no_load	5	6	0.558313135925	0.595790490356	5	776	0	
58	0	14	step_1_no_load	1	2	1	706	
58	0	14	step_2_no_load	5	6	0.545555696267	0.611256675753	5	549	1	
58	0	15	step_1_no_load	1	2	1	730	
58	0	15	step_2_no_load	5	6	0.570419113221	0.633564630036	5	721	1	
58	0	16	step_1_no_load	1	2	1	665	
58	0	16	step_2_no_load	3	4	0.510958036527	0.628091198119	-1	-1	-1	
58	0	17	step_1_no_load	1	2	1	382	
58	0	17	step_2_no_load	5	6	0.562895132605	0.643116883134	5	602	1	
58	0	18	step_1_no_load	1	2	1	672	
58	0	18	step_2_no_load	3	4	0.517514133912	0.626834332012	3	740	0	
58	0	19	step_1_no_load	1	2	1	923	
58	0	19	step_2_no_load	5	6	0.536502319591	0.644773170243	5	671	1	
58	0	20	step_1_no_load	1	2	1	662	
58	0	20	step_2_no_load	3	4	0.478025448397	0.636521555122	3	396	1	
58	0	21	step_1_no_load	1	2	1	948	
58	0	21	step_2_no_load	3	4	0.49769376036	0.630305464549	3	857	1	
58	0	22	step_1_no_load	1	2	1	771	
58	0	22	step_2_no_load	5	6	0.468700882609	0.618527126547	5	711	0	
58	0	23	step_1_no_load	1	2	1	1009	
58	0	23	step_2_no_load	3	4	0.520606588181	0.640163623731	3	1020	1	
58	0	24	step_1_no_load	1	2	1	844	
58	0	24	step_2_no_load	3	4	0.505388876622	0.582115115688	3	752	0	
58	0	25	step_1_no_load	1	2	1	905	
58	0	25	step_2_no_load	3	4	0.503316372362	0.565698722896	3	767	1	
58	0	26	step_1_no_load	1	2	2	1485	
58	0	26	step_2_no_load	5	6	0.532884212818	0.640635035276	6	1197	0	
58	0	27	step_1_no_load	1	2	1	952	
58	0	27	step_2_no_load	5	6	0.54756089792	0.642144756622	5	658	0	
58	0	28	step_1_no_load	1	2	2	524	
58	0	28	step_2_no_load	5	6	0.553259388875	0.647441527317	6	355	1	
58	0	29	step_1_no_load	1	2	2	175	
58	0	29	step_2_no_load	5	6	0.561957580386	0.618626354124	6	125	0	
58	0	30	step_1_no_load	1	2	1	814	
58	0	30	step_2_no_load	3	4	0.4919199548	0.608245979832	3	767	1	
58	0	31	step_1_no_load	1	2	1	406	
58	0	31	step_2_no_load	3	4	0.483156722265	0.636602545794	3	653	0	
58	0	32	step_1_no_load	1	2	1	680	
58	0	32	step_2_no_load	3	4	0.520318771114	0.634585171267	3	844	0	
58	0	33	step_1_no_load	1	2	1	93	
58	0	33	step_2_no_load	3	4	0.487664344039	0.611700032906	3	152	1	
58	0	34	step_1_no_load	1	2	1	943	
58	0	34	step_2_no_load	3	4	0.454565258478	0.575802910074	3	1479	1	
58	0	35	step_1_no_load	1	2	2	1147	
58	0	35	step_2_no_load	3	4	0.491437207585	0.566827313385	4	804	0	
58	0	36	step_1_no_load	1	2	1	0	
58	0	36	step_2_no_load	5	6	0.611274573488	0.661229326326	5	846	0	
58	0	37	step_1_no_load	1	2	1	0	
58	0	37	step_2_no_load	3	4	0.543074626387	0.513822304161	3	817	1	
58	0	38	step_1_no_load	1	2	1	91	
58	0	38	step_2_no_load	5	6	0.595113730206	0.651263699161	5	1475	0	
58	0	39	step_1_no_load	1	2	1	162	
58	0	39	step_2_no_load	5	6	0.610601635554	0.634483337633	5	618	1	
58	0	40	step_1_no_load	1	2	1	760	
58	0	40	step_2_no_load	3	4	0.5691386571	0.580760785074	3	560	0	
58	0	41	step_1_no_load	1	2	1	1269	
58	0	41	step_2_no_load	3	4	0.583829055298	0.524862294848	3	790	1	
58	0	42	step_1_no_load	1	2	1	1	
58	0	42	step_2_no_load	3	4	0.553461946234	0.533857158543	3	104	0	
58	0	43	step_1_no_load	1	2	1	106	
58	0	43	step_2_no_load	3	4	0.548128010644	0.553703096215	3	632	0	
58	0	44	step_1_no_load	1	2	2	140	
58	0	44	step_2_no_load	5	6	0.611481438855	0.589653131867	6	0	0	
58	0	45	step_1_no_load	1	2	1	232	
58	0	45	step_2_no_load	3	4	0.5288039409	0.579346234508	-1	-1	-1	
58	0	46	step_1_no_load	1	2	1	1427	
58	0	46	step_2_no_load	3	4	0.532238720495	0.55511883717	3	1174	1	
58	0	47	step_1_no_load	1	2	1	711	
58	0	47	step_2_no_load	3	4	0.493112702321	0.546259467838	3	579	0	
58	0	48	step_1_no_load	1	2	1	388	
58	0	48	step_2_no_load	5	6	0.615767119776	0.657624935632	5	389	0	
58	0	49	step_1_no_load	1	2	1	1021	
58	0	49	step_2_no_load	3	4	0.489287375157	0.512405963374	3	711	1	
58	0	50	step_1_no_load	1	2	1	401	
58	0	50	step_2_no_load	3	4	0.47381367271	0.481616544184	3	1272	0	
58	0	51	step_1_no_load	1	2	1	463	
58	0	51	step_2_no_load	3	4	0.469943944943	0.508197321577	3	488	0	
58	0	52	step_1_no_load	1	2	1	383	
58	0	52	step_2_no_load	5	6	0.539065404057	0.613408921915	5	556	1	
58	0	53	step_1_no_load	1	2	1	691	
58	0	53	step_2_no_load	5	6	0.551457882502	0.630956764252	5	224	1	
58	0	54	step_1_no_load	1	2	1	388	
58	0	54	step_2_no_load	5	6	0.570223904064	0.652515308527	5	548	1	
58	0	55	step_1_no_load	1	2	1	844	
58	0	55	step_2_no_load	5	6	0.574045915747	0.639840796975	5	1047	1	
58	0	56	step_1_no_load	1	2	1	739	
58	0	56	step_2_no_load	3	4	0.459773408493	0.538512915562	3	779	0	
58	0	57	step_1_no_load	1	2	1	760	
58	0	57	step_2_no_load	3	4	0.466449077359	0.516475618243	4	1426	0	
58	0	58	step_1_no_load	1	2	1	812	
58	0	58	step_2_no_load	3	4	0.478335218822	0.528376440027	3	887	0	
58	0	59	step_1_no_load	1	2	1	770	
58	0	59	step_2_no_load	5	6	0.632500293208	0.608951267756	5	801	0	
58	0	60	step_1_no_load	1	2	1	785	
58	0	60	step_2_no_load	3	4	0.491916707098	0.479287247283	3	554	1	
58	0	61	step_1_no_load	1	2	1	769	
58	0	61	step_2_no_load	3	4	0.464268875813	0.527144452559	3	654	1	
58	0	62	step_1_no_load	1	2	1	618	
58	0	62	step_2_no_load	3	4	0.50724109756	0.533031417444	3	638	1	
58	0	63	step_1_no_load	1	2	1	748	
58	0	63	step_2_no_load	3	4	0.53192660365	0.519445130796	3	191	1	
58	0	64	step_1_no_load	1	2	1	216	
58	0	64	step_2_no_load	5	6	0.642369708469	0.626149195169	5	744	1	
58	0	65	step_1_no_load	1	2	1	723	
58	0	65	step_2_no_load	3	4	0.569109504048	0.517687993213	3	1225	1	
58	0	66	step_1_no_load	1	2	1	768	
58	0	66	step_2_no_load	3	4	0.573761869714	0.555324764318	3	1000	0	
58	0	67	step_1_no_load	1	2	2	517	
58	0	67	step_2_no_load	3	4	0.542076810516	0.538279387614	4	711	0	
58	0	68	step_1_no_load	1	2	1	1235	
58	0	68	step_2_no_load	5	6	0.622963076372	0.719455209845	5	1328	0	
58	0	69	step_1_no_load	1	2	1	916	
58	0	69	step_2_no_load	3	4	0.499137600991	0.560462111264	3	728	1	
58	0	70	step_1_no_load	1	2	1	774	
58	0	70	step_2_no_load	3	4	0.498834901463	0.548075770764	3	736	1	
58	0	71	step_1_no_load	1	2	1	822	
58	0	71	step_2_no_load	3	4	0.482863323776	0.546215110045	3	979	0	
58	0	72	step_1_no_load	1	2	1	985	
58	0	72	step_2_no_load	5	6	0.626024641967	0.705884789502	5	851	0	
58	0	73	step_1_no_load	1	2	1	944	
58	0	73	step_2_no_load	3	4	0.435957313805	0.50185699984	3	726	0	
58	0	74	step_1_no_load	1	2	1	980	
58	0	74	step_2_no_load	3	4	0.453420386428	0.491044983779	3	693	0	
58	0	75	step_1_no_load	1	2	1	1096	
58	0	75	step_2_no_load	5	6	0.615552849174	0.697629587097	5	448	0	
58	0	76	step_1_no_load	1	2	1	38	
58	0	76	step_2_no_load	3	4	0.488583631821	0.518881389358	3	491	1	
58	0	77	step_1_no_load	1	2	1	472	
58	0	77	step_2_no_load	3	4	0.446809557226	0.538119616568	3	444	1	
58	0	78	step_1_no_load	1	2	1	240	
58	0	78	step_2_no_load	5	6	0.536711448352	0.647586191228	5	880	1	
58	0	79	step_1_no_load	1	2	1	250	
58	0	79	step_2_no_load	5	6	0.513695512795	0.647841624544	5	734	0	
58	0	80	step_1_no_load	1	2	1	0	
58	0	80	step_2_no_load	3	4	0.396016175285	0.49921021142	3	118	0	
58	0	81	step_1_no_load	1	2	1	167	
58	0	81	step_2_no_load	3	4	0.419265522488	0.494116554432	3	476	0	
58	0	82	step_1_no_load	1	2	1	768	
58	0	82	step_2_no_load	5	6	0.564729328387	0.688340116885	5	595	1	
58	0	83	step_1_no_load	1	2	1	907	
58	0	83	step_2_no_load	3	4	0.382772464038	0.483255412498	3	573	0	
58	0	84	step_1_no_load	1	2	1	356	
58	0	84	step_2_no_load	5	6	0.65843840156	0.731466635793	5	677	0	
58	0	85	step_1_no_load	1	2	1	365	
58	0	85	step_2_no_load	3	4	0.384458259121	0.485785534744	3	751	0	
58	0	86	step_1_no_load	1	2	1	458	
58	0	86	step_2_no_load	3	4	0.345323068124	0.486462788728	3	468	1	
58	0	87	step_1_no_load	1	2	1	382	
58	0	87	step_2_no_load	3	4	0.40000499778	0.493867001103	3	416	1	
58	0	88	step_1_no_load	1	2	1	437	
58	0	88	step_2_no_load	5	6	0.717410082358	0.696773608304	5	481	1	
58	0	89	step_1_no_load	1	2	1	1011	
58	0	89	step_2_no_load	3	4	0.415882489686	0.490019385174	3	598	0	
58	0	90	step_1_no_load	1	2	2	431	
58	0	90	step_2_no_load	5	6	0.712247848046	0.688736868033	6	488	0	
58	0	91	step_1_no_load	1	2	2	157	
58	0	91	step_2_no_load	5	6	0.685023809334	0.657820521772	6	423	1	
58	0	92	step_1_no_load	1	2	2	423	
58	0	92	step_2_no_load	3	4	0.444368850664	0.484260039873	4	520	0	
58	0	93	step_1_no_load	1	2	2	470	
58	0	93	step_2_no_load	5	6	0.70415710998	0.662863370634	6	557	0	
58	0	94	step_1_no_load	1	2	1	99	
58	0	94	step_2_no_load	5	6	0.719464414227	0.668295023896	5	350	1	
58	0	95	step_1_no_load	1	2	1	381	
58	0	95	step_2_no_load	3	4	0.427150666411	0.42505578884	3	110	0	
58	0	96	step_1_no_load	1	2	2	734	
58	0	96	step_2_no_load	3	4	0.383038640121	0.437558890646	4	457	0	
58	0	97	step_1_no_load	1	2	1	389	
58	0	97	step_2_no_load	3	4	0.392885664353	0.455601814112	3	527	0	
58	0	98	step_1_no_load	1	2	1	0	
58	0	98	step_2_no_load	3	4	0.409778171713	0.431479829356	3	511	0	
58	0	99	step_1_no_load	1	2	1	365	
58	0	99	step_2_no_load	3	4	0.397561363605	0.375249961522	3	434	1	
58	0	100	step_1_no_load	1	2	1	686	
58	0	100	step_2_no_load	3	4	0.4333505304	0.363162156005	3	528	0	
58	0	101	step_1_no_load	1	2	1	409	
58	0	101	step_2_no_load	3	4	0.497432607584	0.366879421891	3	452	0	
58	0	102	step_1_no_load	1	2	1	401	
58	0	102	step_2_no_load	5	6	0.666304534392	0.663124617603	5	637	1	
58	0	103	step_1_no_load	1	2	1	402	
58	0	103	step_2_no_load	3	4	0.481975449893	0.322834495838	3	632	0	
58	0	104	step_1_no_load	1	2	1	349	
58	0	104	step_2_no_load	5	6	0.703870701136	0.743372642809	5	787	1	
58	0	105	step_1_no_load	1	2	1	435	
58	0	105	step_2_no_load	3	4	0.514318365187	0.352639603242	3	688	1	
58	0	106	step_1_no_load	1	2	1	401	
58	0	106	step_2_no_load	5	6	0.712883638252	0.699623252899	5	563	1	
58	0	107	step_1_no_load	1	2	1	0	
58	0	107	step_2_no_load	3	4	0.565220528809	0.388257337796	3	179	1	
58	0	108	step_1_no_load	1	2	1	141	
58	0	108	step_2_no_load	3	4	0.526955028982	0.388185708856	3	181	1	
58	0	109	step_1_no_load	1	2	1	0	
58	0	109	step_2_no_load	3	4	0.479977531501	0.372328831887	3	140	0	
58	0	110	step_1_no_load	1	2	2	428	
58	0	110	step_2_no_load	5	6	0.729599891941	0.65455226558	6	452	1	
58	0	111	step_1_no_load	1	2	2	460	
58	0	111	step_2_no_load	5	6	0.724852671171	0.634599547742	6	473	0	
58	0	112	step_1_no_load	1	2	1	362	
58	0	112	step_2_no_load	3	4	0.392887565883	0.413393106784	3	434	1	
58	0	113	step_1_no_load	1	2	1	116	
58	0	113	step_2_no_load	3	4	0.370697120277	0.387112818105	3	374	1	
58	0	114	step_1_no_load	1	2	1	493	
58	0	114	step_2_no_load	5	6	0.718213323791	0.657654904272	5	499	1	
58	0	115	step_1_no_load	1	2	1	472	
58	0	115	step_2_no_load	3	4	0.390027643099	0.357661171116	3	829	1	
58	0	116	step_1_no_load	1	2	1	1	
58	0	116	step_2_no_load	3	4	0.378149844807	0.369438791876	3	449	0	
58	0	117	step_1_no_load	1	2	2	368	
58	0	117	step_2_no_load	5	6	0.747012267642	0.671842537277	6	412	0	
58	0	118	step_1_no_load	1	2	2	387	
58	0	118	step_2_no_load	5	6	0.740051715856	0.690484235012	6	424	1	
58	0	119	step_1_no_load	1	2	2	435	
58	0	119	step_2_no_load	5	6	0.690424535099	0.661177321751	6	506	1	
58	0	120	step_1_no_load	1	2	2	463	
58	0	120	step_2_no_load	5	6	0.70587238626	0.666433355915	6	167	0	
58	0	121	step_1_no_load	1	2	1	458	
58	0	121	step_2_no_load	3	4	0.352721767208	0.310775244958	3	555	0	
58	0	122	step_1_no_load	1	2	1	340	
58	0	122	step_2_no_load	3	4	0.329624572119	0.266650857402	3	413	0	
58	0	123	step_1_no_load	1	2	1	368	
58	0	123	step_2_no_load	3	4	0.337526896345	0.269780614928	3	486	0	
58	0	124	step_1_no_load	1	2	1	0	
58	0	124	step_2_no_load	3	4	0.309430836661	0.26095206597	3	558	0	
58	0	125	step_1_no_load	1	2	1	356	
58	0	125	step_2_no_load	3	4	0.303110862715	0.290374841566	3	444	1	
58	0	126	step_1_no_load	1	2	1	400	
58	0	126	step_2_no_load	5	6	0.537863824328	0.600985760967	5	418	1	
58	0	127	step_1_no_load	1	2	1	0	
58	0	127	step_2_no_load	5	6	0.560824094575	0.646945556251	5	418	1	
58	0	128	step_1_no_load	1	2	1	433	
58	0	128	step_2_no_load	5	6	0.636905534066	0.620672334996	5	739	1	
58	0	129	step_1_no_load	1	2	1	522	
58	0	129	step_2_no_load	3	4	0.271709703542	0.268213321963	-1	-1	-1	
58	0	130	step_1_no_load	1	2	2	1086	
58	0	130	step_2_no_load	3	4	0.274560758494	0.267460866951	4	654	0	
58	0	131	step_1_no_load	1	2	1	456	
58	0	131	step_2_no_load	3	4	0.311475039155	0.281500842289	3	682	0	
58	0	132	step_1_no_load	1	2	1	493	
58	0	132	step_2_no_load	5	6	0.668578020634	0.660013924697	5	839	0	
58	0	133	step_1_no_load	1	2	1	0	
58	0	133	step_2_no_load	5	6	0.617383991623	0.691649444281	5	641	0	
58	0	134	step_1_no_load	1	2	1	329	
58	0	134	step_2_no_load	5	6	0.621945110858	0.685529359147	5	503	1	
58	0	135	step_1_no_load	1	2	1	1378	
58	0	135	step_2_no_load	3	4	0.287118934166	0.300079459047	-1	-1	-1	
58	0	136	step_1_no_load	1	2	1	447	
58	0	136	step_2_no_load	3	4	0.284521085726	0.307766925452	3	430	0	
58	0	137	step_1_no_load	1	2	1	699	
58	0	137	step_2_no_load	5	6	0.605896884497	0.668540846495	5	638	1	
58	0	138	step_1_no_load	1	2	1	446	
58	0	138	step_2_no_load	3	4	0.307694123906	0.366701525561	3	400	0	
58	0	139	step_1_no_load	1	2	1	433	
58	0	139	step_2_no_load	5	6	0.636630981281	0.696355985729	5	420	0	
58	0	140	step_1_no_load	1	2	1	328	
58	0	140	step_2_no_load	3	4	0.328174526491	0.348740542008	3	535	1	
58	0	141	step_1_no_load	1	2	1	298	
58	0	141	step_2_no_load	3	4	0.311809871418	0.390227133375	3	552	1	
58	0	142	step_1_no_load	1	2	1	399	
58	0	142	step_2_no_load	3	4	0.304203281606	0.397052682821	3	606	0	
58	0	143	step_1_no_load	1	2	1	355	
58	0	143	step_2_no_load	3	4	0.313516825296	0.410970957547	3	607	1	
58	0	144	step_1_no_load	1	2	1	406	
58	0	144	step_2_no_load	3	4	0.275932517017	0.389234194056	3	402	0	
58	0	145	step_1_no_load	1	2	1	460	
58	0	145	step_2_no_load	3	4	0.266265924094	0.355256413269	3	533	1	
58	0	146	step_1_no_load	1	2	1	452	
58	0	146	step_2_no_load	3	4	0.257861956214	0.320877500969	3	698	0	
58	0	147	step_1_no_load	1	2	1	79	
58	0	147	step_2_no_load	3	4	0.265578160642	0.352879785946	3	420	0	
58	0	148	step_1_no_load	1	2	1	691	
58	0	148	step_2_no_load	5	6	0.619272702026	0.648050021239	5	503	0	
58	0	149	step_1_no_load	1	2	1	347	
58	0	149	step_2_no_load	3	4	0.269951834184	0.300290206122	3	481	0	
58	0	150	step_1_no_load	1	2	1	380	
58	0	150	step_2_no_load	5	6	0.575985663078	0.605912419156	5	472	0	
58	0	151	step_1_no_load	1	2	1	332	
58	0	151	step_2_no_load	3	4	0.348172164421	0.310557101463	3	453	0	
58	0	152	step_1_no_load	1	2	1	934	
58	0	152	step_2_no_load	3	4	0.307702500543	0.323194010514	3	587	1	
58	0	153	step_1_no_load	1	2	1	352	
58	0	153	step_2_no_load	3	4	0.309356532263	0.343622632154	3	500	1	
58	0	154	step_1_no_load	1	2	1	334	
58	0	154	step_2_no_load	3	4	0.316375537537	0.348349389262	3	638	0	
58	0	155	step_1_no_load	1	2	2	0	
58	0	155	step_2_no_load	5	6	0.632486591889	0.716100930629	6	462	1	
58	0	156	step_1_no_load	1	2	2	672	
58	0	156	step_2_no_load	5	6	0.631048201903	0.734436160799	6	512	1	
58	0	157	step_1_no_load	1	2	2	507	
58	0	157	step_2_no_load	3	4	0.350909357271	0.324728201487	4	689	0	
58	0	158	step_1_no_load	1	2	1	0	
58	0	158	step_2_no_load	3	4	0.408728803896	0.334595868098	3	743	1	
58	0	159	step_1_no_load	1	2	1	373	
58	0	159	step_2_no_load	3	4	0.413026375257	0.321150411254	3	399	1	
58	0	160	step_1_no_load	1	2	1	634	
58	0	160	step_2_no_load	3	4	0.415052912783	0.355992626298	3	622	0	
58	0	161	step_1_no_load	1	2	2	14	
58	0	161	step_2_no_load	3	4	0.407025633682	0.438878285506	4	576	0	
58	0	162	step_1_no_load	1	2	2	0	
58	0	162	step_2_no_load	5	6	0.566496468084	0.695144769903	6	448	1	
58	0	163	step_1_no_load	1	2	2	500	
58	0	163	step_2_no_load	5	6	0.5863391277	0.697095951435	6	506	1	
58	0	164	step_1_no_load	1	2	2	480	
58	0	164	step_2_no_load	5	6	0.585961845322	0.692137394606	6	572	1	
58	0	165	step_1_no_load	1	2	2	821	
58	0	165	step_2_no_load	3	4	0.463777557969	0.347974240867	4	814	0	
58	0	166	step_1_no_load	1	2	1	507	
58	0	166	step_2_no_load	3	4	0.422282731054	0.356317216644	3	593	1	
58	0	167	step_1_no_load	1	2	1	393	
58	0	167	step_2_no_load	5	6	0.585131062446	0.706271792549	5	358	1	
58	0	168	step_1_no_load	1	2	1	286	
58	0	168	step_2_no_load	3	4	0.400817642375	0.335777599654	3	569	1	
58	0	169	step_1_no_load	1	2	1	0	
58	0	169	step_2_no_load	3	4	0.42098542374	0.365156560071	3	772	1	
58	0	170	step_1_no_load	1	2	1	837	
58	0	170	step_2_no_load	3	4	0.411067820436	0.364989630435	3	591	0	
58	0	171	step_1_no_load	1	2	2	408	
58	0	171	step_2_no_load	5	6	0.553314431843	0.727248140829	6	565	1	
58	0	172	step_1_no_load	1	2	2	94	
58	0	172	step_2_no_load	5	6	0.519090471457	0.668669556875	6	467	1	
58	0	173	step_1_no_load	1	2	2	151	
58	0	173	step_2_no_load	5	6	0.484428109849	0.667027212577	6	703	1	
58	0	174	step_1_no_load	1	2	2	0	
58	0	174	step_2_no_load	3	4	0.387867297446	0.46236234172	4	847	0	
58	0	175	step_1_no_load	1	2	1	668	
58	0	175	step_2_no_load	3	4	0.426185553904	0.484825491933	3	440	0	
58	0	176	step_1_no_load	1	2	1	557	
58	0	176	step_2_no_load	3	4	0.383231572002	0.500856457218	3	1268	0	
58	0	177	step_1_no_load	1	2	2	387	
58	0	177	step_2_no_load	5	6	0.501268576771	0.714070205704	6	469	1	
58	0	178	step_1_no_load	1	2	2	372	
58	0	178	step_2_no_load	5	6	0.493712351915	0.705993797498	6	609	1	
58	0	179	step_1_no_load	1	2	2	448	
58	0	179	step_2_no_load	5	6	0.457298770028	0.709345707515	6	611	1	
58	0	180	step_1_no_load	1	2	2	400	
58	0	180	step_2_no_load	3	4	0.341214611607	0.489345734128	-1	-1	-1	
58	0	181	step_1_no_load	1	2	1	921	
58	0	181	step_2_no_load	3	4	0.342402764747	0.480141179559	3	893	0	
58	0	182	step_1_no_load	1	2	1	388	
58	0	182	step_2_no_load	3	4	0.340533666308	0.49907747228	3	523	0	
58	0	183	step_1_no_load	1	2	2	468	
58	0	183	step_2_no_load	5	6	0.502991759047	0.720388040749	6	581	1	
58	0	184	step_1_no_load	1	2	2	496	
58	0	184	step_2_no_load	5	6	0.460890977786	0.657291439324	6	737	1	
58	0	185	step_1_no_load	1	2	2	430	
58	0	185	step_2_no_load	3	4	0.362611152222	0.482228039858	-1	-1	-1	
58	0	186	step_1_no_load	1	2	1	462	
58	0	186	step_2_no_load	5	6	0.46870859828	0.656308636836	5	553	1	
58	0	187	step_1_no_load	1	2	1	365	
58	0	187	step_2_no_load	5	6	0.443962917772	0.678211978625	5	756	0	
58	0	188	step_1_no_load	1	2	1	416	
58	0	188	step_2_no_load	3	4	0.291508050861	0.548350535247	3	847	0	
58	0	189	step_1_no_load	1	2	2	552	
58	0	189	step_2_no_load	5	6	0.448897869069	0.688353284054	6	803	1	
58	0	190	step_1_no_load	1	2	2	741	
58	0	190	step_2_no_load	5	6	0.433568856946	0.667655825994	6	606	1	
58	0	191	step_1_no_load	1	2	2	471	
58	0	191	step_2_no_load	3	4	0.318839908867	0.512103523931	4	974	1	
58	0	192	step_1_no_load	1	2	2	431	
58	0	192	step_2_no_load	5	6	0.450791310283	0.705517419189	6	479	1	
58	0	193	step_1_no_load	1	2	2	542	
58	0	193	step_2_no_load	5	6	0.440813209638	0.679792491164	6	549	0	
58	0	194	step_1_no_load	1	2	2	385	
58	0	194	step_2_no_load	5	6	0.433250459893	0.655261361454	6	431	1	
58	0	195	step_1_no_load	1	2	2	431	
58	0	195	step_2_no_load	3	4	0.348571348505	0.494102184238	4	631	0	
58	0	196	step_1_no_load	1	2	-1	-1	
58	0	197	step_1_no_load	1	2	-1	-1	
58	0	198	step_1_no_load	1	2	-1	-1	
58	0	199	step_1_no_load	1	2	1	950	
58	0	199	step_2_no_load	3	4	0.292861528884	0.529438031858	3	980	0	
58	0	200	step_1_no_load	1	2	1	350	
58	0	200	step_2_no_load	5	6	0.372436949782	0.728996708473	5	1038	1	

Wed Jun  7 11:28:53 2017
