Thu Jun  8 14:18:33 2017	
59	0	1	step_1_no_load	1	2	-1	-1	
59	0	2	step_1_no_load	1	2	2	535	
59	0	2	step_2_no_load	5	6	0.610961032466	0.474613197709	-1	-1	-1	
59	0	3	step_1_no_load	1	2	2	993	
59	0	3	step_2_no_load	5	6	0.589215227351	0.476767372206	5	972	0	
59	0	4	step_1_no_load	1	2	2	441	
59	0	4	step_2_no_load	5	6	0.564086293706	0.478607661228	5	1363	1	
59	0	5	step_1_no_load	1	2	1	693	
59	0	5	step_2_no_load	3	4	0.543908521457	0.623810210114	3	1380	0	
59	0	6	step_1_no_load	1	2	1	547	
59	0	6	step_2_no_load	3	4	0.490454120702	0.585722686883	3	602	1	
59	0	7	step_1_no_load	1	2	1	343	
59	0	7	step_2_no_load	3	4	0.506408070053	0.568656746487	3	652	1	
59	0	8	step_1_no_load	1	2	2	815	
59	0	8	step_2_no_load	3	4	0.499203529332	0.59128639594	3	674	0	
59	0	9	step_1_no_load	1	2	2	320	
59	0	9	step_2_no_load	3	4	0.54429228266	0.598049061473	3	583	1	
59	0	10	step_1_no_load	1	2	1	720	
59	0	10	step_2_no_load	3	4	0.576063520885	0.652626043146	3	867	0	
59	0	11	step_1_no_load	1	2	2	741	
59	0	11	step_2_no_load	5	6	0.609191465743	0.477013315682	5	1045	1	
59	0	12	step_1_no_load	1	2	1	343	
59	0	12	step_2_no_load	3	4	0.597131918027	0.682786328054	3	818	0	
59	0	13	step_1_no_load	1	2	2	298	
59	0	13	step_2_no_load	3	4	0.595790490356	0.653587098421	3	694	1	
59	0	14	step_1_no_load	1	2	1	362	
59	0	14	step_2_no_load	5	6	0.545555696267	0.491234392147	6	550	0	
59	0	15	step_1_no_load	1	2	2	1449	
59	0	15	step_2_no_load	5	6	0.570419113221	0.505377237737	6	967	1	
59	0	16	step_1_no_load	1	2	1	465	
59	0	16	step_2_no_load	3	4	0.626326396372	0.628091198119	3	760	0	
59	0	17	step_1_no_load	1	2	1	809	
59	0	17	step_2_no_load	3	4	0.643116883134	0.633350170016	3	1161	1	
59	0	18	step_1_no_load	1	2	2	504	
59	0	18	step_2_no_load	5	6	0.553554620302	0.517514133912	-1	-1	-1	
59	0	19	step_1_no_load	1	2	2	414	
59	0	19	step_2_no_load	5	6	0.536502319591	0.498240186199	6	680	0	
59	0	20	step_1_no_load	1	2	2	642	
59	0	20	step_2_no_load	5	6	0.491720931314	0.478025448397	6	656	1	
59	0	21	step_1_no_load	1	2	1	499	
59	0	21	step_2_no_load	3	4	0.611328949295	0.630305464549	3	817	1	
59	0	22	step_1_no_load	1	2	1	659	
59	0	22	step_2_no_load	3	4	0.618527126547	0.621949894727	3	1060	0	
59	0	23	step_1_no_load	1	2	2	602	
59	0	23	step_2_no_load	5	6	0.513759772011	0.520606588181	6	704	0	
59	0	24	step_1_no_load	1	2	2	320	
59	0	24	step_2_no_load	3	4	0.5800912085	0.582115115688	3	613	1	
59	0	25	step_1_no_load	1	2	1	301	
59	0	25	step_2_no_load	5	6	0.503605105412	0.503316372362	6	645	0	
59	0	26	step_1_no_load	1	2	2	457	
59	0	26	step_2_no_load	5	6	0.532884212818	0.511744353778	6	1361	0	
59	0	27	step_1_no_load	1	2	1	334	
59	0	27	step_2_no_load	5	6	0.54756089792	0.507272671939	6	829	1	
59	0	28	step_1_no_load	1	2	1	328	
59	0	28	step_2_no_load	3	4	0.647441527317	0.588356036098	3	736	0	
59	0	29	step_1_no_load	1	2	1	503	
59	0	29	step_2_no_load	3	4	0.618626354124	0.606613029227	3	740	0	
59	0	30	step_1_no_load	1	2	2	931	
59	0	30	step_2_no_load	5	6	0.574272497114	0.4919199548	6	1162	1	
59	0	31	step_1_no_load	1	2	1	588	
59	0	31	step_2_no_load	3	4	0.606122691795	0.636602545794	3	659	1	
59	0	32	step_1_no_load	1	2	1	8	
59	0	32	step_2_no_load	3	4	0.605616211083	0.634585171267	3	623	1	
59	0	33	step_1_no_load	1	2	1	407	
59	0	33	step_2_no_load	3	4	0.618000238621	0.611700032906	3	435	0	
59	0	34	step_1_no_load	1	2	1	358	
59	0	34	step_2_no_load	3	4	0.670290552209	0.575802910074	3	382	0	
59	0	35	step_1_no_load	1	2	1	553	
59	0	35	step_2_no_load	5	6	0.594167768198	0.491437207585	5	495	1	
59	0	36	step_1_no_load	1	2	2	369	
59	0	36	step_2_no_load	5	6	0.611274573488	0.513210053121	6	790	0	
59	0	37	step_1_no_load	1	2	2	404	
59	0	37	step_2_no_load	5	6	0.598446394142	0.543074626387	-1	-1	-1	
59	0	38	step_1_no_load	1	2	2	403	
59	0	38	step_2_no_load	5	6	0.595113730206	0.553931241266	6	828	1	
59	0	39	step_1_no_load	1	2	1	685	
59	0	39	step_2_no_load	3	4	0.634483337633	0.557005857101	3	676	1	
59	0	40	step_1_no_load	1	2	1	811	
59	0	40	step_2_no_load	5	6	0.607992802154	0.5691386571	6	818	1	
59	0	41	step_1_no_load	1	2	2	433	
59	0	41	step_2_no_load	5	6	0.588857868869	0.583829055298	6	1371	1	
59	0	42	step_1_no_load	1	2	1	474	
59	0	42	step_2_no_load	3	4	0.606696263624	0.533857158543	3	764	1	
59	0	43	step_1_no_load	1	2	2	707	
59	0	43	step_2_no_load	5	6	0.612705031264	0.548128010644	6	475	0	
59	0	44	step_1_no_load	1	2	2	476	
59	0	44	step_2_no_load	5	6	0.611481438855	0.537842745081	6	495	1	
59	0	45	step_1_no_load	1	2	2	459	
59	0	45	step_2_no_load	5	6	0.632991467829	0.5288039409	6	385	1	
59	0	46	step_1_no_load	1	2	2	681	
59	0	46	step_2_no_load	3	4	0.654261318712	0.55511883717	3	681	0	
59	0	47	step_1_no_load	1	2	2	327	
59	0	47	step_2_no_load	3	4	0.634373567175	0.546259467838	3	1309	1	
59	0	48	step_1_no_load	1	2	2	829	
59	0	48	step_2_no_load	5	6	0.615767119776	0.488280685105	6	695	0	
59	0	49	step_1_no_load	1	2	1	312	
59	0	49	step_2_no_load	3	4	0.614679490594	0.512405963374	3	395	1	
59	0	50	step_1_no_load	1	2	2	352	
59	0	50	step_2_no_load	3	4	0.593458480934	0.481616544184	3	539	0	
59	0	51	step_1_no_load	1	2	1	334	
59	0	51	step_2_no_load	3	4	0.613357430892	0.508197321577	-1	-1	-1	
59	0	52	step_1_no_load	1	2	2	377	
59	0	52	step_2_no_load	5	6	0.539065404057	0.429622901875	6	827	1	
59	0	53	step_1_no_load	1	2	1	332	
59	0	53	step_2_no_load	3	4	0.630956764252	0.475342927439	-1	-1	-1	
59	0	54	step_1_no_load	1	2	2	985	
59	0	54	step_2_no_load	5	6	0.570223904064	0.491512498697	-1	-1	-1	
59	0	55	step_1_no_load	1	2	1	356	
59	0	55	step_2_no_load	5	6	0.574045915747	0.487025527704	6	759	1	
59	0	56	step_1_no_load	1	2	2	358	
59	0	56	step_2_no_load	5	6	0.601856598146	0.459773408493	6	318	1	
59	0	57	step_1_no_load	1	2	1	367	
59	0	57	step_2_no_load	5	6	0.641849303307	0.466449077359	6	931	0	
59	0	58	step_1_no_load	1	2	1	78	
59	0	58	step_2_no_load	3	4	0.610896130115	0.528376440027	3	317	1	
59	0	59	step_1_no_load	1	2	2	526	
59	0	59	step_2_no_load	3	4	0.608951267756	0.537400760025	3	725	1	
59	0	60	step_1_no_load	1	2	1	567	
59	0	60	step_2_no_load	3	4	0.599559577859	0.479287247283	4	1089	1	
59	0	61	step_1_no_load	1	2	2	361	
59	0	61	step_2_no_load	3	4	0.602879526975	0.527144452559	-1	-1	-1	
59	0	62	step_1_no_load	1	2	1	414	
59	0	62	step_2_no_load	5	6	0.691137204746	0.50724109756	6	1098	0	
59	0	63	step_1_no_load	1	2	1	49	
59	0	63	step_2_no_load	3	4	0.642623127313	0.519445130796	3	1318	1	
59	0	64	step_1_no_load	1	2	1	319	
59	0	64	step_2_no_load	3	4	0.626149195169	0.533849886794	3	411	0	
59	0	65	step_1_no_load	1	2	1	335	
59	0	65	step_2_no_load	5	6	0.612660225018	0.569109504048	5	1221	1	
59	0	66	step_1_no_load	1	2	1	278	
59	0	66	step_2_no_load	3	4	0.630357351236	0.555324764318	3	749	1	
59	0	67	step_1_no_load	1	2	1	552	
59	0	67	step_2_no_load	3	4	0.674463681351	0.538279387614	3	426	1	
59	0	68	step_1_no_load	1	2	1	766	
59	0	68	step_2_no_load	3	4	0.719455209845	0.523301545299	3	1473	1	
59	0	69	step_1_no_load	1	2	2	996	
59	0	69	step_2_no_load	3	4	0.718756538957	0.560462111264	3	1493	0	
59	0	70	step_1_no_load	1	2	1	301	
59	0	70	step_2_no_load	5	6	0.637556284465	0.498834901463	5	762	1	
59	0	71	step_1_no_load	1	2	1	360	
59	0	71	step_2_no_load	3	4	0.706816191949	0.546215110045	3	630	0	
59	0	72	step_1_no_load	1	2	1	379	
59	0	72	step_2_no_load	3	4	0.705884789502	0.556486305476	3	790	1	
59	0	73	step_1_no_load	1	2	1	326	
59	0	73	step_2_no_load	3	4	0.727961155836	0.50185699984	3	452	1	
59	0	74	step_1_no_load	1	2	1	359	
59	0	74	step_2_no_load	3	4	0.693624670847	0.491044983779	3	871	1	
59	0	75	step_1_no_load	1	2	2	364	
59	0	75	step_2_no_load	5	6	0.615552849174	0.44832280175	6	1014	1	
59	0	76	step_1_no_load	1	2	2	326	
59	0	76	step_2_no_load	5	6	0.62770291155	0.488583631821	6	554	1	
59	0	77	step_1_no_load	1	2	1	0	
59	0	77	step_2_no_load	5	6	0.564257587118	0.446809557226	5	1408	1	
59	0	78	step_1_no_load	1	2	2	354	
59	0	78	step_2_no_load	5	6	0.536711448352	0.435911167612	6	1420	0	
59	0	79	step_1_no_load	1	2	1	185	
59	0	79	step_2_no_load	3	4	0.647841624544	0.540085062695	3	446	1	
59	0	80	step_1_no_load	1	2	1	340	
59	0	80	step_2_no_load	3	4	0.703969305517	0.49921021142	3	905	1	
59	0	81	step_1_no_load	1	2	1	483	
59	0	81	step_2_no_load	3	4	0.702400933084	0.494116554432	3	572	1	
59	0	82	step_1_no_load	1	2	2	378	
59	0	82	step_2_no_load	5	6	0.564729328387	0.395813831323	6	1144	0	
59	0	83	step_1_no_load	1	2	2	273	
59	0	83	step_2_no_load	5	6	0.607907985871	0.382772464038	6	488	0	
59	0	84	step_1_no_load	1	2	2	300	
59	0	84	step_2_no_load	5	6	0.65843840156	0.385087938645	6	397	0	
59	0	85	step_1_no_load	1	2	2	30	
59	0	85	step_2_no_load	5	6	0.692384972752	0.384458259121	6	74	0	
59	0	86	step_1_no_load	1	2	1	387	
59	0	86	step_2_no_load	3	4	0.721207648497	0.486462788728	3	481	1	
59	0	87	step_1_no_load	1	2	1	791	
59	0	87	step_2_no_load	3	4	0.690012761069	0.493867001103	3	627	1	
59	0	88	step_1_no_load	1	2	2	562	
59	0	88	step_2_no_load	5	6	0.717410082358	0.377947492322	6	486	1	
59	0	89	step_1_no_load	1	2	2	358	
59	0	89	step_2_no_load	3	4	0.660112261017	0.490019385174	3	847	0	
59	0	90	step_1_no_load	1	2	2	255	
59	0	90	step_2_no_load	5	6	0.712247848046	0.411459496853	6	388	0	
59	0	91	step_1_no_load	1	2	1	352	
59	0	91	step_2_no_load	3	4	0.657820521772	0.479087223222	3	418	1	
59	0	92	step_1_no_load	1	2	1	314	
59	0	92	step_2_no_load	5	6	0.692406274724	0.444368850664	-1	-1	-1	
59	0	93	step_1_no_load	1	2	1	353	
59	0	93	step_2_no_load	3	4	0.662863370634	0.473273727684	3	786	1	
59	0	94	step_1_no_load	1	2	1	368	
59	0	94	step_2_no_load	3	4	0.668295023896	0.468637558205	3	568	1	
59	0	95	step_1_no_load	1	2	1	372	
59	0	95	step_2_no_load	5	6	0.715495469274	0.427150666411	5	1304	1	
59	0	96	step_1_no_load	1	2	1	414	
59	0	96	step_2_no_load	5	6	0.693739812506	0.383038640121	5	889	1	
59	0	97	step_1_no_load	1	2	1	372	
59	0	97	step_2_no_load	3	4	0.651202057411	0.455601814112	4	476	1	
59	0	98	step_1_no_load	1	2	1	397	
59	0	98	step_2_no_load	5	6	0.70287861952	0.409778171713	5	1098	1	
59	0	99	step_1_no_load	1	2	1	444	
59	0	99	step_2_no_load	3	4	0.645191748454	0.375249961522	3	304	1	
59	0	100	step_1_no_load	1	2	1	463	
59	0	100	step_2_no_load	3	4	0.66579920021	0.363162156005	3	912	1	
59	0	101	step_1_no_load	1	2	1	683	
59	0	101	step_2_no_load	3	4	0.655903528958	0.366879421891	3	547	1	
59	0	102	step_1_no_load	1	2	2	905	
59	0	102	step_2_no_load	5	6	0.666304534392	0.494584754513	6	762	0	
59	0	103	step_1_no_load	1	2	1	404	
59	0	103	step_2_no_load	3	4	0.69058998368	0.322834495838	3	443	1	
59	0	104	step_1_no_load	1	2	1	434	
59	0	104	step_2_no_load	5	6	0.703870701136	0.521047445908	5	752	1	
59	0	105	step_1_no_load	1	2	1	466	
59	0	105	step_2_no_load	3	4	0.722851301692	0.352639603242	4	976	0	
59	0	106	step_1_no_load	1	2	1	526	
59	0	106	step_2_no_load	3	4	0.699623252899	0.374131494222	3	542	1	
59	0	107	step_1_no_load	1	2	1	485	
59	0	107	step_2_no_load	5	6	0.692607431435	0.565220528809	5	790	0	
59	0	108	step_1_no_load	1	2	1	315	
59	0	108	step_2_no_load	3	4	0.681491063126	0.388185708856	3	516	1	
59	0	109	step_1_no_load	1	2	2	281	
59	0	109	step_2_no_load	5	6	0.71632547018	0.479977531501	6	628	1	
59	0	110	step_1_no_load	1	2	2	348	
59	0	110	step_2_no_load	5	6	0.729599891941	0.432626681236	6	503	1	
59	0	111	step_1_no_load	1	2	2	320	
59	0	111	step_2_no_load	5	6	0.724852671171	0.384948378665	6	581	1	
59	0	112	step_1_no_load	1	2	2	331	
59	0	112	step_2_no_load	3	4	0.635252945963	0.413393106784	4	457	0	
59	0	113	step_1_no_load	1	2	2	359	
59	0	113	step_2_no_load	5	6	0.719324307956	0.370697120277	6	347	0	
59	0	114	step_1_no_load	1	2	2	354	
59	0	114	step_2_no_load	5	6	0.718213323791	0.380324086676	6	378	0	
59	0	115	step_1_no_load	1	2	1	441	
59	0	115	step_2_no_load	3	4	0.645721217949	0.357661171116	3	499	1	
59	0	116	step_1_no_load	1	2	1	297	
59	0	116	step_2_no_load	5	6	0.706736514943	0.378149844807	5	1065	1	
59	0	117	step_1_no_load	1	2	1	318	
59	0	117	step_2_no_load	3	4	0.671842537277	0.363056877927	3	383	1	
59	0	118	step_1_no_load	1	2	1	308	
59	0	118	step_2_no_load	3	4	0.690484235012	0.362977115924	3	755	1	
59	0	119	step_1_no_load	1	2	1	398	
59	0	119	step_2_no_load	3	4	0.661177321751	0.358243439099	3	541	1	
59	0	120	step_1_no_load	1	2	1	436	
59	0	120	step_2_no_load	5	6	0.70587238626	0.370150243662	6	1285	1	
59	0	121	step_1_no_load	1	2	1	380	
59	0	121	step_2_no_load	3	4	0.671052306195	0.310775244958	3	775	1	
59	0	122	step_1_no_load	1	2	1	375	
59	0	122	step_2_no_load	3	4	0.672193618854	0.266650857402	3	1482	0	
59	0	123	step_1_no_load	1	2	2	362	
59	0	123	step_2_no_load	3	4	0.664849878232	0.269780614928	3	1493	1	
59	0	124	step_1_no_load	1	2	2	0	
59	0	124	step_2_no_load	5	6	0.603013298253	0.309430836661	6	1140	0	
59	0	125	step_1_no_load	1	2	1	329	
59	0	125	step_2_no_load	5	6	0.559596800931	0.303110862715	5	806	0	
59	0	126	step_1_no_load	1	2	1	242	
59	0	126	step_2_no_load	3	4	0.600985760967	0.267206368684	3	751	0	
59	0	127	step_1_no_load	1	2	1	411	
59	0	127	step_2_no_load	5	6	0.560824094575	0.274944938508	5	1070	1	
59	0	128	step_1_no_load	1	2	1	375	
59	0	128	step_2_no_load	5	6	0.636905534066	0.250790232267	5	945	0	
59	0	129	step_1_no_load	1	2	1	342	
59	0	129	step_2_no_load	3	4	0.632682846317	0.268213321963	3	497	1	
59	0	130	step_1_no_load	1	2	1	333	
59	0	130	step_2_no_load	3	4	0.630285316669	0.267460866951	3	373	0	
59	0	131	step_1_no_load	1	2	1	399	
59	0	131	step_2_no_load	3	4	0.638450601212	0.281500842289	3	452	0	
59	0	132	step_1_no_load	1	2	1	471	
59	0	132	step_2_no_load	3	4	0.660013924697	0.27986961048	3	462	0	
59	0	133	step_1_no_load	1	2	1	336	
59	0	133	step_2_no_load	3	4	0.691649444281	0.315608831386	3	400	0	
59	0	134	step_1_no_load	1	2	2	799	
59	0	134	step_2_no_load	3	4	0.685529359147	0.287393715313	3	1303	1	
59	0	135	step_1_no_load	1	2	2	1105	
59	0	135	step_2_no_load	5	6	0.593710006149	0.287118934166	6	1188	0	
59	0	136	step_1_no_load	1	2	2	351	
59	0	136	step_2_no_load	5	6	0.597814413435	0.284521085726	6	371	0	
59	0	137	step_1_no_load	1	2	2	405	
59	0	137	step_2_no_load	5	6	0.605896884497	0.325016613024	6	500	1	
59	0	138	step_1_no_load	1	2	1	420	
59	0	138	step_2_no_load	3	4	0.688182193337	0.366701525561	3	719	1	
59	0	139	step_1_no_load	1	2	1	588	
59	0	139	step_2_no_load	3	4	0.696355985729	0.325611400511	3	867	1	
59	0	140	step_1_no_load	1	2	1	347	
59	0	140	step_2_no_load	5	6	0.671213945178	0.328174526491	5	1007	1	
59	0	141	step_1_no_load	1	2	2	23	
59	0	141	step_2_no_load	3	4	0.616803346728	0.390227133375	4	0	0	
59	0	142	step_1_no_load	1	2	1	469	
59	0	142	step_2_no_load	3	4	0.627356259123	0.397052682821	3	374	0	
59	0	143	step_1_no_load	1	2	1	348	
59	0	143	step_2_no_load	3	4	0.610219102298	0.410970957547	3	527	1	
59	0	144	step_1_no_load	1	2	1	359	
59	0	144	step_2_no_load	5	6	0.626443722248	0.275932517017	5	419	1	
59	0	145	step_1_no_load	1	2	1	344	
59	0	145	step_2_no_load	5	6	0.6669125229	0.266265924094	6	1472	0	
59	0	146	step_1_no_load	1	2	1	390	
59	0	146	step_2_no_load	3	4	0.593778463268	0.320877500969	3	433	1	
59	0	147	step_1_no_load	1	2	1	1053	
59	0	147	step_2_no_load	3	4	0.594861186319	0.352879785946	-1	-1	-1	
59	0	148	step_1_no_load	1	2	-1	-1	
59	0	149	step_1_no_load	1	2	1	1129	
59	0	149	step_2_no_load	3	4	0.623203869836	0.300290206122	3	966	1	
59	0	150	step_1_no_load	1	2	2	1292	
59	0	150	step_2_no_load	5	6	0.575985663078	0.305587692243	5	1235	1	
59	0	151	step_1_no_load	1	2	1	645	
59	0	151	step_2_no_load	5	6	0.59154759351	0.348172164421	6	1200	1	
59	0	152	step_1_no_load	1	2	2	165	
59	0	152	step_2_no_load	5	6	0.595108765344	0.307702500543	6	447	0	
59	0	153	step_1_no_load	1	2	1	308	
59	0	153	step_2_no_load	3	4	0.681559292085	0.343622632154	3	567	1	
59	0	154	step_1_no_load	1	2	1	349	
59	0	154	step_2_no_load	3	4	0.671672162443	0.348349389262	3	568	1	
59	0	155	step_1_no_load	1	2	2	327	
59	0	155	step_2_no_load	5	6	0.632486591889	0.296093457977	6	767	0	
59	0	156	step_1_no_load	1	2	1	348	
59	0	156	step_2_no_load	5	6	0.631048201903	0.32564867104	5	1021	1	
59	0	157	step_1_no_load	1	2	2	0	
59	0	157	step_2_no_load	3	4	0.720725456325	0.324728201487	3	932	1	
59	0	158	step_1_no_load	1	2	1	362	
59	0	158	step_2_no_load	3	4	0.694270715354	0.334595868098	3	1005	0	
59	0	159	step_1_no_load	1	2	2	296	
59	0	159	step_2_no_load	3	4	0.697903160072	0.321150411254	3	1320	1	
59	0	160	step_1_no_load	1	2	1	376	
59	0	160	step_2_no_load	5	6	0.521229931064	0.415052912783	5	1461	0	
59	0	161	step_1_no_load	1	2	1	85	
59	0	161	step_2_no_load	5	6	0.516036498158	0.407025633682	6	1225	0	
59	0	162	step_1_no_load	1	2	1	114	
59	0	162	step_2_no_load	5	6	0.566496468084	0.3926701003	5	56	0	
59	0	163	step_1_no_load	1	2	1	35	
59	0	163	step_2_no_load	3	4	0.697095951435	0.430920885959	3	1188	1	
59	0	164	step_1_no_load	1	2	1	552	
59	0	164	step_2_no_load	5	6	0.585961845322	0.432761720497	6	1275	1	
59	0	165	step_1_no_load	1	2	-1	-1	
59	0	166	step_1_no_load	1	2	-1	-1	
59	0	167	step_1_no_load	1	2	-1	-1	
59	0	168	step_1_no_load	1	2	2	720	
59	0	168	step_2_no_load	5	6	0.613361520676	0.400817642375	-1	-1	-1	
59	0	169	step_1_no_load	1	2	2	514	
59	0	169	step_2_no_load	5	6	0.586049140041	0.42098542374	-1	-1	-1	
59	0	170	step_1_no_load	1	2	2	521	
59	0	170	step_2_no_load	5	6	0.57151385403	0.411067820436	6	458	0	
59	0	171	step_1_no_load	1	2	1	377	
59	0	171	step_2_no_load	3	4	0.727248140829	0.425122034074	3	577	1	
59	0	172	step_1_no_load	1	2	1	381	
59	0	172	step_2_no_load	3	4	0.668669556875	0.490120307546	3	341	0	
59	0	173	step_1_no_load	1	2	1	349	
59	0	173	step_2_no_load	5	6	0.484428109849	0.385349297983	6	846	0	
59	0	174	step_1_no_load	1	2	1	0	
59	0	174	step_2_no_load	3	4	0.729877433725	0.46236234172	3	17	1	
59	0	175	step_1_no_load	1	2	1	331	
59	0	175	step_2_no_load	5	6	0.52644949356	0.426185553904	5	986	0	
59	0	176	step_1_no_load	1	2	1	216	
59	0	176	step_2_no_load	3	4	0.679250000396	0.500856457218	3	651	0	
59	0	177	step_1_no_load	1	2	1	315	
59	0	177	step_2_no_load	3	4	0.714070205704	0.4798184927	3	386	1	
59	0	178	step_1_no_load	1	2	1	562	
59	0	178	step_2_no_load	3	4	0.705993797498	0.49020858644	3	624	1	
59	0	179	step_1_no_load	1	2	1	348	
59	0	179	step_2_no_load	5	6	0.457298770028	0.324685418097	5	488	0	
59	0	180	step_1_no_load	1	2	1	367	
59	0	180	step_2_no_load	5	6	0.482853857291	0.341214611607	6	909	0	
59	0	181	step_1_no_load	1	2	1	150	
59	0	181	step_2_no_load	3	4	0.746910336326	0.480141179559	3	505	0	
59	0	182	step_1_no_load	1	2	1	377	
59	0	182	step_2_no_load	3	4	0.72717560423	0.49907747228	3	350	1	
59	0	183	step_1_no_load	1	2	1	505	
59	0	183	step_2_no_load	3	4	0.720388040749	0.492742497507	3	378	0	
59	0	184	step_1_no_load	1	2	2	127	
59	0	184	step_2_no_load	3	4	0.657291439324	0.480863422096	3	525	0	
59	0	185	step_1_no_load	1	2	1	373	
59	0	185	step_2_no_load	5	6	0.479703516092	0.362611152222	6	1055	1	
59	0	186	step_1_no_load	1	2	2	321	
59	0	186	step_2_no_load	3	4	0.656308636836	0.484672582719	3	719	0	
59	0	187	step_1_no_load	1	2	1	521	
59	0	187	step_2_no_load	3	4	0.678211978625	0.498596507669	3	559	1	
59	0	188	step_1_no_load	1	2	1	314	
59	0	188	step_2_no_load	3	4	0.696362660087	0.548350535247	3	490	1	
59	0	189	step_1_no_load	1	2	1	423	
59	0	189	step_2_no_load	3	4	0.688353284054	0.534753756004	3	520	1	
59	0	190	step_1_no_load	1	2	1	768	
59	0	190	step_2_no_load	5	6	0.433568856946	0.304557739386	5	855	0	
59	0	191	step_1_no_load	1	2	1	22	
59	0	191	step_2_no_load	3	4	0.664271461991	0.512103523931	3	7	1	
59	0	192	step_1_no_load	1	2	2	468	
59	0	192	step_2_no_load	5	6	0.450791310283	0.299297135717	6	781	0	
59	0	193	step_1_no_load	1	2	2	4	
59	0	193	step_2_no_load	3	4	0.679792491164	0.504944704439	3	1485	1	
59	0	194	step_1_no_load	1	2	2	277	
59	0	194	step_2_no_load	5	6	0.433250459893	0.342437174514	6	413	0	
59	0	195	step_1_no_load	1	2	2	83	
59	0	195	step_2_no_load	3	4	0.646280688878	0.494102184238	-1	-1	-1	
59	0	196	step_1_no_load	1	2	2	567	
59	0	196	step_2_no_load	5	6	0.421761207498	0.365373286058	6	642	0	
59	0	197	step_1_no_load	1	2	1	402	
59	0	197	step_2_no_load	3	4	0.686552522522	0.47786945426	3	621	0	
59	0	198	step_1_no_load	1	2	1	537	
59	0	198	step_2_no_load	5	6	0.397292432346	0.303352625941	-1	-1	-1	
59	0	199	step_1_no_load	1	2	-1	-1	
59	0	200	step_1_no_load	1	2	2	958	
59	0	200	step_2_no_load	5	6	0.372436949782	0.299128796668	6	1229	0	

Thu Jun  8 14:35:48 2017
