Thu Jun 15 13:29:25 2017	
60	0	1	step_1_no_load	1	2	-1	-1	
60	0	2	step_1_no_load	1	2	1	391	
60	0	2	step_2_no_load	5	6	0.474613197709	0.610961032466	5	1133	1	
60	0	3	step_1_no_load	1	2	1	485	
60	0	3	step_2_no_load	5	6	0.476767372206	0.589215227351	5	522	0	
60	0	4	step_1_no_load	1	2	2	440	
60	0	4	step_2_no_load	5	6	0.478607661228	0.564086293706	5	809	1	
60	0	5	step_1_no_load	1	2	1	820	
60	0	5	step_2_no_load	3	4	0.623810210114	0.543908521457	4	1062	0	
60	0	6	step_1_no_load	1	2	1	749	
60	0	6	step_2_no_load	3	4	0.585722686883	0.490454120702	3	1097	1	
60	0	7	step_1_no_load	1	2	2	556	
60	0	7	step_2_no_load	5	6	0.500071913476	0.622642364361	5	1020	1	
60	0	8	step_1_no_load	1	2	1	402	
60	0	8	step_2_no_load	3	4	0.59128639594	0.499203529332	3	1243	1	
60	0	9	step_1_no_load	1	2	2	396	
60	0	9	step_2_no_load	5	6	0.496546708465	0.641106877158	6	1079	0	
60	0	10	step_1_no_load	1	2	1	346	
60	0	10	step_2_no_load	3	4	0.652626043146	0.576063520885	3	857	1	
60	0	11	step_1_no_load	1	2	1	562	
60	0	11	step_2_no_load	3	4	0.69163818036	0.59022801242	3	1059	0	
60	0	12	step_1_no_load	1	2	2	433	
60	0	12	step_2_no_load	3	4	0.682786328054	0.597131918027	3	1085	1	
60	0	13	step_1_no_load	1	2	1	408	
60	0	13	step_2_no_load	3	4	0.653587098421	0.595790490356	-1	-1	-1	
60	0	14	step_1_no_load	1	2	2	332	
60	0	14	step_2_no_load	5	6	0.491234392147	0.545555696267	6	1037	0	
60	0	15	step_1_no_load	1	2	1	509	
60	0	15	step_2_no_load	5	6	0.505377237737	0.570419113221	6	1274	1	
60	0	16	step_1_no_load	1	2	2	510	
60	0	16	step_2_no_load	5	6	0.510958036527	0.553308964466	5	1076	0	
60	0	17	step_1_no_load	1	2	1	326	
60	0	17	step_2_no_load	3	4	0.633350170016	0.643116883134	3	907	1	
60	0	18	step_1_no_load	1	2	2	338	
60	0	18	step_2_no_load	5	6	0.517514133912	0.553554620302	5	802	1	
60	0	19	step_1_no_load	1	2	1	521	
60	0	19	step_2_no_load	3	4	0.619895761657	0.644773170243	4	1036	1	
60	0	20	step_1_no_load	1	2	2	340	
60	0	20	step_2_no_load	5	6	0.478025448397	0.491720931314	5	1100	1	
60	0	21	step_1_no_load	1	2	1	381	
60	0	21	step_2_no_load	5	6	0.49769376036	0.470207377245	6	589	1	
60	0	22	step_1_no_load	1	2	2	432	
60	0	22	step_2_no_load	5	6	0.506100011497	0.468700882609	6	1024	0	
60	0	23	step_1_no_load	1	2	1	399	
60	0	23	step_2_no_load	3	4	0.640163623731	0.604065470975	3	1240	0	
60	0	24	step_1_no_load	1	2	2	283	
60	0	24	step_2_no_load	5	6	0.505388876622	0.503316199018	5	1074	1	
60	0	25	step_1_no_load	1	2	1	353	
60	0	25	step_2_no_load	5	6	0.503316372362	0.503605105412	5	614	1	
60	0	26	step_1_no_load	1	2	1	514	
60	0	26	step_2_no_load	3	4	0.592410219737	0.640635035276	3	1197	0	
60	0	27	step_1_no_load	1	2	2	564	
60	0	27	step_2_no_load	3	4	0.57860777711	0.642144756622	3	1188	1	
60	0	28	step_1_no_load	1	2	2	714	
60	0	28	step_2_no_load	5	6	0.520177259699	0.553259388875	6	979	1	
60	0	29	step_1_no_load	1	2	1	456	
60	0	29	step_2_no_load	5	6	0.521159009103	0.561957580386	6	1145	1	
60	0	30	step_1_no_load	1	2	2	721	
60	0	30	step_2_no_load	5	6	0.4919199548	0.574272497114	5	1024	0	
60	0	31	step_1_no_load	1	2	1	621	
60	0	31	step_2_no_load	3	4	0.636602545794	0.606122691795	4	1156	1	
60	0	32	step_1_no_load	1	2	2	446	
60	0	32	step_2_no_load	5	6	0.520318771114	0.522993086096	5	1195	1	
60	0	33	step_1_no_load	1	2	1	430	
60	0	33	step_2_no_load	5	6	0.487664344039	0.542309898544	5	498	0	
60	0	34	step_1_no_load	1	2	1	333	
60	0	34	step_2_no_load	3	4	0.575802910074	0.670290552209	3	702	0	
60	0	35	step_1_no_load	1	2	1	417	
60	0	35	step_2_no_load	3	4	0.566827313385	0.649776015006	3	689	0	
60	0	36	step_1_no_load	1	2	1	501	
60	0	36	step_2_no_load	3	4	0.527635087561	0.661229326326	4	491	1	
60	0	37	step_1_no_load	1	2	2	392	
60	0	37	step_2_no_load	3	4	0.513822304161	0.660658056664	4	721	1	
60	0	38	step_1_no_load	1	2	1	502	
60	0	38	step_2_no_load	3	4	0.539078491643	0.651263699161	4	525	1	
60	0	39	step_1_no_load	1	2	1	355	
60	0	39	step_2_no_load	5	6	0.578640235206	0.610601635554	5	787	0	
60	0	40	step_1_no_load	1	2	2	322	
60	0	40	step_2_no_load	5	6	0.5691386571	0.607992802154	6	1128	0	
60	0	41	step_1_no_load	1	2	1	244	
60	0	41	step_2_no_load	5	6	0.583829055298	0.588857868869	5	437	0	
60	0	42	step_1_no_load	1	2	2	417	
60	0	42	step_2_no_load	5	6	0.553461946234	0.609164606591	6	1223	0	
60	0	43	step_1_no_load	1	2	2	236	
60	0	43	step_2_no_load	5	6	0.548128010644	0.612705031264	5	781	0	
60	0	44	step_1_no_load	1	2	1	341	
60	0	44	step_2_no_load	5	6	0.537842745081	0.611481438855	5	1038	0	
60	0	45	step_1_no_load	1	2	2	412	
60	0	45	step_2_no_load	5	6	0.5288039409	0.632991467829	6	870	1	
60	0	46	step_1_no_load	1	2	1	349	
60	0	46	step_2_no_load	3	4	0.55511883717	0.654261318712	3	851	1	
60	0	47	step_1_no_load	1	2	1	387	
60	0	47	step_2_no_load	5	6	0.493112702321	0.598724660986	6	883	1	
60	0	48	step_1_no_load	1	2	2	401	
60	0	48	step_2_no_load	5	6	0.488280685105	0.615767119776	5	703	0	
60	0	49	step_1_no_load	1	2	1	256	
60	0	49	step_2_no_load	3	4	0.512405963374	0.614679490594	3	979	1	
60	0	50	step_1_no_load	1	2	1	419	
60	0	50	step_2_no_load	3	4	0.481616544184	0.593458480934	3	898	1	
60	0	51	step_1_no_load	1	2	2	265	
60	0	51	step_2_no_load	3	4	0.508197321577	0.613357430892	3	912	0	
60	0	52	step_1_no_load	1	2	1	382	
60	0	52	step_2_no_load	3	4	0.513589895419	0.613408921915	4	835	1	
60	0	53	step_1_no_load	1	2	1	276	
60	0	53	step_2_no_load	3	4	0.475342927439	0.630956764252	4	631	0	
60	0	54	step_1_no_load	1	2	1	894	
60	0	54	step_2_no_load	3	4	0.493362545513	0.652515308527	3	537	1	
60	0	55	step_1_no_load	1	2	1	236	
60	0	55	step_2_no_load	5	6	0.487025527704	0.574045915747	6	1069	0	
60	0	56	step_1_no_load	1	2	2	391	
60	0	56	step_2_no_load	5	6	0.459773408493	0.601856598146	6	844	0	
60	0	57	step_1_no_load	1	2	2	222	
60	0	57	step_2_no_load	3	4	0.516475618243	0.586335094239	4	928	1	
60	0	58	step_1_no_load	1	2	1	394	
60	0	58	step_2_no_load	5	6	0.478335218822	0.664682809182	6	678	1	
60	0	59	step_1_no_load	1	2	2	486	
60	0	59	step_2_no_load	5	6	0.480274332693	0.632500293208	6	808	1	
60	0	60	step_1_no_load	1	2	1	468	
60	0	60	step_2_no_load	5	6	0.491916707098	0.623687406259	6	740	0	
60	0	61	step_1_no_load	1	2	2	267	
60	0	61	step_2_no_load	3	4	0.527144452559	0.602879526975	3	608	1	
60	0	62	step_1_no_load	1	2	2	311	
60	0	62	step_2_no_load	3	4	0.533031417444	0.622820395113	4	356	1	
60	0	63	step_1_no_load	1	2	1	441	
60	0	63	step_2_no_load	3	4	0.519445130796	0.642623127313	3	306	0	
60	0	64	step_1_no_load	1	2	1	783	
60	0	64	step_2_no_load	3	4	0.533849886794	0.626149195169	4	1073	1	
60	0	65	step_1_no_load	1	2	1	423	
60	0	65	step_2_no_load	3	4	0.517687993213	0.619953360065	-1	-1	-1	
60	0	66	step_1_no_load	1	2	1	338	
60	0	66	step_2_no_load	5	6	0.573761869714	0.606938648072	5	712	0	
60	0	67	step_1_no_load	1	2	2	228	
60	0	67	step_2_no_load	5	6	0.542076810516	0.597650193897	5	650	1	
60	0	68	step_1_no_load	1	2	1	633	
60	0	68	step_2_no_load	5	6	0.509127161919	0.622963076372	5	1003	0	
60	0	69	step_1_no_load	1	2	1	571	
60	0	69	step_2_no_load	3	4	0.560462111264	0.718756538957	4	1016	1	
60	0	70	step_1_no_load	1	2	1	567	
60	0	70	step_2_no_load	3	4	0.548075770764	0.697741832068	4	715	1	
60	0	71	step_1_no_load	1	2	1	371	
60	0	71	step_2_no_load	3	4	0.546215110045	0.706816191949	4	616	0	
60	0	72	step_1_no_load	1	2	2	481	
60	0	72	step_2_no_load	3	4	0.556486305476	0.705884789502	3	1029	0	
60	0	73	step_1_no_load	1	2	1	612	
60	0	73	step_2_no_load	3	4	0.50185699984	0.727961155836	4	889	1	
60	0	74	step_1_no_load	1	2	1	325	
60	0	74	step_2_no_load	5	6	0.453420386428	0.614462146454	6	989	1	
60	0	75	step_1_no_load	1	2	2	749	
60	0	75	step_2_no_load	5	6	0.44832280175	0.615552849174	6	690	1	
60	0	76	step_1_no_load	1	2	1	591	
60	0	76	step_2_no_load	5	6	0.488583631821	0.62770291155	6	658	1	
60	0	77	step_1_no_load	1	2	2	1017	
60	0	77	step_2_no_load	5	6	0.446809557226	0.564257587118	6	968	1	
60	0	78	step_1_no_load	1	2	1	655	
60	0	78	step_2_no_load	3	4	0.538654072849	0.647586191228	4	1144	1	
60	0	79	step_1_no_load	1	2	1	397	
60	0	79	step_2_no_load	3	4	0.540085062695	0.647841624544	4	916	1	
60	0	80	step_1_no_load	1	2	2	272	
60	0	80	step_2_no_load	5	6	0.396016175285	0.518583383166	6	960	0	
60	0	81	step_1_no_load	1	2	1	319	
60	0	81	step_2_no_load	3	4	0.494116554432	0.702400933084	3	989	0	
60	0	82	step_1_no_load	1	2	2	355	
60	0	82	step_2_no_load	5	6	0.395813831323	0.564729328387	5	789	0	
60	0	83	step_1_no_load	1	2	2	390	
60	0	83	step_2_no_load	5	6	0.382772464038	0.607907985871	6	566	1	
60	0	84	step_1_no_load	1	2	2	337	
60	0	84	step_2_no_load	5	6	0.385087938645	0.65843840156	6	718	1	
60	0	85	step_1_no_load	1	2	1	423	
60	0	85	step_2_no_load	3	4	0.485785534744	0.712989604416	4	859	1	
60	0	86	step_1_no_load	1	2	1	608	
60	0	86	step_2_no_load	3	4	0.486462788728	0.721207648497	4	531	1	
60	0	87	step_1_no_load	1	2	1	364	
60	0	87	step_2_no_load	3	4	0.493867001103	0.690012761069	4	439	1	
60	0	88	step_1_no_load	1	2	2	471	
60	0	88	step_2_no_load	5	6	0.377947492322	0.717410082358	6	1031	1	
60	0	89	step_1_no_load	1	2	1	562	
60	0	89	step_2_no_load	5	6	0.415882489686	0.690772436485	6	1018	1	
60	0	90	step_1_no_load	1	2	2	281	
60	0	90	step_2_no_load	3	4	0.530126112124	0.688736868033	4	602	1	
60	0	91	step_1_no_load	1	2	1	504	
60	0	91	step_2_no_load	3	4	0.479087223222	0.657820521772	4	856	1	
60	0	92	step_1_no_load	1	2	1	501	
60	0	92	step_2_no_load	3	4	0.484260039873	0.679381608313	4	614	1	
60	0	93	step_1_no_load	1	2	1	557	
60	0	93	step_2_no_load	3	4	0.473273727684	0.662863370634	4	455	1	
60	0	94	step_1_no_load	1	2	1	448	
60	0	94	step_2_no_load	3	4	0.468637558205	0.668295023896	4	625	1	
60	0	95	step_1_no_load	1	2	1	439	
60	0	95	step_2_no_load	5	6	0.427150666411	0.715495469274	6	1216	0	
60	0	96	step_1_no_load	1	2	2	507	
60	0	96	step_2_no_load	3	4	0.437558890646	0.663095813561	4	752	1	
60	0	97	step_1_no_load	1	2	1	609	
60	0	97	step_2_no_load	3	4	0.455601814112	0.651202057411	4	1123	1	
60	0	98	step_1_no_load	1	2	2	406	
60	0	98	step_2_no_load	3	4	0.431479829356	0.646040060297	4	629	1	
60	0	99	step_1_no_load	1	2	2	553	
60	0	99	step_2_no_load	5	6	0.397561363605	0.673709850038	6	870	0	
60	0	100	step_1_no_load	1	2	2	388	
60	0	100	step_2_no_load	5	6	0.4333505304	0.666227451505	6	453	1	
60	0	101	step_1_no_load	1	2	1	382	
60	0	101	step_2_no_load	3	4	0.366879421891	0.655903528958	4	787	0	
60	0	102	step_1_no_load	1	2	1	558	
60	0	102	step_2_no_load	3	4	0.326080462175	0.663124617603	4	551	1	
60	0	103	step_1_no_load	1	2	2	241	
60	0	103	step_2_no_load	5	6	0.481975449893	0.663997796029	6	780	1	
60	0	104	step_1_no_load	1	2	2	497	
60	0	104	step_2_no_load	5	6	0.521047445908	0.703870701136	6	1040	1	
60	0	105	step_1_no_load	1	2	1	510	
60	0	105	step_2_no_load	3	4	0.352639603242	0.722851301692	4	789	1	
60	0	106	step_1_no_load	1	2	2	552	
60	0	106	step_2_no_load	3	4	0.374131494222	0.699623252899	4	609	1	
60	0	107	step_1_no_load	1	2	2	362	
60	0	107	step_2_no_load	5	6	0.565220528809	0.692607431435	6	753	1	
60	0	108	step_1_no_load	1	2	1	376	
60	0	108	step_2_no_load	3	4	0.388185708856	0.681491063126	4	739	1	
60	0	109	step_1_no_load	1	2	1	674	
60	0	109	step_2_no_load	5	6	0.479977531501	0.71632547018	6	887	0	
60	0	110	step_1_no_load	1	2	2	353	
60	0	110	step_2_no_load	5	6	0.432626681236	0.729599891941	6	1138	1	
60	0	111	step_1_no_load	1	2	2	244	
60	0	111	step_2_no_load	3	4	0.407158158569	0.634599547742	4	677	0	
60	0	112	step_1_no_load	1	2	2	279	
60	0	112	step_2_no_load	5	6	0.392887565883	0.725701866094	6	751	1	
60	0	113	step_1_no_load	1	2	2	341	
60	0	113	step_2_no_load	5	6	0.370697120277	0.719324307956	6	682	0	
60	0	114	step_1_no_load	1	2	1	433	
60	0	114	step_2_no_load	3	4	0.384736699284	0.657654904272	4	716	0	
60	0	115	step_1_no_load	1	2	1	363	
60	0	115	step_2_no_load	3	4	0.357661171116	0.645721217949	4	434	1	
60	0	116	step_1_no_load	1	2	1	253	
60	0	116	step_2_no_load	3	4	0.369438791876	0.680124293449	4	405	1	
60	0	117	step_1_no_load	1	2	1	404	
60	0	117	step_2_no_load	3	4	0.363056877927	0.671842537277	4	460	0	
60	0	118	step_1_no_load	1	2	2	267	
60	0	118	step_2_no_load	3	4	0.362977115924	0.690484235012	4	998	0	
60	0	119	step_1_no_load	1	2	1	284	
60	0	119	step_2_no_load	5	6	0.357515098446	0.690424535099	6	585	1	
60	0	120	step_1_no_load	1	2	1	405	
60	0	120	step_2_no_load	3	4	0.333809617664	0.666433355915	4	690	0	
60	0	121	step_1_no_load	1	2	2	292	
60	0	121	step_2_no_load	5	6	0.352721767208	0.658856304095	6	767	1	
60	0	122	step_1_no_load	1	2	2	335	
60	0	122	step_2_no_load	3	4	0.266650857402	0.672193618854	4	736	1	
60	0	123	step_1_no_load	1	2	2	362	
60	0	123	step_2_no_load	5	6	0.337526896345	0.583607229978	6	535	1	
60	0	124	step_1_no_load	1	2	2	357	
60	0	124	step_2_no_load	5	6	0.309430836661	0.603013298253	6	17	1	
60	0	125	step_1_no_load	1	2	2	369	
60	0	125	step_2_no_load	5	6	0.303110862715	0.559596800931	6	654	0	
60	0	126	step_1_no_load	1	2	1	458	
60	0	126	step_2_no_load	3	4	0.267206368684	0.600985760967	4	742	1	
60	0	127	step_1_no_load	1	2	1	408	
60	0	127	step_2_no_load	3	4	0.273483952592	0.646945556251	4	661	1	
60	0	128	step_1_no_load	1	2	1	278	
60	0	128	step_2_no_load	5	6	0.250790232267	0.636905534066	6	658	1	
60	0	129	step_1_no_load	1	2	2	247	
60	0	129	step_2_no_load	5	6	0.271709703542	0.685297910719	6	563	1	
60	0	130	step_1_no_load	1	2	2	312	
60	0	130	step_2_no_load	5	6	0.274560758494	0.682031489739	6	556	0	
60	0	131	step_1_no_load	1	2	2	429	
60	0	131	step_2_no_load	5	6	0.311475039155	0.678044920845	5	503	0	
60	0	132	step_1_no_load	1	2	2	245	
60	0	132	step_2_no_load	3	4	0.27986961048	0.660013924697	4	665	1	
60	0	133	step_1_no_load	1	2	1	383	
60	0	133	step_2_no_load	3	4	0.315608831386	0.691649444281	4	600	0	
60	0	134	step_1_no_load	1	2	1	140	
60	0	134	step_2_no_load	3	4	0.287393715313	0.685529359147	4	436	0	
60	0	135	step_1_no_load	1	2	1	685	
60	0	135	step_2_no_load	5	6	0.287118934166	0.593710006149	6	888	0	
60	0	136	step_1_no_load	1	2	2	636	
60	0	136	step_2_no_load	5	6	0.284521085726	0.597814413435	5	790	0	
60	0	137	step_1_no_load	1	2	1	247	
60	0	137	step_2_no_load	5	6	0.325016613024	0.605896884497	5	630	0	
60	0	138	step_1_no_load	1	2	1	334	
60	0	138	step_2_no_load	3	4	0.366701525561	0.688182193337	4	691	1	
60	0	139	step_1_no_load	1	2	1	466	
60	0	139	step_2_no_load	3	4	0.325611400511	0.696355985729	4	764	1	
60	0	140	step_1_no_load	1	2	1	187	
60	0	140	step_2_no_load	5	6	0.328174526491	0.671213945178	6	795	1	
60	0	141	step_1_no_load	1	2	1	369	
60	0	141	step_2_no_load	3	4	0.390227133375	0.616803346728	4	797	0	
60	0	142	step_1_no_load	1	2	1	0	
60	0	142	step_2_no_load	3	4	0.397052682821	0.627356259123	4	704	0	
60	0	143	step_1_no_load	1	2	1	489	
60	0	143	step_2_no_load	3	4	0.410970957547	0.610219102298	3	638	0	
60	0	144	step_1_no_load	1	2	1	281	
60	0	144	step_2_no_load	5	6	0.275932517017	0.626443722248	6	912	0	
60	0	145	step_1_no_load	1	2	1	378	
60	0	145	step_2_no_load	5	6	0.266265924094	0.6669125229	5	917	0	
60	0	146	step_1_no_load	1	2	1	260	
60	0	146	step_2_no_load	3	4	0.320877500969	0.593778463268	4	741	0	
60	0	147	step_1_no_load	1	2	1	347	
60	0	147	step_2_no_load	3	4	0.352879785946	0.594861186319	3	897	0	
60	0	148	step_1_no_load	1	2	1	548	
60	0	148	step_2_no_load	3	4	0.311162711725	0.648050021239	4	839	1	
60	0	149	step_1_no_load	1	2	2	498	
60	0	149	step_2_no_load	3	4	0.300290206122	0.623203869836	4	840	0	
60	0	150	step_1_no_load	1	2	1	371	
60	0	150	step_2_no_load	3	4	0.306860041627	0.605912419156	4	715	0	
60	0	151	step_1_no_load	1	2	2	365	
60	0	151	step_2_no_load	3	4	0.310557101463	0.614159737668	3	720	0	
60	0	152	step_1_no_load	1	2	1	321	
60	0	152	step_2_no_load	3	4	0.323194010514	0.644204174791	3	650	1	
60	0	153	step_1_no_load	1	2	2	223	
60	0	153	step_2_no_load	3	4	0.343622632154	0.681559292085	3	520	0	
60	0	154	step_1_no_load	1	2	1	461	
60	0	154	step_2_no_load	3	4	0.348349389262	0.671672162443	3	721	0	
60	0	155	step_1_no_load	1	2	1	406	
60	0	155	step_2_no_load	3	4	0.372188990474	0.716100930629	3	939	0	
60	0	156	step_1_no_load	1	2	1	386	
60	0	156	step_2_no_load	3	4	0.368378667812	0.734436160799	4	379	0	
60	0	157	step_1_no_load	1	2	1	434	
60	0	157	step_2_no_load	3	4	0.324728201487	0.720725456325	3	433	0	
60	0	158	step_1_no_load	1	2	1	312	
60	0	158	step_2_no_load	3	4	0.334595868098	0.694270715354	3	669	1	
60	0	159	step_1_no_load	1	2	1	514	
60	0	159	step_2_no_load	3	4	0.321150411254	0.697903160072	3	357	1	
60	0	160	step_1_no_load	1	2	1	235	
60	0	160	step_2_no_load	3	4	0.355992626298	0.710728171711	3	426	1	
60	0	161	step_1_no_load	1	2	1	328	
60	0	161	step_2_no_load	5	6	0.407025633682	0.516036498158	5	1037	0	
60	0	162	step_1_no_load	1	2	1	218	
60	0	162	step_2_no_load	5	6	0.3926701003	0.566496468084	5	1247	0	
60	0	163	step_1_no_load	1	2	1	261	
60	0	163	step_2_no_load	5	6	0.395221309311	0.5863391277	6	526	1	
60	0	164	step_1_no_load	1	2	1	451	
60	0	164	step_2_no_load	3	4	0.430844125626	0.692137394606	3	642	0	
60	0	165	step_1_no_load	1	2	2	395	
60	0	165	step_2_no_load	3	4	0.347974240867	0.717506143195	4	329	1	
60	0	166	step_1_no_load	1	2	2	252	
60	0	166	step_2_no_load	5	6	0.422282731054	0.549095060025	5	1067	1	
60	0	167	step_1_no_load	1	2	2	479	
60	0	167	step_2_no_load	5	6	0.38753671275	0.585131062446	5	671	0	
60	0	168	step_1_no_load	1	2	1	215	
60	0	168	step_2_no_load	3	4	0.335777599654	0.67192508984	3	845	0	
60	0	169	step_1_no_load	1	2	1	348	
60	0	169	step_2_no_load	5	6	0.42098542374	0.586049140041	6	806	1	
60	0	170	step_1_no_load	1	2	1	215	
60	0	170	step_2_no_load	5	6	0.411067820436	0.57151385403	6	759	0	
60	0	171	step_1_no_load	1	2	1	523	
60	0	171	step_2_no_load	3	4	0.425122034074	0.727248140829	3	981	1	
60	0	172	step_1_no_load	1	2	1	242	
60	0	172	step_2_no_load	5	6	0.363617002148	0.519090471457	5	956	0	
60	0	173	step_1_no_load	1	2	2	227	
60	0	173	step_2_no_load	5	6	0.385349297983	0.484428109849	6	330	0	
60	0	174	step_1_no_load	1	2	2	247	
60	0	174	step_2_no_load	5	6	0.387867297446	0.472729524832	5	535	1	
60	0	175	step_1_no_load	1	2	2	217	
60	0	175	step_2_no_load	3	4	0.484825491933	0.693968268443	3	811	1	
60	0	176	step_1_no_load	1	2	1	334	
60	0	176	step_2_no_load	3	4	0.500856457218	0.679250000396	3	427	1	
60	0	177	step_1_no_load	1	2	1	312	
60	0	177	step_2_no_load	3	4	0.4798184927	0.714070205704	3	360	0	
60	0	178	step_1_no_load	1	2	1	254	
60	0	178	step_2_no_load	3	4	0.49020858644	0.705993797498	3	331	0	
60	0	179	step_1_no_load	1	2	1	531	
60	0	179	step_2_no_load	3	4	0.493565996034	0.709345707515	3	204	1	
60	0	180	step_1_no_load	1	2	1	207	
60	0	180	step_2_no_load	3	4	0.489345734128	0.719795072986	3	346	1	
60	0	181	step_1_no_load	1	2	1	228	
60	0	181	step_2_no_load	3	4	0.480141179559	0.746910336326	3	341	0	
60	0	182	step_1_no_load	1	2	1	295	
60	0	182	step_2_no_load	3	4	0.49907747228	0.72717560423	3	329	1	
60	0	183	step_1_no_load	1	2	1	227	
60	0	183	step_2_no_load	5	6	0.350175837802	0.502991759047	6	1148	0	
60	0	184	step_1_no_load	1	2	1	221	
60	0	184	step_2_no_load	3	4	0.480863422096	0.657291439324	3	335	0	
60	0	185	step_1_no_load	1	2	1	214	
60	0	185	step_2_no_load	3	4	0.482228039858	0.665622647081	3	359	0	
60	0	186	step_1_no_load	1	2	1	226	
60	0	186	step_2_no_load	5	6	0.332733011923	0.46870859828	5	815	1	
60	0	187	step_1_no_load	1	2	1	272	
60	0	187	step_2_no_load	3	4	0.498596507669	0.678211978625	3	385	1	
60	0	188	step_1_no_load	1	2	1	219	
60	0	188	step_2_no_load	3	4	0.548350535247	0.696362660087	3	480	1	
60	0	189	step_1_no_load	1	2	1	382	
60	0	189	step_2_no_load	3	4	0.534753756004	0.688353284054	3	428	0	
60	0	190	step_1_no_load	1	2	1	262	
60	0	190	step_2_no_load	3	4	0.505820429042	0.667655825994	3	476	1	
60	0	191	step_1_no_load	1	2	1	395	
60	0	191	step_2_no_load	5	6	0.318839908867	0.435748387321	5	389	0	
60	0	192	step_1_no_load	1	2	2	279	
60	0	192	step_2_no_load	5	6	0.299297135717	0.450791310283	5	620	1	
60	0	193	step_1_no_load	1	2	2	204	
60	0	193	step_2_no_load	5	6	0.321008037746	0.440813209638	5	498	1	
60	0	194	step_1_no_load	1	2	2	270	
60	0	194	step_2_no_load	5	6	0.342437174514	0.433250459893	5	370	0	
60	0	195	step_1_no_load	1	2	2	268	
60	0	195	step_2_no_load	5	6	0.348571348505	0.466795336969	5	423	0	
60	0	196	step_1_no_load	1	2	1	209	
60	0	196	step_2_no_load	3	4	0.496717662777	0.695101215304	3	403	1	
60	0	197	step_1_no_load	1	2	1	354	
60	0	197	step_2_no_load	3	4	0.47786945426	0.686552522522	3	403	0	
60	0	198	step_1_no_load	1	2	2	174	
60	0	198	step_2_no_load	3	4	0.485065498391	0.68660989813	3	552	1	
60	0	199	step_1_no_load	1	2	2	215	
60	0	199	step_2_no_load	5	6	0.292861528884	0.39793773834	5	776	1	
60	0	200	step_1_no_load	1	2	2	308	
60	0	200	step_2_no_load	3	4	0.507902534353	0.728996708473	3	575	1	

Thu Jun 15 13:46:47 2017
