Wed Jun 21 09:57:37 2017	
61	0	1	step_1_no_load	1	2	1	810	
61	0	1	step_2_no_load	5	6	0.594299910136	0.598297890399	6	1362	0	
61	0	2	step_1_no_load	1	2	1	829	
61	0	2	step_2_no_load	3	4	0.474613197709	0.533203491871	-1	-1	-1	
61	0	3	step_1_no_load	1	2	-1	-1	
61	0	4	step_1_no_load	1	2	1	1194	
61	0	4	step_2_no_load	5	6	0.564086293706	0.597491569846	-1	-1	-1	
61	0	5	step_1_no_load	1	2	2	439	
61	0	5	step_2_no_load	5	6	0.576104915614	0.623810210114	-1	-1	-1	
61	0	6	step_1_no_load	1	2	2	506	
61	0	6	step_2_no_load	5	6	0.603642866427	0.585722686883	-1	-1	-1	
61	0	7	step_1_no_load	1	2	2	533	
61	0	7	step_2_no_load	5	6	0.622642364361	0.568656746487	-1	-1	-1	
61	0	8	step_1_no_load	1	2	1	761	
61	0	8	step_2_no_load	3	4	0.489816616396	0.499203529332	4	1238	0	
61	0	9	step_1_no_load	1	2	1	603	
61	0	9	step_2_no_load	5	6	0.641106877158	0.598049061473	6	392	1	
61	0	10	step_1_no_load	1	2	1	1345	
61	0	10	step_2_no_load	3	4	0.482364178155	0.576063520885	4	946	0	
61	0	11	step_1_no_load	1	2	1	1380	
61	0	11	step_2_no_load	3	4	0.477013315682	0.59022801242	4	1130	1	
61	0	12	step_1_no_load	1	2	1	802	
61	0	12	step_2_no_load	3	4	0.48457206759	0.597131918027	4	11	1	
61	0	13	step_1_no_load	1	2	2	661	
61	0	13	step_2_no_load	3	4	0.52012981853	0.595790490356	3	1194	0	
61	0	14	step_1_no_load	1	2	2	391	
61	0	14	step_2_no_load	5	6	0.545555696267	0.629137942344	5	723	1	
61	0	15	step_1_no_load	1	2	1	317	
61	0	15	step_2_no_load	5	6	0.570419113221	0.612260006668	6	370	1	
61	0	16	step_1_no_load	1	2	2	343	
61	0	16	step_2_no_load	5	6	0.553308964466	0.628091198119	-1	-1	-1	
61	0	17	step_1_no_load	1	2	2	923	
61	0	17	step_2_no_load	5	6	0.562895132605	0.633350170016	5	564	0	
61	0	18	step_1_no_load	1	2	1	262	
61	0	18	step_2_no_load	3	4	0.517514133912	0.626895526976	4	472	0	
61	0	19	step_1_no_load	1	2	1	440	
61	0	19	step_2_no_load	3	4	0.498240186199	0.644773170243	4	372	1	
61	0	20	step_1_no_load	1	2	2	622	
61	0	20	step_2_no_load	3	4	0.478025448397	0.60665343963	3	287	1	
61	0	21	step_1_no_load	1	2	2	550	
61	0	21	step_2_no_load	5	6	0.470207377245	0.630305464549	5	400	0	
61	0	22	step_1_no_load	1	2	2	253	
61	0	22	step_2_no_load	5	6	0.468700882609	0.621949894727	5	248	1	
61	0	23	step_1_no_load	1	2	1	363	
61	0	23	step_2_no_load	5	6	0.513759772011	0.640163623731	6	79	0	
61	0	24	step_1_no_load	1	2	2	813	
61	0	24	step_2_no_load	5	6	0.503316199018	0.582115115688	5	308	1	
61	0	25	step_1_no_load	1	2	1	624	
61	0	25	step_2_no_load	3	4	0.503316372362	0.629917901014	4	527	1	
61	0	26	step_1_no_load	1	2	1	355	
61	0	26	step_2_no_load	5	6	0.532884212818	0.592410219737	6	361	1	
61	0	27	step_1_no_load	1	2	2	582	
61	0	27	step_2_no_load	5	6	0.54756089792	0.57860777711	5	237	1	
61	0	28	step_1_no_load	1	2	2	424	
61	0	28	step_2_no_load	5	6	0.553259388875	0.588356036098	5	466	0	
61	0	29	step_1_no_load	1	2	2	291	
61	0	29	step_2_no_load	5	6	0.561957580386	0.606613029227	5	229	1	
61	0	30	step_1_no_load	1	2	2	457	
61	0	30	step_2_no_load	5	6	0.574272497114	0.608245979832	5	475	0	
61	0	31	step_1_no_load	1	2	2	489	
61	0	31	step_2_no_load	5	6	0.541819886458	0.636602545794	5	25	1	
61	0	32	step_1_no_load	1	2	1	403	
61	0	32	step_2_no_load	3	4	0.520318771114	0.605616211083	4	443	0	
61	0	33	step_1_no_load	1	2	1	307	
61	0	33	step_2_no_load	3	4	0.487664344039	0.618000238621	4	164	0	
61	0	34	step_1_no_load	1	2	2	509	
61	0	34	step_2_no_load	5	6	0.538523758058	0.575802910074	5	347	0	
61	0	35	step_1_no_load	1	2	2	550	
61	0	35	step_2_no_load	5	6	0.594167768198	0.566827313385	5	314	1	
61	0	36	step_1_no_load	1	2	1	526	
61	0	36	step_2_no_load	3	4	0.513210053121	0.661229326326	4	380	1	
61	0	37	step_1_no_load	1	2	1	530	
61	0	37	step_2_no_load	5	6	0.598446394142	0.513822304161	6	75	0	
61	0	38	step_1_no_load	1	2	1	293	
61	0	38	step_2_no_load	3	4	0.553931241266	0.651263699161	4	271	1	
61	0	39	step_1_no_load	1	2	2	899	
61	0	39	step_2_no_load	5	6	0.610601635554	0.557005857101	5	143	0	
61	0	40	step_1_no_load	1	2	2	326	
61	0	40	step_2_no_load	3	4	0.5691386571	0.636994900683	3	278	0	
61	0	41	step_1_no_load	1	2	1	339	
61	0	41	step_2_no_load	5	6	0.588857868869	0.524862294848	6	344	1	
61	0	42	step_1_no_load	1	2	1	306	
61	0	42	step_2_no_load	3	4	0.553461946234	0.606696263624	4	395	1	
61	0	43	step_1_no_load	1	2	1	680	
61	0	43	step_2_no_load	5	6	0.612705031264	0.553703096215	6	640	1	
61	0	44	step_1_no_load	1	2	2	396	
61	0	44	step_2_no_load	3	4	0.537842745081	0.589653131867	3	583	0	
61	0	45	step_1_no_load	1	2	1	308	
61	0	45	step_2_no_load	5	6	0.632991467829	0.579346234508	6	357	0	
61	0	46	step_1_no_load	1	2	2	306	
61	0	46	step_2_no_load	5	6	0.600964500555	0.55511883717	5	236	1	
61	0	47	step_1_no_load	1	2	1	379	
61	0	47	step_2_no_load	3	4	0.493112702321	0.634373567175	4	280	0	
61	0	48	step_1_no_load	1	2	2	350	
61	0	48	step_2_no_load	5	6	0.615767119776	0.534690828011	5	266	0	
61	0	49	step_1_no_load	1	2	2	414	
61	0	49	step_2_no_load	5	6	0.610193185592	0.512405963374	5	226	0	
61	0	50	step_1_no_load	1	2	1	734	
61	0	50	step_2_no_load	3	4	0.47381367271	0.593458480934	4	346	1	
61	0	51	step_1_no_load	1	2	1	451	
61	0	51	step_2_no_load	3	4	0.469943944943	0.613357430892	4	317	1	
61	0	52	step_1_no_load	1	2	1	484	
61	0	52	step_2_no_load	3	4	0.429622901875	0.613408921915	4	501	0	
61	0	53	step_1_no_load	1	2	2	277	
61	0	53	step_2_no_load	5	6	0.551457882502	0.475342927439	5	216	0	
61	0	54	step_1_no_load	1	2	1	190	
61	0	54	step_2_no_load	3	4	0.491512498697	0.652515308527	4	160	1	
61	0	55	step_1_no_load	1	2	2	426	
61	0	55	step_2_no_load	5	6	0.574045915747	0.526704292526	5	568	1	
61	0	56	step_1_no_load	1	2	1	363	
61	0	56	step_2_no_load	3	4	0.459773408493	0.60038825769	4	296	1	
61	0	57	step_1_no_load	1	2	2	347	
61	0	57	step_2_no_load	3	4	0.466449077359	0.586335094239	3	387	0	
61	0	58	step_1_no_load	1	2	2	259	
61	0	58	step_2_no_load	5	6	0.664682809182	0.528376440027	5	247	1	
61	0	59	step_1_no_load	1	2	2	267	
61	0	59	step_2_no_load	5	6	0.632500293208	0.537400760025	5	377	1	
61	0	60	step_1_no_load	1	2	2	307	
61	0	60	step_2_no_load	5	6	0.623687406259	0.479287247283	5	341	0	
61	0	61	step_1_no_load	1	2	2	332	
61	0	61	step_2_no_load	5	6	0.669587072502	0.527144452559	5	145	1	
61	0	62	step_1_no_load	1	2	1	369	
61	0	62	step_2_no_load	3	4	0.50724109756	0.622820395113	4	351	0	
61	0	63	step_1_no_load	1	2	1	426	
61	0	63	step_2_no_load	3	4	0.53192660365	0.642623127313	4	389	1	
61	0	64	step_1_no_load	1	2	2	343	
61	0	64	step_2_no_load	3	4	0.555062911513	0.626149195169	3	244	0	
61	0	65	step_1_no_load	1	2	2	383	
61	0	65	step_2_no_load	5	6	0.612660225018	0.517687993213	5	333	1	
61	0	66	step_1_no_load	1	2	2	553	
61	0	66	step_2_no_load	3	4	0.573761869714	0.630357351236	3	421	1	
61	0	67	step_1_no_load	1	2	2	468	
61	0	67	step_2_no_load	5	6	0.597650193897	0.538279387614	5	355	1	
61	0	68	step_1_no_load	1	2	1	779	
61	0	68	step_2_no_load	5	6	0.622963076372	0.523301545299	6	378	0	
61	0	69	step_1_no_load	1	2	2	378	
61	0	69	step_2_no_load	3	4	0.499137600991	0.718756538957	3	256	1	
61	0	70	step_1_no_load	1	2	2	534	
61	0	70	step_2_no_load	3	4	0.498834901463	0.697741832068	3	265	1	
61	0	71	step_1_no_load	1	2	2	277	
61	0	71	step_2_no_load	3	4	0.482863323776	0.706816191949	3	439	0	
61	0	72	step_1_no_load	1	2	1	247	
61	0	72	step_2_no_load	3	4	0.47409116389	0.705884789502	4	447	1	
61	0	73	step_1_no_load	1	2	2	369	
61	0	73	step_2_no_load	5	6	0.657126403029	0.50185699984	5	326	0	
61	0	74	step_1_no_load	1	2	2	318	
61	0	74	step_2_no_load	3	4	0.453420386428	0.693624670847	3	292	0	
61	0	75	step_1_no_load	1	2	2	245	
61	0	75	step_2_no_load	3	4	0.44832280175	0.697629587097	3	282	0	
61	0	76	step_1_no_load	1	2	1	317	
61	0	76	step_2_no_load	3	4	0.488583631821	0.690117652944	4	358	1	
61	0	77	step_1_no_load	1	2	1	477	
61	0	77	step_2_no_load	3	4	0.446809557226	0.679737625371	4	596	1	
61	0	78	step_1_no_load	1	2	2	333	
61	0	78	step_2_no_load	5	6	0.536711448352	0.538654072849	5	268	0	
61	0	79	step_1_no_load	1	2	2	305	
61	0	79	step_2_no_load	5	6	0.513695512795	0.540085062695	5	331	1	
61	0	80	step_1_no_load	1	2	1	340	
61	0	80	step_2_no_load	3	4	0.396016175285	0.703969305517	4	373	1	
61	0	81	step_1_no_load	1	2	1	416	
61	0	81	step_2_no_load	5	6	0.529745690463	0.494116554432	6	446	1	
61	0	82	step_1_no_load	1	2	1	607	
61	0	82	step_2_no_load	3	4	0.395813831323	0.688340116885	4	518	1	
61	0	83	step_1_no_load	1	2	2	638	
61	0	83	step_2_no_load	5	6	0.607907985871	0.483255412498	5	828	1	
61	0	84	step_1_no_load	1	2	2	747	
61	0	84	step_2_no_load	3	4	0.385087938645	0.731466635793	3	1016	0	
61	0	85	step_1_no_load	1	2	1	598	
61	0	85	step_2_no_load	3	4	0.384458259121	0.712989604416	4	733	0	
61	0	86	step_1_no_load	1	2	1	384	
61	0	86	step_2_no_load	3	4	0.345323068124	0.721207648497	4	1113	1	
61	0	87	step_1_no_load	1	2	1	660	
61	0	87	step_2_no_load	3	4	0.40000499778	0.690012761069	4	635	1	
61	0	88	step_1_no_load	1	2	2	344	
61	0	88	step_2_no_load	3	4	0.377947492322	0.696773608304	3	755	0	
61	0	89	step_1_no_load	1	2	1	750	
61	0	89	step_2_no_load	5	6	0.690772436485	0.490019385174	5	1401	0	
61	0	90	step_1_no_load	1	2	2	854	
61	0	90	step_2_no_load	5	6	0.712247848046	0.530126112124	5	866	1	
61	0	91	step_1_no_load	1	2	2	396	
61	0	91	step_2_no_load	5	6	0.685023809334	0.479087223222	5	865	1	
61	0	92	step_1_no_load	1	2	1	415	
61	0	92	step_2_no_load	3	4	0.444368850664	0.679381608313	4	723	1	
61	0	93	step_1_no_load	1	2	1	330	
61	0	93	step_2_no_load	3	4	0.439878153082	0.662863370634	4	739	1	
61	0	94	step_1_no_load	1	2	1	370	
61	0	94	step_2_no_load	5	6	0.719464414227	0.468637558205	6	983	0	
61	0	95	step_1_no_load	1	2	1	444	
61	0	95	step_2_no_load	3	4	0.427150666411	0.640209855442	4	693	1	
61	0	96	step_1_no_load	1	2	1	328	
61	0	96	step_2_no_load	3	4	0.383038640121	0.663095813561	4	543	0	
61	0	97	step_1_no_load	1	2	1	339	
61	0	97	step_2_no_load	3	4	0.392885664353	0.651202057411	4	462	1	
61	0	98	step_1_no_load	1	2	1	617	
61	0	98	step_2_no_load	3	4	0.409778171713	0.646040060297	4	708	1	
61	0	99	step_1_no_load	1	2	2	282	
61	0	99	step_2_no_load	5	6	0.673709850038	0.375249961522	5	521	1	
61	0	100	step_1_no_load	1	2	2	342	
61	0	100	step_2_no_load	5	6	0.666227451505	0.363162156005	5	589	1	
61	0	101	step_1_no_load	1	2	1	407	
61	0	101	step_2_no_load	3	4	0.497432607584	0.655903528958	4	499	0	
61	0	102	step_1_no_load	1	2	1	280	
61	0	102	step_2_no_load	3	4	0.494584754513	0.663124617603	4	324	1	
61	0	103	step_1_no_load	1	2	1	409	
61	0	103	step_2_no_load	5	6	0.663997796029	0.322834495838	6	629	0	
61	0	104	step_1_no_load	1	2	2	446	
61	0	104	step_2_no_load	5	6	0.703870701136	0.303696146503	5	430	1	
61	0	105	step_1_no_load	1	2	2	312	
61	0	105	step_2_no_load	5	6	0.689135357059	0.352639603242	5	426	1	
61	0	106	step_1_no_load	1	2	2	299	
61	0	106	step_2_no_load	5	6	0.712883638252	0.374131494222	5	155	1	
61	0	107	step_1_no_load	1	2	2	258	
61	0	107	step_2_no_load	5	6	0.692607431435	0.388257337796	5	319	0	
61	0	108	step_1_no_load	1	2	2	385	
61	0	108	step_2_no_load	5	6	0.695928523711	0.388185708856	6	520	0	
61	0	109	step_1_no_load	1	2	1	286	
61	0	109	step_2_no_load	3	4	0.479977531501	0.68658494263	4	700	1	
61	0	110	step_1_no_load	1	2	1	278	
61	0	110	step_2_no_load	3	4	0.432626681236	0.65455226558	4	529	1	
61	0	111	step_1_no_load	1	2	1	341	
61	0	111	step_2_no_load	5	6	0.724852671171	0.407158158569	6	404	0	
61	0	112	step_1_no_load	1	2	2	351	
61	0	112	step_2_no_load	3	4	0.392887565883	0.635252945963	3	506	1	
61	0	113	step_1_no_load	1	2	2	343	
61	0	113	step_2_no_load	3	4	0.370697120277	0.634627459817	3	330	0	
61	0	114	step_1_no_load	1	2	1	302	
61	0	114	step_2_no_load	3	4	0.380324086676	0.657654904272	4	295	1	
61	0	115	step_1_no_load	1	2	1	336	
61	0	115	step_2_no_load	3	4	0.390027643099	0.645721217949	4	284	1	
61	0	116	step_1_no_load	1	2	1	320	
61	0	116	step_2_no_load	3	4	0.378149844807	0.680124293449	4	332	1	
61	0	117	step_1_no_load	1	2	1	341	
61	0	117	step_2_no_load	5	6	0.747012267642	0.363056877927	6	384	0	
61	0	118	step_1_no_load	1	2	1	259	
61	0	118	step_2_no_load	3	4	0.357645851833	0.690484235012	4	331	1	
61	0	119	step_1_no_load	1	2	2	468	
61	0	119	step_2_no_load	5	6	0.690424535099	0.358243439099	5	716	1	
61	0	120	step_1_no_load	1	2	2	322	
61	0	120	step_2_no_load	3	4	0.370150243662	0.666433355915	3	407	1	
61	0	121	step_1_no_load	1	2	1	280	
61	0	121	step_2_no_load	5	6	0.658856304095	0.310775244958	6	391	1	
61	0	122	step_1_no_load	1	2	2	286	
61	0	122	step_2_no_load	5	6	0.6136886145	0.266650857402	5	338	1	
61	0	123	step_1_no_load	1	2	2	318	
61	0	123	step_2_no_load	3	4	0.337526896345	0.664849878232	3	351	0	
61	0	124	step_1_no_load	1	2	1	535	
61	0	124	step_2_no_load	3	4	0.309430836661	0.624161788269	4	306	0	
61	0	125	step_1_no_load	1	2	2	277	
61	0	125	step_2_no_load	5	6	0.559596800931	0.290374841566	5	328	0	
61	0	126	step_1_no_load	1	2	2	266	
61	0	126	step_2_no_load	5	6	0.537863824328	0.267206368684	5	274	0	
61	0	127	step_1_no_load	1	2	2	354	
61	0	127	step_2_no_load	3	4	0.274944938508	0.646945556251	3	344	0	
61	0	128	step_1_no_load	1	2	1	305	
61	0	128	step_2_no_load	3	4	0.250790232267	0.620672334996	4	277	0	
61	0	129	step_1_no_load	1	2	2	1198	
61	0	129	step_2_no_load	3	4	0.271709703542	0.632682846317	4	772	1	
61	0	130	step_1_no_load	1	2	2	292	
61	0	130	step_2_no_load	3	4	0.274560758494	0.630285316669	4	291	0	
61	0	131	step_1_no_load	1	2	1	77	
61	0	131	step_2_no_load	3	4	0.311475039155	0.638450601212	3	237	0	
61	0	132	step_1_no_load	1	2	2	320	
61	0	132	step_2_no_load	5	6	0.668578020634	0.27986961048	5	276	0	
61	0	133	step_1_no_load	1	2	1	273	
61	0	133	step_2_no_load	3	4	0.312642735495	0.691649444281	4	365	0	
61	0	134	step_1_no_load	1	2	2	112	
61	0	134	step_2_no_load	5	6	0.621945110858	0.287393715313	5	216	1	
61	0	135	step_1_no_load	1	2	1	935	
61	0	135	step_2_no_load	5	6	0.593710006149	0.300079459047	6	445	0	
61	0	136	step_1_no_load	1	2	2	244	
61	0	136	step_2_no_load	5	6	0.597814413435	0.307766925452	5	310	0	
61	0	137	step_1_no_load	1	2	1	491	
61	0	137	step_2_no_load	3	4	0.325016613024	0.668540846495	4	277	0	
61	0	138	step_1_no_load	1	2	2	297	
61	0	138	step_2_no_load	3	4	0.307694123906	0.688182193337	3	414	1	
61	0	139	step_1_no_load	1	2	2	312	
61	0	139	step_2_no_load	5	6	0.636630981281	0.325611400511	5	594	0	
61	0	140	step_1_no_load	1	2	1	270	
61	0	140	step_2_no_load	5	6	0.671213945178	0.348740542008	5	402	0	
61	0	141	step_1_no_load	1	2	1	311	
61	0	141	step_2_no_load	3	4	0.311809871418	0.616803346728	4	533	1	
61	0	142	step_1_no_load	1	2	2	336	
61	0	142	step_2_no_load	5	6	0.690276058009	0.397052682821	6	287	1	
61	0	143	step_1_no_load	1	2	1	471	
61	0	143	step_2_no_load	5	6	0.661365099615	0.410970957547	6	412	0	
61	0	144	step_1_no_load	1	2	2	266	
61	0	144	step_2_no_load	5	6	0.626443722248	0.389234194056	5	234	1	
61	0	145	step_1_no_load	1	2	2	519	
61	0	145	step_2_no_load	5	6	0.6669125229	0.355256413269	5	435	0	
61	0	146	step_1_no_load	1	2	1	239	
61	0	146	step_2_no_load	3	4	0.257861956214	0.593778463268	4	292	0	
61	0	147	step_1_no_load	1	2	1	262	
61	0	147	step_2_no_load	3	4	0.265578160642	0.594861186319	4	225	1	
61	0	148	step_1_no_load	1	2	2	285	
61	0	148	step_2_no_load	3	4	0.305288021243	0.648050021239	3	285	1	
61	0	149	step_1_no_load	1	2	2	317	
61	0	149	step_2_no_load	5	6	0.601870110183	0.300290206122	5	307	0	
61	0	150	step_1_no_load	1	2	2	466	
61	0	150	step_2_no_load	5	6	0.575985663078	0.306860041627	5	264	0	
61	0	151	step_1_no_load	1	2	1	275	
61	0	151	step_2_no_load	3	4	0.348172164421	0.614159737668	4	243	1	
61	0	152	step_1_no_load	1	2	2	355	
61	0	152	step_2_no_load	5	6	0.595108765344	0.323194010514	5	429	1	
61	0	153	step_1_no_load	1	2	2	438	
61	0	153	step_2_no_load	5	6	0.613336203392	0.343622632154	5	522	0	
61	0	154	step_1_no_load	1	2	1	307	
61	0	154	step_2_no_load	3	4	0.316375537537	0.671672162443	4	399	1	
61	0	155	step_1_no_load	1	2	1	363	
61	0	155	step_2_no_load	3	4	0.296093457977	0.716100930629	4	365	1	
61	0	156	step_1_no_load	1	2	2	347	
61	0	156	step_2_no_load	5	6	0.631048201903	0.368378667812	6	434	0	
61	0	157	step_1_no_load	1	2	1	315	
61	0	157	step_2_no_load	3	4	0.350909357271	0.720725456325	4	360	0	
61	0	158	step_1_no_load	1	2	2	295	
61	0	158	step_2_no_load	5	6	0.532722108502	0.334595868098	5	287	0	
61	0	159	step_1_no_load	1	2	1	373	
61	0	159	step_2_no_load	3	4	0.413026375257	0.697903160072	3	362	1	
61	0	160	step_1_no_load	1	2	1	480	
61	0	160	step_2_no_load	3	4	0.415052912783	0.710728171711	3	385	1	
61	0	161	step_1_no_load	1	2	1	249	
61	0	161	step_2_no_load	3	4	0.407025633682	0.719896286569	3	645	1	
61	0	162	step_1_no_load	1	2	1	308	
61	0	162	step_2_no_load	3	4	0.3926701003	0.695144769903	3	361	0	
61	0	163	step_1_no_load	1	2	1	68	
61	0	163	step_2_no_load	5	6	0.5863391277	0.430920885959	6	272	0	
61	0	164	step_1_no_load	1	2	1	262	
61	0	164	step_2_no_load	5	6	0.585961845322	0.430844125626	5	315	1	
61	0	165	step_1_no_load	1	2	1	232	
61	0	165	step_2_no_load	5	6	0.538026607649	0.347974240867	5	195	1	
61	0	166	step_1_no_load	1	2	1	297	
61	0	166	step_2_no_load	3	4	0.422282731054	0.686594248975	3	246	1	
61	0	167	step_1_no_load	1	2	1	426	
61	0	167	step_2_no_load	3	4	0.38753671275	0.706271792549	4	334	0	
61	0	168	step_1_no_load	1	2	1	316	
61	0	168	step_2_no_load	3	4	0.400817642375	0.67192508984	4	256	1	
61	0	169	step_1_no_load	1	2	1	350	
61	0	169	step_2_no_load	5	6	0.586049140041	0.365156560071	5	514	1	
61	0	170	step_1_no_load	1	2	1	412	
61	0	170	step_2_no_load	3	4	0.411067820436	0.67334314737	4	401	1	
61	0	171	step_1_no_load	1	2	2	242	
61	0	171	step_2_no_load	5	6	0.553314431843	0.425122034074	6	277	0	
61	0	172	step_1_no_load	1	2	2	237	
61	0	172	step_2_no_load	5	6	0.519090471457	0.490120307546	5	296	0	
61	0	173	step_1_no_load	1	2	1	296	
61	0	173	step_2_no_load	3	4	0.385349297983	0.667027212577	3	337	0	
61	0	174	step_1_no_load	1	2	2	0	
61	0	174	step_2_no_load	3	4	0.387867297446	0.729877433725	3	428	0	
61	0	175	step_1_no_load	1	2	2	289	
61	0	175	step_2_no_load	5	6	0.52644949356	0.484825491933	5	205	1	
61	0	176	step_1_no_load	1	2	2	338	
61	0	176	step_2_no_load	3	4	0.383231572002	0.679250000396	3	596	0	
61	0	177	step_1_no_load	1	2	1	537	
61	0	177	step_2_no_load	3	4	0.357425668099	0.714070205704	4	407	1	
61	0	178	step_1_no_load	1	2	1	345	
61	0	178	step_2_no_load	5	6	0.493712351915	0.49020858644	6	432	1	
61	0	179	step_1_no_load	1	2	1	295	
61	0	179	step_2_no_load	3	4	0.324685418097	0.709345707515	4	361	0	
61	0	180	step_1_no_load	1	2	2	307	
61	0	180	step_2_no_load	5	6	0.482853857291	0.489345734128	5	354	1	
61	0	181	step_1_no_load	1	2	2	412	
61	0	181	step_2_no_load	5	6	0.508735114046	0.480141179559	6	344	0	
61	0	182	step_1_no_load	1	2	1	317	
61	0	182	step_2_no_load	5	6	0.506773281362	0.49907747228	5	627	0	
61	0	183	step_1_no_load	1	2	2	524	
61	0	183	step_2_no_load	3	4	0.350175837802	0.720388040749	3	316	1	
61	0	184	step_1_no_load	1	2	2	326	
61	0	184	step_2_no_load	3	4	0.362743255194	0.657291439324	4	378	0	
61	0	185	step_1_no_load	1	2	2	347	
61	0	185	step_2_no_load	3	4	0.362611152222	0.665622647081	3	449	0	
61	0	186	step_1_no_load	1	2	1	216	
61	0	186	step_2_no_load	5	6	0.46870859828	0.484672582719	5	281	1	
61	0	187	step_1_no_load	1	2	2	375	
61	0	187	step_2_no_load	3	4	0.328890769988	0.678211978625	4	351	1	
61	0	188	step_1_no_load	1	2	1	354	
61	0	188	step_2_no_load	5	6	0.471319680586	0.548350535247	6	389	1	
61	0	189	step_1_no_load	1	2	2	282	
61	0	189	step_2_no_load	5	6	0.448897869069	0.534753756004	5	251	1	
61	0	190	step_1_no_load	1	2	1	481	
61	0	190	step_2_no_load	3	4	0.304557739386	0.667655825994	4	576	0	
61	0	191	step_1_no_load	1	2	2	342	
61	0	191	step_2_no_load	5	6	0.435748387321	0.512103523931	5	282	1	
61	0	192	step_1_no_load	1	2	2	388	
61	0	192	step_2_no_load	5	6	0.450791310283	0.493851022417	5	252	0	
61	0	193	step_1_no_load	1	2	1	346	
61	0	193	step_2_no_load	3	4	0.321008037746	0.679792491164	4	454	1	
61	0	194	step_1_no_load	1	2	2	459	
61	0	194	step_2_no_load	5	6	0.433250459893	0.505359594715	6	359	1	
61	0	195	step_1_no_load	1	2	1	330	
61	0	195	step_2_no_load	3	4	0.348571348505	0.646280688878	4	841	0	
61	0	196	step_1_no_load	1	2	2	206	
61	0	196	step_2_no_load	3	4	0.365373286058	0.695101215304	3	272	0	
61	0	197	step_1_no_load	1	2	2	394	
61	0	197	step_2_no_load	5	6	0.422511153127	0.47786945426	5	535	1	
61	0	198	step_1_no_load	1	2	1	302	
61	0	198	step_2_no_load	5	6	0.397292432346	0.485065498391	5	373	1	
61	0	199	step_1_no_load	1	2	2	484	
61	0	199	step_2_no_load	5	6	0.39793773834	0.529438031858	5	647	0	
61	0	200	step_1_no_load	1	2	2	408	
61	0	200	step_2_no_load	5	6	0.372436949782	0.507902534353	5	423	0	

Wed Jun 21 10:15:19 2017
