Wed Jun 21 15:00:00 2017	
62	0	1	step_1_no_load	1	2	-1	-1	
62	0	2	step_1_no_load	1	2	1	260	
62	0	2	step_2_no_load	3	4	0.474613197709	0.580156942153	4	1329	1	
62	0	3	step_1_no_load	1	2	1	453	
62	0	3	step_2_no_load	5	6	0.516002945397	0.589215227351	6	623	0	
62	0	4	step_1_no_load	1	2	1	332	
62	0	4	step_2_no_load	3	4	0.478607661228	0.597491569846	3	565	1	
62	0	5	step_1_no_load	1	2	1	451	
62	0	5	step_2_no_load	3	4	0.495568760483	0.623810210114	4	819	1	
62	0	6	step_1_no_load	1	2	1	386	
62	0	6	step_2_no_load	3	4	0.506877622204	0.585722686883	3	638	0	
62	0	7	step_1_no_load	1	2	1	622	
62	0	7	step_2_no_load	5	6	0.506408070053	0.622642364361	6	870	0	
62	0	8	step_1_no_load	1	2	1	314	
62	0	8	step_2_no_load	3	4	0.489816616396	0.59128639594	3	685	0	
62	0	9	step_1_no_load	1	2	2	241	
62	0	9	step_2_no_load	3	4	0.496546708465	0.598049061473	4	779	1	
62	0	10	step_1_no_load	1	2	1	267	
62	0	10	step_2_no_load	3	4	0.482364178155	0.652626043146	3	316	1	
62	0	11	step_1_no_load	1	2	1	239	
62	0	11	step_2_no_load	3	4	0.477013315682	0.69163818036	4	469	0	
62	0	12	step_1_no_load	1	2	1	660	
62	0	12	step_2_no_load	3	4	0.48457206759	0.682786328054	3	1036	0	
62	0	13	step_1_no_load	1	2	2	148	
62	0	13	step_2_no_load	5	6	0.595790490356	0.558313135925	5	402	1	
62	0	14	step_1_no_load	1	2	1	0	
62	0	14	step_2_no_load	3	4	0.491234392147	0.629137942344	4	546	1	
62	0	15	step_1_no_load	1	2	1	268	
62	0	15	step_2_no_load	3	4	0.505377237737	0.612260006668	4	666	0	
62	0	16	step_1_no_load	1	2	1	144	
62	0	16	step_2_no_load	3	4	0.510958036527	0.628091198119	3	727	1	
62	0	17	step_1_no_load	1	2	2	223	
62	0	17	step_2_no_load	5	6	0.643116883134	0.562895132605	5	320	1	
62	0	18	step_1_no_load	1	2	1	67	
62	0	18	step_2_no_load	3	4	0.517514133912	0.626834332012	3	541	0	
62	0	19	step_1_no_load	1	2	2	432	
62	0	19	step_2_no_load	5	6	0.644773170243	0.536502319591	5	330	1	
62	0	20	step_1_no_load	1	2	1	251	
62	0	20	step_2_no_load	3	4	0.478025448397	0.636521555122	3	501	1	
62	0	21	step_1_no_load	1	2	1	261	
62	0	21	step_2_no_load	5	6	0.611328949295	0.470207377245	6	557	0	
62	0	22	step_1_no_load	1	2	1	603	
62	0	22	step_2_no_load	5	6	0.618527126547	0.468700882609	5	332	0	
62	0	23	step_1_no_load	1	2	2	612	
62	0	23	step_2_no_load	5	6	0.604065470975	0.513759772011	5	586	0	
62	0	24	step_1_no_load	1	2	1	97	
62	0	24	step_2_no_load	3	4	0.505388876622	0.582115115688	3	360	1	
62	0	25	step_1_no_load	1	2	2	0	
62	0	25	step_2_no_load	3	4	0.503316372362	0.565698722896	3	601	0	
62	0	26	step_1_no_load	1	2	1	266	
62	0	26	step_2_no_load	3	4	0.511744353778	0.592410219737	3	350	1	
62	0	27	step_1_no_load	1	2	1	1085	
62	0	27	step_2_no_load	3	4	0.507272671939	0.57860777711	3	806	1	
62	0	28	step_1_no_load	1	2	2	335	
62	0	28	step_2_no_load	5	6	0.647441527317	0.553259388875	5	438	1	
62	0	29	step_1_no_load	1	2	1	375	
62	0	29	step_2_no_load	3	4	0.521159009103	0.606613029227	4	564	1	
62	0	30	step_1_no_load	1	2	2	416	
62	0	30	step_2_no_load	5	6	0.610227092493	0.574272497114	5	369	1	
62	0	31	step_1_no_load	1	2	1	285	
62	0	31	step_2_no_load	3	4	0.483156722265	0.636602545794	3	849	0	
62	0	32	step_1_no_load	1	2	1	223	
62	0	32	step_2_no_load	5	6	0.605616211083	0.522993086096	5	796	1	
62	0	33	step_1_no_load	1	2	1	314	
62	0	33	step_2_no_load	3	4	0.487664344039	0.611700032906	4	714	1	
62	0	34	step_1_no_load	1	2	1	1	
62	0	34	step_2_no_load	3	4	0.454565258478	0.575802910074	3	93	1	
62	0	35	step_1_no_load	1	2	-1	-1	
62	0	36	step_1_no_load	1	2	1	294	
62	0	36	step_2_no_load	3	4	0.513210053121	0.527635087561	3	245	1	
62	0	37	step_1_no_load	1	2	1	364	
62	0	37	step_2_no_load	5	6	0.660658056664	0.598446394142	5	624	1	
62	0	38	step_1_no_load	1	2	2	316	
62	0	38	step_2_no_load	5	6	0.651263699161	0.595113730206	5	839	1	
62	0	39	step_1_no_load	1	2	1	150	
62	0	39	step_2_no_load	5	6	0.634483337633	0.610601635554	6	323	0	
62	0	40	step_1_no_load	1	2	1	257	
62	0	40	step_2_no_load	3	4	0.5691386571	0.580760785074	4	346	0	
62	0	41	step_1_no_load	1	2	1	292	
62	0	41	step_2_no_load	5	6	0.633285941184	0.588857868869	6	373	0	
62	0	42	step_1_no_load	1	2	1	340	
62	0	42	step_2_no_load	3	4	0.553461946234	0.533857158543	3	549	0	
62	0	43	step_1_no_load	1	2	1	272	
62	0	43	step_2_no_load	3	4	0.548128010644	0.553703096215	4	442	1	
62	0	44	step_1_no_load	1	2	1	251	
62	0	44	step_2_no_load	3	4	0.537842745081	0.541854396676	4	407	1	
62	0	45	step_1_no_load	1	2	1	526	
62	0	45	step_2_no_load	3	4	0.5288039409	0.579346234508	4	415	1	
62	0	46	step_1_no_load	1	2	1	231	
62	0	46	step_2_no_load	3	4	0.532238720495	0.55511883717	3	481	1	
62	0	47	step_1_no_load	1	2	2	301	
62	0	47	step_2_no_load	3	4	0.493112702321	0.546259467838	4	455	0	
62	0	48	step_1_no_load	1	2	2	238	
62	0	48	step_2_no_load	5	6	0.657624935632	0.615767119776	5	523	1	
62	0	49	step_1_no_load	1	2	2	408	
62	0	49	step_2_no_load	5	6	0.614679490594	0.610193185592	5	415	1	
62	0	50	step_1_no_load	1	2	2	99	
62	0	50	step_2_no_load	5	6	0.593458480934	0.606862017918	5	381	1	
62	0	51	step_1_no_load	1	2	2	207	
62	0	51	step_2_no_load	3	4	0.469943944943	0.508197321577	3	303	1	
62	0	52	step_1_no_load	1	2	2	0	
62	0	52	step_2_no_load	5	6	0.613408921915	0.539065404057	5	142	0	
62	0	53	step_1_no_load	1	2	1	327	
62	0	53	step_2_no_load	5	6	0.630956764252	0.551457882502	5	403	0	
62	0	54	step_1_no_load	1	2	1	262	
62	0	54	step_2_no_load	3	4	0.491512498697	0.493362545513	3	534	1	
62	0	55	step_1_no_load	1	2	1	298	
62	0	55	step_2_no_load	3	4	0.487025527704	0.526704292526	3	396	0	
62	0	56	step_1_no_load	1	2	1	629	
62	0	56	step_2_no_load	3	4	0.459773408493	0.538512915562	3	524	0	
62	0	57	step_1_no_load	1	2	1	286	
62	0	57	step_2_no_load	3	4	0.466449077359	0.516475618243	4	388	0	
62	0	58	step_1_no_load	1	2	1	287	
62	0	58	step_2_no_load	3	4	0.478335218822	0.528376440027	3	471	0	
62	0	59	step_1_no_load	1	2	1	337	
62	0	59	step_2_no_load	3	4	0.480274332693	0.537400760025	4	259	0	
62	0	60	step_1_no_load	1	2	1	406	
62	0	60	step_2_no_load	3	4	0.491916707098	0.479287247283	3	324	0	
62	0	61	step_1_no_load	1	2	2	442	
62	0	61	step_2_no_load	5	6	0.602879526975	0.669587072502	5	452	0	
62	0	62	step_1_no_load	1	2	2	408	
62	0	62	step_2_no_load	5	6	0.622820395113	0.691137204746	6	459	1	
62	0	63	step_1_no_load	1	2	2	0	
62	0	63	step_2_no_load	5	6	0.642623127313	0.664284493458	6	389	1	
62	0	64	step_1_no_load	1	2	2	434	
62	0	64	step_2_no_load	5	6	0.626149195169	0.642369708469	6	397	0	
62	0	65	step_1_no_load	1	2	2	366	
62	0	65	step_2_no_load	5	6	0.619953360065	0.612660225018	6	668	1	
62	0	66	step_1_no_load	1	2	2	355	
62	0	66	step_2_no_load	3	4	0.573761869714	0.555324764318	4	595	0	
62	0	67	step_1_no_load	1	2	2	306	
62	0	67	step_2_no_load	5	6	0.674463681351	0.597650193897	6	711	0	
62	0	68	step_1_no_load	1	2	1	652	
62	0	68	step_2_no_load	3	4	0.509127161919	0.523301545299	3	396	1	
62	0	69	step_1_no_load	1	2	1	272	
62	0	69	step_2_no_load	3	4	0.499137600991	0.560462111264	3	429	0	
62	0	70	step_1_no_load	1	2	1	402	
62	0	70	step_2_no_load	5	6	0.697741832068	0.637556284465	5	809	0	
62	0	71	step_1_no_load	1	2	1	259	
62	0	71	step_2_no_load	3	4	0.482863323776	0.546215110045	3	479	1	
62	0	72	step_1_no_load	1	2	1	656	
62	0	72	step_2_no_load	5	6	0.705884789502	0.626024641967	5	915	1	
62	0	73	step_1_no_load	1	2	2	450	
62	0	73	step_2_no_load	3	4	0.435957313805	0.50185699984	3	713	0	
62	0	74	step_1_no_load	1	2	1	256	
62	0	74	step_2_no_load	5	6	0.693624670847	0.614462146454	6	278	1	
62	0	75	step_1_no_load	1	2	1	444	
62	0	75	step_2_no_load	3	4	0.44832280175	0.483983914712	3	821	1	
62	0	76	step_1_no_load	1	2	1	311	
62	0	76	step_2_no_load	5	6	0.690117652944	0.62770291155	6	699	0	
62	0	77	step_1_no_load	1	2	2	532	
62	0	77	step_2_no_load	5	6	0.679737625371	0.564257587118	6	680	1	
62	0	78	step_1_no_load	1	2	1	524	
62	0	78	step_2_no_load	3	4	0.435911167612	0.538654072849	3	588	1	
62	0	79	step_1_no_load	1	2	2	371	
62	0	79	step_2_no_load	3	4	0.389124152368	0.540085062695	3	601	0	
62	0	80	step_1_no_load	1	2	2	242	
62	0	80	step_2_no_load	3	4	0.396016175285	0.49921021142	4	1151	1	
62	0	81	step_1_no_load	1	2	1	135	
62	0	81	step_2_no_load	3	4	0.419265522488	0.494116554432	4	448	1	
62	0	82	step_1_no_load	1	2	1	293	
62	0	82	step_2_no_load	3	4	0.395813831323	0.482727017837	4	742	0	
62	0	83	step_1_no_load	1	2	1	154	
62	0	83	step_2_no_load	3	4	0.382772464038	0.483255412498	4	647	1	
62	0	84	step_1_no_load	1	2	1	130	
62	0	84	step_2_no_load	3	4	0.385087938645	0.505586222209	4	472	1	
62	0	85	step_1_no_load	1	2	1	338	
62	0	85	step_2_no_load	3	4	0.384458259121	0.485785534744	4	591	1	
62	0	86	step_1_no_load	1	2	1	432	
62	0	86	step_2_no_load	3	4	0.345323068124	0.486462788728	4	519	0	
62	0	87	step_1_no_load	1	2	2	391	
62	0	87	step_2_no_load	5	6	0.690012761069	0.719375344246	5	748	0	
62	0	88	step_1_no_load	1	2	1	630	
62	0	88	step_2_no_load	3	4	0.377947492322	0.509563243675	4	577	1	
62	0	89	step_1_no_load	1	2	2	624	
62	0	89	step_2_no_load	3	4	0.415882489686	0.490019385174	4	905	0	
62	0	90	step_1_no_load	1	2	1	492	
62	0	90	step_2_no_load	3	4	0.411459496853	0.530126112124	4	546	0	
62	0	91	step_1_no_load	1	2	2	518	
62	0	91	step_2_no_load	5	6	0.657820521772	0.685023809334	5	854	1	
62	0	92	step_1_no_load	1	2	2	282	
62	0	92	step_2_no_load	3	4	0.444368850664	0.484260039873	4	862	0	
62	0	93	step_1_no_load	1	2	1	315	
62	0	93	step_2_no_load	5	6	0.662863370634	0.70415710998	6	908	1	
62	0	94	step_1_no_load	1	2	1	182	
62	0	94	step_2_no_load	3	4	0.429211756872	0.468637558205	3	893	0	
62	0	95	step_1_no_load	1	2	1	453	
62	0	95	step_2_no_load	3	4	0.427150666411	0.42505578884	3	897	0	
62	0	96	step_1_no_load	1	2	1	362	
62	0	96	step_2_no_load	5	6	0.663095813561	0.693739812506	6	971	0	
62	0	97	step_1_no_load	1	2	1	471	
62	0	97	step_2_no_load	5	6	0.651202057411	0.681272614291	6	949	0	
62	0	98	step_1_no_load	1	2	1	291	
62	0	98	step_2_no_load	3	4	0.409778171713	0.431479829356	3	391	0	
62	0	99	step_1_no_load	1	2	1	355	
62	0	99	step_2_no_load	5	6	0.645191748454	0.673709850038	6	539	1	
62	0	100	step_1_no_load	1	2	1	246	
62	0	100	step_2_no_load	3	4	0.4333505304	0.363162156005	4	205	1	
62	0	101	step_1_no_load	1	2	1	266	
62	0	101	step_2_no_load	5	6	0.655903528958	0.623812401974	6	221	1	
62	0	102	step_1_no_load	1	2	1	375	
62	0	102	step_2_no_load	3	4	0.494584754513	0.326080462175	4	114	1	
62	0	103	step_1_no_load	1	2	1	506	
62	0	103	step_2_no_load	3	4	0.481975449893	0.322834495838	4	566	0	
62	0	104	step_1_no_load	1	2	2	333	
62	0	104	step_2_no_load	5	6	0.743372642809	0.703870701136	6	739	0	
62	0	105	step_1_no_load	1	2	1	329	
62	0	105	step_2_no_load	3	4	0.514318365187	0.352639603242	3	678	0	
62	0	106	step_1_no_load	1	2	1	87	
62	0	106	step_2_no_load	3	4	0.508908032404	0.374131494222	4	1463	1	
62	0	107	step_1_no_load	1	2	1	219	
62	0	107	step_2_no_load	3	4	0.565220528809	0.388257337796	4	588	0	
62	0	108	step_1_no_load	1	2	2	1367	
62	0	108	step_2_no_load	3	4	0.526955028982	0.388185708856	3	1273	0	
62	0	109	step_1_no_load	1	2	2	348	
62	0	109	step_2_no_load	5	6	0.68658494263	0.71632547018	5	716	0	
62	0	110	step_1_no_load	1	2	2	270	
62	0	110	step_2_no_load	5	6	0.65455226558	0.729599891941	6	965	1	
62	0	111	step_1_no_load	1	2	1	313	
62	0	111	step_2_no_load	5	6	0.634599547742	0.724852671171	6	619	0	
62	0	112	step_1_no_load	1	2	2	341	
62	0	112	step_2_no_load	3	4	0.392887565883	0.413393106784	4	568	0	
62	0	113	step_1_no_load	1	2	2	279	
62	0	113	step_2_no_load	5	6	0.634627459817	0.719324307956	5	965	1	
62	0	114	step_1_no_load	1	2	2	297	
62	0	114	step_2_no_load	3	4	0.380324086676	0.384736699284	4	714	0	
62	0	115	step_1_no_load	1	2	2	261	
62	0	115	step_2_no_load	3	4	0.390027643099	0.357661171116	3	545	1	
62	0	116	step_1_no_load	1	2	2	257	
62	0	116	step_2_no_load	5	6	0.680124293449	0.706736514943	5	740	1	
62	0	117	step_1_no_load	1	2	2	242	
62	0	117	step_2_no_load	3	4	0.374621793791	0.363056877927	3	326	1	
62	0	118	step_1_no_load	1	2	2	1437	
62	0	118	step_2_no_load	5	6	0.690484235012	0.740051715856	5	544	0	
62	0	119	step_1_no_load	1	2	2	0	
62	0	119	step_2_no_load	3	4	0.357515098446	0.358243439099	3	491	0	
62	0	120	step_1_no_load	1	2	1	601	
62	0	120	step_2_no_load	3	4	0.370150243662	0.333809617664	3	868	0	
62	0	121	step_1_no_load	1	2	2	537	
62	0	121	step_2_no_load	5	6	0.671052306195	0.658856304095	5	380	0	
62	0	122	step_1_no_load	1	2	1	554	
62	0	122	step_2_no_load	5	6	0.672193618854	0.6136886145	5	358	1	
62	0	123	step_1_no_load	1	2	1	212	
62	0	123	step_2_no_load	3	4	0.337526896345	0.269780614928	4	624	0	
62	0	124	step_1_no_load	1	2	1	258	
62	0	124	step_2_no_load	3	4	0.309430836661	0.26095206597	4	800	0	
62	0	125	step_1_no_load	1	2	1	140	
62	0	125	step_2_no_load	3	4	0.303110862715	0.290374841566	4	387	0	
62	0	126	step_1_no_load	1	2	1	1	
62	0	126	step_2_no_load	5	6	0.600985760967	0.537863824328	5	12	1	
62	0	127	step_1_no_load	1	2	1	370	
62	0	127	step_2_no_load	3	4	0.274944938508	0.273483952592	3	838	0	
62	0	128	step_1_no_load	1	2	1	6	
62	0	128	step_2_no_load	5	6	0.620672334996	0.636905534066	5	14	0	
62	0	129	step_1_no_load	1	2	1	406	
62	0	129	step_2_no_load	3	4	0.271709703542	0.268213321963	3	456	0	
62	0	130	step_1_no_load	1	2	1	802	
62	0	130	step_2_no_load	3	4	0.274560758494	0.267460866951	3	1336	0	
62	0	131	step_1_no_load	1	2	1	350	
62	0	131	step_2_no_load	5	6	0.638450601212	0.678044920845	6	531	1	
62	0	132	step_1_no_load	1	2	1	497	
62	0	132	step_2_no_load	3	4	0.315328810424	0.27986961048	4	542	0	
62	0	133	step_1_no_load	1	2	2	443	
62	0	133	step_2_no_load	3	4	0.312642735495	0.315608831386	4	520	0	
62	0	134	step_1_no_load	1	2	2	351	
62	0	134	step_2_no_load	5	6	0.685529359147	0.621945110858	6	529	1	
62	0	135	step_1_no_load	1	2	2	670	
62	0	135	step_2_no_load	5	6	0.700779221781	0.593710006149	6	382	0	
62	0	136	step_1_no_load	1	2	2	319	
62	0	136	step_2_no_load	5	6	0.674914008636	0.597814413435	6	570	1	
62	0	137	step_1_no_load	1	2	2	207	
62	0	137	step_2_no_load	5	6	0.668540846495	0.605896884497	6	480	1	
62	0	138	step_1_no_load	1	2	2	396	
62	0	138	step_2_no_load	3	4	0.307694123906	0.366701525561	3	702	1	
62	0	139	step_1_no_load	1	2	2	354	
62	0	139	step_2_no_load	5	6	0.696355985729	0.636630981281	6	467	0	
62	0	140	step_1_no_load	1	2	2	320	
62	0	140	step_2_no_load	5	6	0.637682840728	0.671213945178	6	450	1	
62	0	141	step_1_no_load	1	2	2	443	
62	0	141	step_2_no_load	5	6	0.616803346728	0.711987889705	6	571	0	
62	0	142	step_1_no_load	1	2	2	352	
62	0	142	step_2_no_load	5	6	0.627356259123	0.690276058009	6	500	0	
62	0	143	step_1_no_load	1	2	2	384	
62	0	143	step_2_no_load	3	4	0.313516825296	0.410970957547	3	693	0	
62	0	144	step_1_no_load	1	2	2	373	
62	0	144	step_2_no_load	3	4	0.275932517017	0.389234194056	3	744	1	
62	0	145	step_1_no_load	1	2	2	339	
62	0	145	step_2_no_load	5	6	0.606515632748	0.6669125229	6	606	1	
62	0	146	step_1_no_load	1	2	2	374	
62	0	146	step_2_no_load	3	4	0.257861956214	0.320877500969	3	386	1	
62	0	147	step_1_no_load	1	2	2	331	
62	0	147	step_2_no_load	5	6	0.594861186319	0.647798886916	6	460	0	
62	0	148	step_1_no_load	1	2	2	310	
62	0	148	step_2_no_load	5	6	0.648050021239	0.619272702026	6	782	1	
62	0	149	step_1_no_load	1	2	2	442	
62	0	149	step_2_no_load	3	4	0.269951834184	0.300290206122	3	449	0	
62	0	150	step_1_no_load	1	2	2	269	
62	0	150	step_2_no_load	5	6	0.605912419156	0.575985663078	6	606	1	
62	0	151	step_1_no_load	1	2	2	427	
62	0	151	step_2_no_load	3	4	0.348172164421	0.310557101463	3	464	0	
62	0	152	step_1_no_load	1	2	2	280	
62	0	152	step_2_no_load	5	6	0.644204174791	0.595108765344	6	600	1	
62	0	153	step_1_no_load	1	2	2	282	
62	0	153	step_2_no_load	5	6	0.681559292085	0.613336203392	6	706	1	
62	0	154	step_1_no_load	1	2	2	273	
62	0	154	step_2_no_load	5	6	0.671672162443	0.638934099562	6	531	0	
62	0	155	step_1_no_load	1	2	2	300	
62	0	155	step_2_no_load	5	6	0.716100930629	0.632486591889	6	728	1	
62	0	156	step_1_no_load	1	2	2	283	
62	0	156	step_2_no_load	5	6	0.734436160799	0.631048201903	6	572	1	
62	0	157	step_1_no_load	1	2	2	269	
62	0	157	step_2_no_load	3	4	0.350909357271	0.324728201487	3	663	0	
62	0	158	step_1_no_load	1	2	2	347	
62	0	158	step_2_no_load	5	6	0.694270715354	0.532722108502	6	451	0	
62	0	159	step_1_no_load	1	2	1	348	
62	0	159	step_2_no_load	5	6	0.697903160072	0.541222065796	6	747	1	
62	0	160	step_1_no_load	1	2	1	450	
62	0	160	step_2_no_load	3	4	0.415052912783	0.355992626298	3	1032	1	
62	0	161	step_1_no_load	1	2	1	81	
62	0	161	step_2_no_load	5	6	0.719896286569	0.516036498158	6	405	1	
62	0	162	step_1_no_load	1	2	1	333	
62	0	162	step_2_no_load	5	6	0.695144769903	0.566496468084	6	978	1	
62	0	163	step_1_no_load	1	2	1	300	
62	0	163	step_2_no_load	3	4	0.395221309311	0.430920885959	4	881	0	
62	0	164	step_1_no_load	1	2	1	215	
62	0	164	step_2_no_load	3	4	0.432761720497	0.430844125626	3	631	1	
62	0	165	step_1_no_load	1	2	1	280	
62	0	165	step_2_no_load	3	4	0.463777557969	0.347974240867	3	761	0	
62	0	166	step_1_no_load	1	2	1	298	
62	0	166	step_2_no_load	3	4	0.422282731054	0.356317216644	3	678	1	
62	0	167	step_1_no_load	1	2	1	297	
62	0	167	step_2_no_load	5	6	0.706271792549	0.585131062446	5	806	1	
62	0	168	step_1_no_load	1	2	1	426	
62	0	168	step_2_no_load	3	4	0.400817642375	0.335777599654	4	521	0	
62	0	169	step_1_no_load	1	2	1	190	
62	0	169	step_2_no_load	5	6	0.704981910944	0.586049140041	5	665	0	
62	0	170	step_1_no_load	1	2	1	407	
62	0	170	step_2_no_load	5	6	0.67334314737	0.57151385403	5	71	1	
62	0	171	step_1_no_load	1	2	1	256	
62	0	171	step_2_no_load	5	6	0.727248140829	0.553314431843	5	503	1	
62	0	172	step_1_no_load	1	2	1	305	
62	0	172	step_2_no_load	5	6	0.668669556875	0.519090471457	5	1036	1	
62	0	173	step_1_no_load	1	2	1	307	
62	0	173	step_2_no_load	3	4	0.385349297983	0.462866379815	4	717	1	
62	0	174	step_1_no_load	1	2	1	372	
62	0	174	step_2_no_load	3	4	0.387867297446	0.46236234172	4	595	1	
62	0	175	step_1_no_load	1	2	1	297	
62	0	175	step_2_no_load	3	4	0.426185553904	0.484825491933	4	646	0	
62	0	176	step_1_no_load	1	2	1	342	
62	0	176	step_2_no_load	3	4	0.383231572002	0.500856457218	4	628	1	
62	0	177	step_1_no_load	1	2	1	438	
62	0	177	step_2_no_load	3	4	0.357425668099	0.4798184927	4	505	0	
62	0	178	step_1_no_load	1	2	1	0	
62	0	178	step_2_no_load	3	4	0.36473828006	0.49020858644	4	498	0	
62	0	179	step_1_no_load	1	2	2	302	
62	0	179	step_2_no_load	5	6	0.709345707515	0.457298770028	5	519	0	
62	0	180	step_1_no_load	1	2	2	276	
62	0	180	step_2_no_load	5	6	0.719795072986	0.482853857291	5	710	1	
62	0	181	step_1_no_load	1	2	2	488	
62	0	181	step_2_no_load	5	6	0.746910336326	0.508735114046	6	539	1	
62	0	182	step_1_no_load	1	2	2	267	
62	0	182	step_2_no_load	5	6	0.72717560423	0.506773281362	6	557	0	
62	0	183	step_1_no_load	1	2	2	333	
62	0	183	step_2_no_load	5	6	0.720388040749	0.502991759047	6	538	1	
62	0	184	step_1_no_load	1	2	2	404	
62	0	184	step_2_no_load	5	6	0.657291439324	0.460890977786	6	452	1	
62	0	185	step_1_no_load	1	2	2	312	
62	0	185	step_2_no_load	5	6	0.665622647081	0.479703516092	5	550	1	
62	0	186	step_1_no_load	1	2	2	375	
62	0	186	step_2_no_load	5	6	0.656308636836	0.46870859828	6	0	1	
62	0	187	step_1_no_load	1	2	2	434	
62	0	187	step_2_no_load	5	6	0.678211978625	0.443962917772	6	405	1	
62	0	188	step_1_no_load	1	2	2	300	
62	0	188	step_2_no_load	5	6	0.696362660087	0.471319680586	6	470	1	
62	0	189	step_1_no_load	1	2	2	257	
62	0	189	step_2_no_load	5	6	0.688353284054	0.448897869069	6	439	0	
62	0	190	step_1_no_load	1	2	2	100	
62	0	190	step_2_no_load	5	6	0.667655825994	0.433568856946	6	451	1	
62	0	191	step_1_no_load	1	2	2	253	
62	0	191	step_2_no_load	3	4	0.318839908867	0.512103523931	3	409	0	
62	0	192	step_1_no_load	1	2	2	29	
62	0	192	step_2_no_load	3	4	0.299297135717	0.493851022417	4	629	0	
62	0	193	step_1_no_load	1	2	2	313	
62	0	193	step_2_no_load	5	6	0.679792491164	0.440813209638	5	701	0	
62	0	194	step_1_no_load	1	2	2	243	
62	0	194	step_2_no_load	3	4	0.342437174514	0.505359594715	3	930	1	
62	0	195	step_1_no_load	1	2	1	282	
62	0	195	step_2_no_load	3	4	0.348571348505	0.494102184238	3	682	0	
62	0	196	step_1_no_load	1	2	1	389	
62	0	196	step_2_no_load	5	6	0.695101215304	0.421761207498	5	1261	0	
62	0	197	step_1_no_load	1	2	1	424	
62	0	197	step_2_no_load	3	4	0.316987700969	0.47786945426	3	1169	1	
62	0	198	step_1_no_load	1	2	1	1	
62	0	198	step_2_no_load	3	4	0.303352625941	0.485065498391	3	83	0	
62	0	199	step_1_no_load	1	2	1	318	
62	0	199	step_2_no_load	3	4	0.292861528884	0.529438031858	4	486	0	
62	0	200	step_1_no_load	1	2	1	291	
62	0	200	step_2_no_load	3	4	0.299128796668	0.507902534353	3	316	1	

Wed Jun 21 15:19:31 2017
