Mon Jun 26 11:33:19 2017	
63	0	1	step_1_no_load	1	2	1	584	
63	0	1	step_2_no_load	3	4	0.594299910136	0.511789129507	3	918	1	
63	0	2	step_1_no_load	1	2	1	646	
63	0	2	step_2_no_load	3	4	0.610961032466	0.533203491871	3	603	0	
63	0	3	step_1_no_load	1	2	1	254	
63	0	3	step_2_no_load	3	4	0.589215227351	0.516002945397	3	586	1	
63	0	4	step_1_no_load	1	2	1	273	
63	0	4	step_2_no_load	5	6	0.478607661228	0.597491569846	5	260	1	
63	0	5	step_1_no_load	1	2	1	1016	
63	0	5	step_2_no_load	3	4	0.576104915614	0.543908521457	3	752	1	
63	0	6	step_1_no_load	1	2	2	86	
63	0	6	step_2_no_load	5	6	0.506877622204	0.585722686883	6	518	0	
63	0	7	step_1_no_load	1	2	2	458	
63	0	7	step_2_no_load	5	6	0.500071913476	0.568656746487	6	323	1	
63	0	8	step_1_no_load	1	2	2	434	
63	0	8	step_2_no_load	5	6	0.489816616396	0.59128639594	6	350	1	
63	0	9	step_1_no_load	1	2	1	365	
63	0	9	step_2_no_load	3	4	0.641106877158	0.54429228266	3	414	0	
63	0	10	step_1_no_load	1	2	1	467	
63	0	10	step_2_no_load	5	6	0.482364178155	0.652626043146	5	544	1	
63	0	11	step_1_no_load	1	2	1	284	
63	0	11	step_2_no_load	5	6	0.477013315682	0.69163818036	5	1165	1	
63	0	12	step_1_no_load	1	2	1	343	
63	0	12	step_2_no_load	3	4	0.552770607849	0.597131918027	3	1261	1	
63	0	13	step_1_no_load	1	2	2	278	
63	0	13	step_2_no_load	5	6	0.52012981853	0.653587098421	-1	-1	-1	
63	0	14	step_1_no_load	1	2	2	409	
63	0	14	step_2_no_load	5	6	0.491234392147	0.629137942344	6	341	0	
63	0	15	step_1_no_load	1	2	2	474	
63	0	15	step_2_no_load	3	4	0.570419113221	0.633564630036	4	744	0	
63	0	16	step_1_no_load	1	2	1	293	
63	0	16	step_2_no_load	5	6	0.510958036527	0.628091198119	5	990	0	
63	0	17	step_1_no_load	1	2	1	350	
63	0	17	step_2_no_load	3	4	0.562895132605	0.643116883134	3	635	0	
63	0	18	step_1_no_load	1	2	1	222	
63	0	18	step_2_no_load	3	4	0.553554620302	0.626895526976	3	505	1	
63	0	19	step_1_no_load	1	2	1	538	
63	0	19	step_2_no_load	5	6	0.498240186199	0.619895761657	6	886	0	
63	0	20	step_1_no_load	1	2	2	345	
63	0	20	step_2_no_load	5	6	0.478025448397	0.636521555122	6	596	0	
63	0	21	step_1_no_load	1	2	2	433	
63	0	21	step_2_no_load	5	6	0.49769376036	0.630305464549	5	541	0	
63	0	22	step_1_no_load	1	2	2	453	
63	0	22	step_2_no_load	5	6	0.506100011497	0.621949894727	6	375	1	
63	0	23	step_1_no_load	1	2	2	309	
63	0	23	step_2_no_load	5	6	0.520606588181	0.640163623731	6	318	1	
63	0	24	step_1_no_load	1	2	2	864	
63	0	24	step_2_no_load	5	6	0.505388876622	0.582115115688	6	729	1	
63	0	25	step_1_no_load	1	2	2	271	
63	0	25	step_2_no_load	5	6	0.503316372362	0.565698722896	6	326	0	
63	0	26	step_1_no_load	1	2	1	247	
63	0	26	step_2_no_load	3	4	0.532884212818	0.640635035276	3	682	0	
63	0	27	step_1_no_load	1	2	1	277	
63	0	27	step_2_no_load	5	6	0.507272671939	0.57860777711	5	270	1	
63	0	28	step_1_no_load	1	2	1	239	
63	0	28	step_2_no_load	5	6	0.520177259699	0.588356036098	5	1012	0	
63	0	29	step_1_no_load	1	2	2	320	
63	0	29	step_2_no_load	5	6	0.521159009103	0.606613029227	6	541	1	
63	0	30	step_1_no_load	1	2	1	811	
63	0	30	step_2_no_load	5	6	0.4919199548	0.608245979832	6	795	0	
63	0	31	step_1_no_load	1	2	1	404	
63	0	31	step_2_no_load	3	4	0.541819886458	0.606122691795	3	767	0	
63	0	32	step_1_no_load	1	2	1	366	
63	0	32	step_2_no_load	5	6	0.520318771114	0.634585171267	6	743	0	
63	0	33	step_1_no_load	1	2	2	261	
63	0	33	step_2_no_load	5	6	0.487664344039	0.611700032906	6	426	0	
63	0	34	step_1_no_load	1	2	2	231	
63	0	34	step_2_no_load	5	6	0.454565258478	0.575802910074	6	515	1	
63	0	35	step_1_no_load	1	2	2	594	
63	0	35	step_2_no_load	5	6	0.491437207585	0.566827313385	6	543	1	
63	0	36	step_1_no_load	1	2	2	329	
63	0	36	step_2_no_load	5	6	0.513210053121	0.527635087561	6	402	0	
63	0	37	step_1_no_load	1	2	1	275	
63	0	37	step_2_no_load	3	4	0.598446394142	0.660658056664	3	950	1	
63	0	38	step_1_no_load	1	2	1	579	
63	0	38	step_2_no_load	5	6	0.553931241266	0.539078491643	5	305	1	
63	0	39	step_1_no_load	1	2	1	257	
63	0	39	step_2_no_load	3	4	0.610601635554	0.634483337633	4	586	0	
63	0	40	step_1_no_load	1	2	2	210	
63	0	40	step_2_no_load	5	6	0.5691386571	0.580760785074	5	410	1	
63	0	41	step_1_no_load	1	2	1	211	
63	0	41	step_2_no_load	5	6	0.583829055298	0.524862294848	6	1179	1	
63	0	42	step_1_no_load	1	2	1	196	
63	0	42	step_2_no_load	3	4	0.609164606591	0.606696263624	3	613	1	
63	0	43	step_1_no_load	1	2	1	222	
63	0	43	step_2_no_load	3	4	0.612705031264	0.581931546759	3	389	1	
63	0	44	step_1_no_load	1	2	2	0	
63	0	44	step_2_no_load	3	4	0.611481438855	0.589653131867	3	307	1	
63	0	45	step_1_no_load	1	2	2	373	
63	0	45	step_2_no_load	5	6	0.5288039409	0.579346234508	6	520	1	
63	0	46	step_1_no_load	1	2	2	0	
63	0	46	step_2_no_load	5	6	0.532238720495	0.55511883717	5	753	1	
63	0	47	step_1_no_load	1	2	1	46	
63	0	47	step_2_no_load	5	6	0.493112702321	0.546259467838	5	753	1	
63	0	48	step_1_no_load	1	2	1	217	
63	0	48	step_2_no_load	5	6	0.488280685105	0.534690828011	5	809	0	
63	0	49	step_1_no_load	1	2	1	209	
63	0	49	step_2_no_load	5	6	0.489287375157	0.512405963374	6	1080	0	
63	0	50	step_1_no_load	1	2	2	215	
63	0	50	step_2_no_load	3	4	0.606862017918	0.593458480934	3	716	1	
63	0	51	step_1_no_load	1	2	2	218	
63	0	51	step_2_no_load	5	6	0.469943944943	0.508197321577	6	294	1	
63	0	52	step_1_no_load	1	2	1	216	
63	0	52	step_2_no_load	5	6	0.429622901875	0.513589895419	6	899	0	
63	0	53	step_1_no_load	1	2	1	255	
63	0	53	step_2_no_load	3	4	0.551457882502	0.630956764252	3	509	0	
63	0	54	step_1_no_load	1	2	1	0	
63	0	54	step_2_no_load	3	4	0.570223904064	0.652515308527	3	341	1	
63	0	55	step_1_no_load	1	2	1	446	
63	0	55	step_2_no_load	3	4	0.574045915747	0.639840796975	4	607	0	
63	0	56	step_1_no_load	1	2	1	214	
63	0	56	step_2_no_load	3	4	0.601856598146	0.60038825769	3	1467	0	
63	0	57	step_1_no_load	1	2	2	437	
63	0	57	step_2_no_load	3	4	0.641849303307	0.586335094239	4	336	1	
63	0	58	step_1_no_load	1	2	1	259	
63	0	58	step_2_no_load	3	4	0.664682809182	0.610896130115	3	986	0	
63	0	59	step_1_no_load	1	2	1	303	
63	0	59	step_2_no_load	5	6	0.480274332693	0.537400760025	6	608	1	
63	0	60	step_1_no_load	1	2	2	226	
63	0	60	step_2_no_load	5	6	0.491916707098	0.479287247283	6	347	0	
63	0	61	step_1_no_load	1	2	2	318	
63	0	61	step_2_no_load	3	4	0.669587072502	0.602879526975	3	691	0	
63	0	62	step_1_no_load	1	2	1	274	
63	0	62	step_2_no_load	3	4	0.691137204746	0.622820395113	4	415	0	
63	0	63	step_1_no_load	1	2	2	328	
63	0	63	step_2_no_load	3	4	0.664284493458	0.642623127313	4	747	1	
63	0	64	step_1_no_load	1	2	2	0	
63	0	64	step_2_no_load	5	6	0.555062911513	0.533849886794	6	222	1	
63	0	65	step_1_no_load	1	2	1	381	
63	0	65	step_2_no_load	5	6	0.569109504048	0.517687993213	6	809	1	
63	0	66	step_1_no_load	1	2	1	239	
63	0	66	step_2_no_load	3	4	0.606938648072	0.630357351236	3	546	0	
63	0	67	step_1_no_load	1	2	1	223	
63	0	67	step_2_no_load	3	4	0.597650193897	0.674463681351	3	690	1	
63	0	68	step_1_no_load	1	2	1	1042	
63	0	68	step_2_no_load	3	4	0.622963076372	0.719455209845	3	941	0	
63	0	69	step_1_no_load	1	2	2	524	
63	0	69	step_2_no_load	3	4	0.622221685203	0.718756538957	3	1208	1	
63	0	70	step_1_no_load	1	2	2	462	
63	0	70	step_2_no_load	5	6	0.498834901463	0.548075770764	6	381	1	
63	0	71	step_1_no_load	1	2	2	499	
63	0	71	step_2_no_load	3	4	0.639174917797	0.706816191949	3	580	1	
63	0	72	step_1_no_load	1	2	1	224	
63	0	72	step_2_no_load	3	4	0.626024641967	0.705884789502	4	907	1	
63	0	73	step_1_no_load	1	2	2	291	
63	0	73	step_2_no_load	5	6	0.435957313805	0.50185699984	6	676	0	
63	0	74	step_1_no_load	1	2	2	262	
63	0	74	step_2_no_load	5	6	0.453420386428	0.491044983779	6	315	1	
63	0	75	step_1_no_load	1	2	2	227	
63	0	75	step_2_no_load	5	6	0.44832280175	0.483983914712	6	371	0	
63	0	76	step_1_no_load	1	2	2	248	
63	0	76	step_2_no_load	5	6	0.488583631821	0.518881389358	6	802	1	
63	0	77	step_1_no_load	1	2	2	263	
63	0	77	step_2_no_load	3	4	0.564257587118	0.679737625371	3	600	1	
63	0	78	step_1_no_load	1	2	1	425	
63	0	78	step_2_no_load	3	4	0.536711448352	0.647586191228	3	798	1	
63	0	79	step_1_no_load	1	2	1	4	
63	0	79	step_2_no_load	3	4	0.513695512795	0.647841624544	4	413	1	
63	0	80	step_1_no_load	1	2	1	252	
63	0	80	step_2_no_load	3	4	0.518583383166	0.703969305517	3	325	1	
63	0	81	step_1_no_load	1	2	1	5	
63	0	81	step_2_no_load	5	6	0.419265522488	0.494116554432	5	356	0	
63	0	82	step_1_no_load	1	2	2	466	
63	0	82	step_2_no_load	5	6	0.395813831323	0.482727017837	5	467	0	
63	0	83	step_1_no_load	1	2	2	289	
63	0	83	step_2_no_load	5	6	0.382772464038	0.483255412498	5	550	0	
63	0	84	step_1_no_load	1	2	2	191	
63	0	84	step_2_no_load	3	4	0.65843840156	0.731466635793	3	571	0	
63	0	85	step_1_no_load	1	2	1	0	
63	0	85	step_2_no_load	3	4	0.692384972752	0.712989604416	4	849	0	
63	0	86	step_1_no_load	1	2	2	83	
63	0	86	step_2_no_load	5	6	0.345323068124	0.486462788728	6	391	0	
63	0	87	step_1_no_load	1	2	1	223	
63	0	87	step_2_no_load	3	4	0.719375344246	0.690012761069	3	856	1	
63	0	88	step_1_no_load	1	2	1	283	
63	0	88	step_2_no_load	3	4	0.717410082358	0.696773608304	3	715	0	
63	0	89	step_1_no_load	1	2	1	479	
63	0	89	step_2_no_load	3	4	0.690772436485	0.660112261017	3	802	1	
63	0	90	step_1_no_load	1	2	1	432	
63	0	90	step_2_no_load	3	4	0.712247848046	0.688736868033	3	388	0	
63	0	91	step_1_no_load	1	2	1	263	
63	0	91	step_2_no_load	5	6	0.43534164751	0.479087223222	6	640	0	
63	0	92	step_1_no_load	1	2	2	463	
63	0	92	step_2_no_load	5	6	0.444368850664	0.484260039873	6	386	1	
63	0	93	step_1_no_load	1	2	1	333	
63	0	93	step_2_no_load	3	4	0.70415710998	0.662863370634	3	555	1	
63	0	94	step_1_no_load	1	2	1	534	
63	0	94	step_2_no_load	3	4	0.719464414227	0.668295023896	3	925	0	
63	0	95	step_1_no_load	1	2	1	563	
63	0	95	step_2_no_load	3	4	0.715495469274	0.640209855442	3	370	1	
63	0	96	step_1_no_load	1	2	1	221	
63	0	96	step_2_no_load	3	4	0.693739812506	0.663095813561	3	463	1	
63	0	97	step_1_no_load	1	2	1	378	
63	0	97	step_2_no_load	3	4	0.681272614291	0.651202057411	3	659	1	
63	0	98	step_1_no_load	1	2	1	474	
63	0	98	step_2_no_load	3	4	0.70287861952	0.646040060297	-1	-1	-1	
63	0	99	step_1_no_load	1	2	1	307	
63	0	99	step_2_no_load	3	4	0.673709850038	0.645191748454	3	674	1	
63	0	100	step_1_no_load	1	2	1	94	
63	0	100	step_2_no_load	3	4	0.666227451505	0.66579920021	3	443	1	
63	0	101	step_1_no_load	1	2	1	5	
63	0	101	step_2_no_load	3	4	0.623812401974	0.655903528958	3	543	1	
63	0	102	step_1_no_load	1	2	1	282	
63	0	102	step_2_no_load	3	4	0.666304534392	0.663124617603	3	670	0	
63	0	103	step_1_no_load	1	2	1	0	
63	0	103	step_2_no_load	3	4	0.663997796029	0.69058998368	4	421	1	
63	0	104	step_1_no_load	1	2	2	426	
63	0	104	step_2_no_load	5	6	0.521047445908	0.303696146503	6	750	0	
63	0	105	step_1_no_load	1	2	2	245	
63	0	105	step_2_no_load	5	6	0.514318365187	0.352639603242	6	688	1	
63	0	106	step_1_no_load	1	2	1	731	
63	0	106	step_2_no_load	3	4	0.712883638252	0.699623252899	3	418	1	
63	0	107	step_1_no_load	1	2	1	366	
63	0	107	step_2_no_load	3	4	0.692607431435	0.677514185929	3	336	1	
63	0	108	step_1_no_load	1	2	1	379	
63	0	108	step_2_no_load	5	6	0.526955028982	0.388185708856	5	296	0	
63	0	109	step_1_no_load	1	2	1	264	
63	0	109	step_2_no_load	5	6	0.479977531501	0.372328831887	5	753	0	
63	0	110	step_1_no_load	1	2	2	77	
63	0	110	step_2_no_load	5	6	0.432626681236	0.395544455384	6	375	0	
63	0	111	step_1_no_load	1	2	2	211	
63	0	111	step_2_no_load	3	4	0.724852671171	0.634599547742	3	919	1	
63	0	112	step_1_no_load	1	2	2	223	
63	0	112	step_2_no_load	5	6	0.392887565883	0.413393106784	6	324	1	
63	0	113	step_1_no_load	1	2	2	284	
63	0	113	step_2_no_load	5	6	0.370697120277	0.387112818105	6	392	1	
63	0	114	step_1_no_load	1	2	2	66	
63	0	114	step_2_no_load	3	4	0.718213323791	0.657654904272	3	669	0	
63	0	115	step_1_no_load	1	2	1	191	
63	0	115	step_2_no_load	3	4	0.739704344621	0.645721217949	3	384	1	
63	0	116	step_1_no_load	1	2	1	4	
63	0	116	step_2_no_load	5	6	0.378149844807	0.369438791876	6	495	1	
63	0	117	step_1_no_load	1	2	2	410	
63	0	117	step_2_no_load	5	6	0.374621793791	0.363056877927	6	512	1	
63	0	118	step_1_no_load	1	2	2	348	
63	0	118	step_2_no_load	5	6	0.357645851833	0.362977115924	6	444	0	
63	0	119	step_1_no_load	1	2	2	3	
63	0	119	step_2_no_load	3	4	0.690424535099	0.661177321751	4	340	1	
63	0	120	step_1_no_load	1	2	1	125	
63	0	120	step_2_no_load	3	4	0.70587238626	0.666433355915	3	452	1	
63	0	121	step_1_no_load	1	2	1	166	
63	0	121	step_2_no_load	5	6	0.352721767208	0.310775244958	6	731	0	
63	0	122	step_1_no_load	1	2	1	282	
63	0	122	step_2_no_load	3	4	0.6136886145	0.672193618854	3	661	1	
63	0	123	step_1_no_load	1	2	1	333	
63	0	123	step_2_no_load	5	6	0.337526896345	0.269780614928	6	547	1	
63	0	124	step_1_no_load	1	2	1	248	
63	0	124	step_2_no_load	3	4	0.603013298253	0.624161788269	3	596	1	
63	0	125	step_1_no_load	1	2	1	252	
63	0	125	step_2_no_load	3	4	0.559596800931	0.633566302563	3	509	0	
63	0	126	step_1_no_load	1	2	1	0	
63	0	126	step_2_no_load	5	6	0.300846667696	0.267206368684	5	413	0	
63	0	127	step_1_no_load	1	2	1	343	
63	0	127	step_2_no_load	3	4	0.560824094575	0.646945556251	3	839	0	
63	0	128	step_1_no_load	1	2	1	167	
63	0	128	step_2_no_load	3	4	0.636905534066	0.620672334996	4	293	0	
63	0	129	step_1_no_load	1	2	2	243	
63	0	129	step_2_no_load	3	4	0.685297910719	0.632682846317	4	985	0	
63	0	130	step_1_no_load	1	2	2	157	
63	0	130	step_2_no_load	3	4	0.682031489739	0.630285316669	3	668	0	
63	0	131	step_1_no_load	1	2	1	0	
63	0	131	step_2_no_load	5	6	0.311475039155	0.281500842289	6	490	0	
63	0	132	step_1_no_load	1	2	2	91	
63	0	132	step_2_no_load	5	6	0.315328810424	0.27986961048	6	406	0	
63	0	133	step_1_no_load	1	2	2	307	
63	0	133	step_2_no_load	5	6	0.312642735495	0.315608831386	5	387	1	
63	0	134	step_1_no_load	1	2	2	283	
63	0	134	step_2_no_load	3	4	0.621945110858	0.685529359147	4	771	0	
63	0	135	step_1_no_load	1	2	1	553	
63	0	135	step_2_no_load	3	4	0.593710006149	0.700779221781	3	803	1	
63	0	136	step_1_no_load	1	2	1	224	
63	0	136	step_2_no_load	3	4	0.597814413435	0.674914008636	3	380	1	
63	0	137	step_1_no_load	1	2	1	60	
63	0	137	step_2_no_load	5	6	0.325016613024	0.346433498467	6	713	0	
63	0	138	step_1_no_load	1	2	1	326	
63	0	138	step_2_no_load	3	4	0.63240964674	0.688182193337	3	655	1	
63	0	139	step_1_no_load	1	2	1	208	
63	0	139	step_2_no_load	3	4	0.636630981281	0.696355985729	3	363	1	
63	0	140	step_1_no_load	1	2	1	220	
63	0	140	step_2_no_load	3	4	0.671213945178	0.637682840728	3	359	1	
63	0	141	step_1_no_load	1	2	1	325	
63	0	141	step_2_no_load	3	4	0.711987889705	0.616803346728	3	417	1	
63	0	142	step_1_no_load	1	2	1	183	
63	0	142	step_2_no_load	3	4	0.690276058009	0.627356259123	3	309	1	
63	0	143	step_1_no_load	1	2	1	47	
63	0	143	step_2_no_load	3	4	0.661365099615	0.610219102298	3	419	0	
63	0	144	step_1_no_load	1	2	1	14	
63	0	144	step_2_no_load	3	4	0.626443722248	0.639347300184	3	333	0	
63	0	145	step_1_no_load	1	2	1	325	
63	0	145	step_2_no_load	3	4	0.6669125229	0.606515632748	4	541	1	
63	0	146	step_1_no_load	1	2	1	247	
63	0	146	step_2_no_load	3	4	0.681611991725	0.593778463268	4	642	0	
63	0	147	step_1_no_load	1	2	1	69	
63	0	147	step_2_no_load	3	4	0.647798886916	0.594861186319	4	390	0	
63	0	148	step_1_no_load	1	2	1	120	
63	0	148	step_2_no_load	5	6	0.305288021243	0.311162711725	5	1385	0	
63	0	149	step_1_no_load	1	2	2	415	
63	0	149	step_2_no_load	5	6	0.269951834184	0.300290206122	5	354	0	
63	0	150	step_1_no_load	1	2	2	230	
63	0	150	step_2_no_load	3	4	0.575985663078	0.605912419156	3	770	1	
63	0	151	step_1_no_load	1	2	1	271	
63	0	151	step_2_no_load	3	4	0.59154759351	0.614159737668	3	284	1	
63	0	152	step_1_no_load	1	2	1	206	
63	0	152	step_2_no_load	5	6	0.307702500543	0.323194010514	6	1046	1	
63	0	153	step_1_no_load	1	2	2	271	
63	0	153	step_2_no_load	5	6	0.309356532263	0.343622632154	6	350	1	
63	0	154	step_1_no_load	1	2	1	139	
63	0	154	step_2_no_load	3	4	0.638934099562	0.671672162443	3	277	0	
63	0	155	step_1_no_load	1	2	2	463	
63	0	155	step_2_no_load	5	6	0.296093457977	0.372188990474	6	302	0	
63	0	156	step_1_no_load	1	2	2	53	
63	0	156	step_2_no_load	3	4	0.631048201903	0.734436160799	4	180	1	
63	0	157	step_1_no_load	1	2	1	0	
63	0	157	step_2_no_load	3	4	0.585191807512	0.720725456325	3	529	0	
63	0	158	step_1_no_load	1	2	1	296	
63	0	158	step_2_no_load	5	6	0.408728803896	0.334595868098	6	849	0	
63	0	159	step_1_no_load	1	2	1	0	
63	0	159	step_2_no_load	3	4	0.541222065796	0.697903160072	4	622	1	
63	0	160	step_1_no_load	1	2	2	134	
63	0	160	step_2_no_load	5	6	0.415052912783	0.355992626298	6	366	0	
63	0	161	step_1_no_load	1	2	1	142	
63	0	161	step_2_no_load	3	4	0.516036498158	0.719896286569	3	484	1	
63	0	162	step_1_no_load	1	2	1	454	
63	0	162	step_2_no_load	3	4	0.566496468084	0.695144769903	3	557	1	
63	0	163	step_1_no_load	1	2	1	410	
63	0	163	step_2_no_load	3	4	0.5863391277	0.697095951435	3	366	1	
63	0	164	step_1_no_load	1	2	1	292	
63	0	164	step_2_no_load	3	4	0.585961845322	0.692137394606	4	671	1	
63	0	165	step_1_no_load	1	2	1	318	
63	0	165	step_2_no_load	3	4	0.538026607649	0.717506143195	3	739	0	
63	0	166	step_1_no_load	1	2	1	0	
63	0	166	step_2_no_load	5	6	0.422282731054	0.356317216644	6	760	0	
63	0	167	step_1_no_load	1	2	2	68	
63	0	167	step_2_no_load	3	4	0.585131062446	0.706271792549	4	630	1	
63	0	168	step_1_no_load	1	2	2	508	
63	0	168	step_2_no_load	3	4	0.613361520676	0.67192508984	3	872	1	
63	0	169	step_1_no_load	1	2	1	0	
63	0	169	step_2_no_load	3	4	0.586049140041	0.704981910944	3	784	0	
63	0	170	step_1_no_load	1	2	1	679	
63	0	170	step_2_no_load	3	4	0.57151385403	0.67334314737	4	657	1	
63	0	171	step_1_no_load	1	2	2	140	
63	0	171	step_2_no_load	3	4	0.553314431843	0.727248140829	3	883	0	
63	0	172	step_1_no_load	1	2	1	610	
63	0	172	step_2_no_load	3	4	0.519090471457	0.668669556875	3	755	0	
63	0	173	step_1_no_load	1	2	1	178	
63	0	173	step_2_no_load	3	4	0.484428109849	0.667027212577	3	376	1	
63	0	174	step_1_no_load	1	2	1	89	
63	0	174	step_2_no_load	3	4	0.472729524832	0.729877433725	4	549	1	
63	0	175	step_1_no_load	1	2	2	131	
63	0	175	step_2_no_load	5	6	0.426185553904	0.484825491933	6	503	0	
63	0	176	step_1_no_load	1	2	2	254	
63	0	176	step_2_no_load	5	6	0.383231572002	0.500856457218	6	437	1	
63	0	177	step_1_no_load	1	2	2	305	
63	0	177	step_2_no_load	3	4	0.501268576771	0.714070205704	3	712	0	
63	0	178	step_1_no_load	1	2	1	7	
63	0	178	step_2_no_load	3	4	0.493712351915	0.705993797498	4	657	1	
63	0	179	step_1_no_load	1	2	1	367	
63	0	179	step_2_no_load	5	6	0.324685418097	0.493565996034	5	988	1	
63	0	180	step_1_no_load	1	2	2	266	
63	0	180	step_2_no_load	3	4	0.482853857291	0.719795072986	4	717	1	
63	0	181	step_1_no_load	1	2	2	1	
63	0	181	step_2_no_load	3	4	0.508735114046	0.746910336326	4	726	1	
63	0	182	step_1_no_load	1	2	2	634	
63	0	182	step_2_no_load	5	6	0.340533666308	0.49907747228	5	698	0	
63	0	183	step_1_no_load	1	2	2	7	
63	0	183	step_2_no_load	5	6	0.350175837802	0.492742497507	5	336	1	
63	0	184	step_1_no_load	1	2	2	375	
63	0	184	step_2_no_load	5	6	0.362743255194	0.480863422096	5	373	0	
63	0	185	step_1_no_load	1	2	1	67	
63	0	185	step_2_no_load	5	6	0.362611152222	0.482228039858	5	721	0	
63	0	186	step_1_no_load	1	2	2	6	
63	0	186	step_2_no_load	3	4	0.46870859828	0.656308636836	4	372	1	
63	0	187	step_1_no_load	1	2	1	13	
63	0	187	step_2_no_load	3	4	0.443962917772	0.678211978625	4	486	1	
63	0	188	step_1_no_load	1	2	1	209	
63	0	188	step_2_no_load	3	4	0.471319680586	0.696362660087	4	722	1	
63	0	189	step_1_no_load	1	2	1	49	
63	0	189	step_2_no_load	3	4	0.448897869069	0.688353284054	3	939	0	
63	0	190	step_1_no_load	1	2	1	82	
63	0	190	step_2_no_load	3	4	0.433568856946	0.667655825994	4	368	1	
63	0	191	step_1_no_load	1	2	1	270	
63	0	191	step_2_no_load	3	4	0.435748387321	0.664271461991	4	707	1	
63	0	192	step_1_no_load	1	2	1	5	
63	0	192	step_2_no_load	3	4	0.450791310283	0.705517419189	4	474	1	
63	0	193	step_1_no_load	1	2	1	12	
63	0	193	step_2_no_load	5	6	0.321008037746	0.504944704439	5	733	0	
63	0	194	step_1_no_load	1	2	2	122	
63	0	194	step_2_no_load	3	4	0.433250459893	0.655261361454	4	63	0	
63	0	195	step_1_no_load	1	2	1	110	
63	0	195	step_2_no_load	3	4	0.466795336969	0.646280688878	4	350	1	
63	0	196	step_1_no_load	1	2	1	349	
63	0	196	step_2_no_load	3	4	0.421761207498	0.695101215304	4	466	1	
63	0	197	step_1_no_load	1	2	1	368	
63	0	197	step_2_no_load	3	4	0.422511153127	0.686552522522	4	755	1	
63	0	198	step_1_no_load	1	2	1	329	
63	0	198	step_2_no_load	3	4	0.397292432346	0.68660989813	4	563	1	
63	0	199	step_1_no_load	1	2	1	225	
63	0	199	step_2_no_load	3	4	0.39793773834	0.73697129762	4	394	1	
63	0	200	step_1_no_load	1	2	1	30	
63	0	200	step_2_no_load	3	4	0.372436949782	0.728996708473	4	360	1	

Mon Jun 26 12:02:32 2017
