Thu Jun 29 12:00:26 2017	
66	0	1	step_1_no_load	1	2	-1	-1	
66	0	2	step_1_no_load	1	2	1	1170	
66	0	2	step_2_no_load	3	4	0.580156942153	0.533203491871	4	1101	0	
66	0	3	step_1_no_load	1	2	2	902	
66	0	3	step_2_no_load	3	4	0.584197065669	0.516002945397	3	936	1	
66	0	4	step_1_no_load	1	2	2	651	
66	0	4	step_2_no_load	5	6	0.564086293706	0.478607661228	5	941	0	
66	0	5	step_1_no_load	1	2	2	439	
66	0	5	step_2_no_load	5	6	0.576104915614	0.495568760483	6	429	0	
66	0	6	step_1_no_load	1	2	2	461	
66	0	6	step_2_no_load	5	6	0.603642866427	0.506877622204	6	649	1	
66	0	7	step_1_no_load	1	2	2	655	
66	0	7	step_2_no_load	5	6	0.622642364361	0.500071913476	6	942	1	
66	0	8	step_1_no_load	1	2	2	737	
66	0	8	step_2_no_load	5	6	0.624210374623	0.489816616396	6	832	0	
66	0	9	step_1_no_load	1	2	1	881	
66	0	9	step_2_no_load	3	4	0.598049061473	0.54429228266	4	938	1	
66	0	10	step_1_no_load	1	2	2	454	
66	0	10	step_2_no_load	3	4	0.652626043146	0.576063520885	3	1001	1	
66	0	11	step_1_no_load	1	2	2	674	
66	0	11	step_2_no_load	5	6	0.609191465743	0.477013315682	6	893	1	
66	0	12	step_1_no_load	1	2	2	601	
66	0	12	step_2_no_load	5	6	0.552770607849	0.48457206759	6	692	1	
66	0	13	step_1_no_load	1	2	2	447	
66	0	13	step_2_no_load	3	4	0.653587098421	0.595790490356	4	1267	1	
66	0	14	step_1_no_load	1	2	2	403	
66	0	14	step_2_no_load	5	6	0.545555696267	0.491234392147	6	900	0	
66	0	15	step_1_no_load	1	2	1	506	
66	0	15	step_2_no_load	3	4	0.612260006668	0.633564630036	4	1217	0	
66	0	16	step_1_no_load	1	2	2	362	
66	0	16	step_2_no_load	5	6	0.553308964466	0.510958036527	6	835	1	
66	0	17	step_1_no_load	1	2	2	480	
66	0	17	step_2_no_load	5	6	0.562895132605	0.535958400205	6	930	1	
66	0	18	step_1_no_load	1	2	2	654	
66	0	18	step_2_no_load	3	4	0.626834332012	0.626895526976	3	1304	0	
66	0	19	step_1_no_load	1	2	2	691	
66	0	19	step_2_no_load	5	6	0.536502319591	0.498240186199	6	1415	0	
66	0	20	step_1_no_load	1	2	2	403	
66	0	20	step_2_no_load	5	6	0.491720931314	0.478025448397	6	1112	0	
66	0	21	step_1_no_load	1	2	2	728	
66	0	21	step_2_no_load	5	6	0.470207377245	0.49769376036	6	1022	1	
66	0	22	step_1_no_load	1	2	2	430	
66	0	22	step_2_no_load	5	6	0.468700882609	0.506100011497	5	1097	0	
66	0	23	step_1_no_load	1	2	2	440	
66	0	23	step_2_no_load	5	6	0.513759772011	0.520606588181	6	663	1	
66	0	24	step_1_no_load	1	2	2	464	
66	0	24	step_2_no_load	5	6	0.503316199018	0.505388876622	6	747	0	
66	0	25	step_1_no_load	1	2	2	493	
66	0	25	step_2_no_load	5	6	0.503605105412	0.503316372362	6	911	1	
66	0	26	step_1_no_load	1	2	2	535	
66	0	26	step_2_no_load	5	6	0.532884212818	0.511744353778	6	887	1	
66	0	27	step_1_no_load	1	2	2	957	
66	0	27	step_2_no_load	5	6	0.54756089792	0.507272671939	6	1063	1	
66	0	28	step_1_no_load	1	2	2	888	
66	0	28	step_2_no_load	5	6	0.553259388875	0.520177259699	6	1176	1	
66	0	29	step_1_no_load	1	2	2	1290	
66	0	29	step_2_no_load	5	6	0.561957580386	0.521159009103	6	1314	1	
66	0	30	step_1_no_load	1	2	2	948	
66	0	30	step_2_no_load	5	6	0.574272497114	0.4919199548	6	1042	1	
66	0	31	step_1_no_load	1	2	2	335	
66	0	31	step_2_no_load	5	6	0.541819886458	0.483156722265	6	832	0	
66	0	32	step_1_no_load	1	2	1	543	
66	0	32	step_2_no_load	3	4	0.634585171267	0.605616211083	3	1374	1	
66	0	33	step_1_no_load	1	2	1	1388	
66	0	33	step_2_no_load	3	4	0.611700032906	0.618000238621	4	1006	1	
66	0	34	step_1_no_load	1	2	2	379	
66	0	34	step_2_no_load	5	6	0.538523758058	0.454565258478	6	732	1	
66	0	35	step_1_no_load	1	2	2	481	
66	0	35	step_2_no_load	5	6	0.594167768198	0.491437207585	6	698	1	
66	0	36	step_1_no_load	1	2	2	538	
66	0	36	step_2_no_load	5	6	0.611274573488	0.513210053121	6	737	1	
66	0	37	step_1_no_load	1	2	2	447	
66	0	37	step_2_no_load	3	4	0.513822304161	0.660658056664	3	934	0	
66	0	38	step_1_no_load	1	2	1	787	
66	0	38	step_2_no_load	3	4	0.539078491643	0.651263699161	3	1099	0	
66	0	39	step_1_no_load	1	2	2	344	
66	0	39	step_2_no_load	5	6	0.610601635554	0.578640235206	6	881	0	
66	0	40	step_1_no_load	1	2	2	361	
66	0	40	step_2_no_load	3	4	0.580760785074	0.636994900683	4	446	1	
66	0	41	step_1_no_load	1	2	2	404	
66	0	41	step_2_no_load	3	4	0.524862294848	0.633285941184	3	1215	1	
66	0	42	step_1_no_load	1	2	2	431	
66	0	42	step_2_no_load	5	6	0.609164606591	0.553461946234	6	784	1	
66	0	43	step_1_no_load	1	2	2	440	
66	0	43	step_2_no_load	5	6	0.612705031264	0.548128010644	6	876	0	
66	0	44	step_1_no_load	1	2	2	357	
66	0	44	step_2_no_load	5	6	0.611481438855	0.537842745081	6	547	1	
66	0	45	step_1_no_load	1	2	2	388	
66	0	45	step_2_no_load	5	6	0.632991467829	0.5288039409	6	767	0	
66	0	46	step_1_no_load	1	2	2	434	
66	0	46	step_2_no_load	5	6	0.600964500555	0.532238720495	6	1043	1	
66	0	47	step_1_no_load	1	2	1	631	
66	0	47	step_2_no_load	3	4	0.546259467838	0.634373567175	3	857	1	
66	0	48	step_1_no_load	1	2	1	396	
66	0	48	step_2_no_load	3	4	0.534690828011	0.657624935632	3	686	1	
66	0	49	step_1_no_load	1	2	2	301	
66	0	49	step_2_no_load	5	6	0.610193185592	0.489287375157	5	931	1	
66	0	50	step_1_no_load	1	2	2	333	
66	0	50	step_2_no_load	3	4	0.481616544184	0.593458480934	4	557	0	
66	0	51	step_1_no_load	1	2	2	290	
66	0	51	step_2_no_load	3	4	0.508197321577	0.613357430892	4	1135	0	
66	0	52	step_1_no_load	1	2	2	301	
66	0	52	step_2_no_load	5	6	0.539065404057	0.429622901875	6	902	0	
66	0	53	step_1_no_load	1	2	2	352	
66	0	53	step_2_no_load	3	4	0.475342927439	0.630956764252	-1	-1	-1	
66	0	54	step_1_no_load	1	2	2	90	
66	0	54	step_2_no_load	5	6	0.570223904064	0.491512498697	5	689	0	
66	0	55	step_1_no_load	1	2	2	558	
66	0	55	step_2_no_load	5	6	0.574045915747	0.487025527704	6	473	1	
66	0	56	step_1_no_load	1	2	2	415	
66	0	56	step_2_no_load	5	6	0.601856598146	0.459773408493	6	754	1	
66	0	57	step_1_no_load	1	2	2	756	
66	0	57	step_2_no_load	5	6	0.641849303307	0.466449077359	6	797	0	
66	0	58	step_1_no_load	1	2	1	317	
66	0	58	step_2_no_load	3	4	0.528376440027	0.610896130115	3	425	1	
66	0	59	step_1_no_load	1	2	2	483	
66	0	59	step_2_no_load	5	6	0.632500293208	0.480274332693	6	757	0	
66	0	60	step_1_no_load	1	2	2	363	
66	0	60	step_2_no_load	5	6	0.623687406259	0.491916707098	6	527	0	
66	0	61	step_1_no_load	1	2	2	527	
66	0	61	step_2_no_load	5	6	0.669587072502	0.464268875813	6	1024	0	
66	0	62	step_1_no_load	1	2	2	425	
66	0	62	step_2_no_load	5	6	0.691137204746	0.50724109756	6	948	1	
66	0	63	step_1_no_load	1	2	2	296	
66	0	63	step_2_no_load	5	6	0.664284493458	0.53192660365	6	475	1	
66	0	64	step_1_no_load	1	2	2	313	
66	0	64	step_2_no_load	3	4	0.533849886794	0.626149195169	4	1321	1	
66	0	65	step_1_no_load	1	2	1	809	
66	0	65	step_2_no_load	3	4	0.517687993213	0.619953360065	3	1153	0	
66	0	66	step_1_no_load	1	2	2	313	
66	0	66	step_2_no_load	3	4	0.555324764318	0.630357351236	-1	-1	-1	
66	0	67	step_1_no_load	1	2	2	479	
66	0	67	step_2_no_load	3	4	0.538279387614	0.674463681351	4	395	1	
66	0	68	step_1_no_load	1	2	2	1035	
66	0	68	step_2_no_load	3	4	0.523301545299	0.719455209845	4	991	1	
66	0	69	step_1_no_load	1	2	2	514	
66	0	69	step_2_no_load	5	6	0.622221685203	0.499137600991	6	911	0	
66	0	70	step_1_no_load	1	2	2	386	
66	0	70	step_2_no_load	5	6	0.637556284465	0.498834901463	5	1081	1	
66	0	71	step_1_no_load	1	2	2	368	
66	0	71	step_2_no_load	5	6	0.639174917797	0.482863323776	6	968	1	
66	0	72	step_1_no_load	1	2	2	387	
66	0	72	step_2_no_load	5	6	0.626024641967	0.47409116389	6	861	0	
66	0	73	step_1_no_load	1	2	2	342	
66	0	73	step_2_no_load	5	6	0.657126403029	0.435957313805	6	934	1	
66	0	74	step_1_no_load	1	2	2	567	
66	0	74	step_2_no_load	5	6	0.614462146454	0.453420386428	6	895	0	
66	0	75	step_1_no_load	1	2	2	286	
66	0	75	step_2_no_load	3	4	0.483983914712	0.697629587097	4	1347	1	
66	0	76	step_1_no_load	1	2	2	332	
66	0	76	step_2_no_load	3	4	0.518881389358	0.690117652944	4	1055	0	
66	0	77	step_1_no_load	1	2	1	416	
66	0	77	step_2_no_load	5	6	0.564257587118	0.446809557226	6	1038	1	
66	0	78	step_1_no_load	1	2	2	539	
66	0	78	step_2_no_load	5	6	0.536711448352	0.435911167612	6	855	0	
66	0	79	step_1_no_load	1	2	2	286	
66	0	79	step_2_no_load	5	6	0.513695512795	0.389124152368	6	1158	0	
66	0	80	step_1_no_load	1	2	2	658	
66	0	80	step_2_no_load	3	4	0.49921021142	0.703969305517	4	1142	0	
66	0	81	step_1_no_load	1	2	2	471	
66	0	81	step_2_no_load	3	4	0.494116554432	0.702400933084	3	914	0	
66	0	82	step_1_no_load	1	2	2	340	
66	0	82	step_2_no_load	5	6	0.564729328387	0.395813831323	6	553	1	
66	0	83	step_1_no_load	1	2	-1	-1	
66	0	84	step_1_no_load	1	2	2	663	
66	0	84	step_2_no_load	3	4	0.505586222209	0.731466635793	4	1135	1	
66	0	85	step_1_no_load	1	2	2	850	
66	0	85	step_2_no_load	5	6	0.692384972752	0.384458259121	6	766	0	
66	0	86	step_1_no_load	1	2	2	421	
66	0	86	step_2_no_load	3	4	0.486462788728	0.721207648497	4	963	1	
66	0	87	step_1_no_load	1	2	2	538	
66	0	87	step_2_no_load	5	6	0.719375344246	0.40000499778	5	789	0	
66	0	88	step_1_no_load	1	2	2	331	
66	0	88	step_2_no_load	5	6	0.717410082358	0.377947492322	5	943	1	
66	0	89	step_1_no_load	1	2	2	541	
66	0	89	step_2_no_load	5	6	0.690772436485	0.415882489686	5	885	0	
66	0	90	step_1_no_load	1	2	2	528	
66	0	90	step_2_no_load	5	6	0.712247848046	0.411459496853	6	526	0	
66	0	91	step_1_no_load	1	2	1	526	
66	0	91	step_2_no_load	3	4	0.479087223222	0.657820521772	3	883	1	
66	0	92	step_1_no_load	1	2	2	657	
66	0	92	step_2_no_load	3	4	0.484260039873	0.679381608313	3	1487	0	
66	0	93	step_1_no_load	1	2	2	412	
66	0	93	step_2_no_load	5	6	0.70415710998	0.439878153082	6	703	1	
66	0	94	step_1_no_load	1	2	2	710	
66	0	94	step_2_no_load	3	4	0.468637558205	0.668295023896	3	1188	1	
66	0	95	step_1_no_load	1	2	2	475	
66	0	95	step_2_no_load	3	4	0.42505578884	0.640209855442	4	1305	1	
66	0	96	step_1_no_load	1	2	2	438	
66	0	96	step_2_no_load	5	6	0.693739812506	0.383038640121	6	1010	0	
66	0	97	step_1_no_load	1	2	2	331	
66	0	97	step_2_no_load	3	4	0.455601814112	0.651202057411	4	1107	1	
66	0	98	step_1_no_load	1	2	2	1163	
66	0	98	step_2_no_load	3	4	0.431479829356	0.646040060297	4	1465	0	
66	0	99	step_1_no_load	1	2	1	366	
66	0	99	step_2_no_load	3	4	0.375249961522	0.645191748454	3	1044	0	
66	0	100	step_1_no_load	1	2	2	635	
66	0	100	step_2_no_load	5	6	0.666227451505	0.4333505304	6	1042	0	
66	0	101	step_1_no_load	1	2	2	350	
66	0	101	step_2_no_load	5	6	0.623812401974	0.497432607584	6	1106	0	
66	0	102	step_1_no_load	1	2	2	370	
66	0	102	step_2_no_load	3	4	0.326080462175	0.663124617603	4	1008	1	
66	0	103	step_1_no_load	1	2	2	588	
66	0	103	step_2_no_load	3	4	0.322834495838	0.69058998368	4	1255	1	
66	0	104	step_1_no_load	1	2	2	445	
66	0	104	step_2_no_load	5	6	0.703870701136	0.521047445908	5	904	1	
66	0	105	step_1_no_load	1	2	2	890	
66	0	105	step_2_no_load	5	6	0.689135357059	0.514318365187	5	1154	1	
66	0	106	step_1_no_load	1	2	2	495	
66	0	106	step_2_no_load	5	6	0.712883638252	0.508908032404	5	963	0	
66	0	107	step_1_no_load	1	2	2	0	
66	0	107	step_2_no_load	3	4	0.388257337796	0.677514185929	4	1007	1	
66	0	108	step_1_no_load	1	2	2	592	
66	0	108	step_2_no_load	3	4	0.388185708856	0.681491063126	4	1086	1	
66	0	109	step_1_no_load	1	2	2	624	
66	0	109	step_2_no_load	3	4	0.372328831887	0.68658494263	4	1136	1	
66	0	110	step_1_no_load	1	2	2	486	
66	0	110	step_2_no_load	5	6	0.729599891941	0.432626681236	6	1015	1	
66	0	111	step_1_no_load	1	2	2	359	
66	0	111	step_2_no_load	5	6	0.724852671171	0.384948378665	6	1215	0	
66	0	112	step_1_no_load	1	2	1	298	
66	0	112	step_2_no_load	3	4	0.413393106784	0.635252945963	3	997	1	
66	0	113	step_1_no_load	1	2	2	320	
66	0	113	step_2_no_load	3	4	0.387112818105	0.634627459817	4	1404	0	
66	0	114	step_1_no_load	1	2	2	339	
66	0	114	step_2_no_load	5	6	0.718213323791	0.380324086676	6	664	0	
66	0	115	step_1_no_load	1	2	2	351	
66	0	115	step_2_no_load	5	6	0.739704344621	0.390027643099	6	522	1	
66	0	116	step_1_no_load	1	2	2	299	
66	0	116	step_2_no_load	5	6	0.706736514943	0.378149844807	6	620	1	
66	0	117	step_1_no_load	1	2	1	248	
66	0	117	step_2_no_load	3	4	0.363056877927	0.671842537277	3	1138	0	
66	0	118	step_1_no_load	1	2	2	420	
66	0	118	step_2_no_load	3	4	0.362977115924	0.690484235012	3	1075	0	
66	0	119	step_1_no_load	1	2	2	261	
66	0	119	step_2_no_load	3	4	0.358243439099	0.661177321751	4	934	0	
66	0	120	step_1_no_load	1	2	2	380	
66	0	120	step_2_no_load	5	6	0.70587238626	0.370150243662	6	658	0	
66	0	121	step_1_no_load	1	2	2	264	
66	0	121	step_2_no_load	3	4	0.310775244958	0.671052306195	3	1051	0	
66	0	122	step_1_no_load	1	2	2	293	
66	0	122	step_2_no_load	5	6	0.6136886145	0.329624572119	6	730	0	
66	0	123	step_1_no_load	1	2	2	252	
66	0	123	step_2_no_load	3	4	0.269780614928	0.664849878232	-1	-1	-1	
66	0	124	step_1_no_load	1	2	2	388	
66	0	124	step_2_no_load	3	4	0.26095206597	0.624161788269	4	930	1	
66	0	125	step_1_no_load	1	2	2	530	
66	0	125	step_2_no_load	5	6	0.559596800931	0.303110862715	5	1445	1	
66	0	126	step_1_no_load	1	2	2	567	
66	0	126	step_2_no_load	5	6	0.537863824328	0.300846667696	6	993	0	
66	0	127	step_1_no_load	1	2	2	273	
66	0	127	step_2_no_load	3	4	0.273483952592	0.646945556251	4	987	0	
66	0	128	step_1_no_load	1	2	2	262	
66	0	128	step_2_no_load	5	6	0.636905534066	0.250790232267	6	943	0	
66	0	129	step_1_no_load	1	2	2	326	
66	0	129	step_2_no_load	3	4	0.268213321963	0.632682846317	4	1216	0	
66	0	130	step_1_no_load	1	2	2	319	
66	0	130	step_2_no_load	5	6	0.682031489739	0.274560758494	5	1054	1	
66	0	131	step_1_no_load	1	2	2	463	
66	0	131	step_2_no_load	5	6	0.678044920845	0.311475039155	5	968	1	
66	0	132	step_1_no_load	1	2	2	490	
66	0	132	step_2_no_load	5	6	0.668578020634	0.315328810424	5	1154	1	
66	0	133	step_1_no_load	1	2	2	742	
66	0	133	step_2_no_load	5	6	0.617383991623	0.312642735495	5	1036	1	
66	0	134	step_1_no_load	1	2	2	546	
66	0	134	step_2_no_load	5	6	0.621945110858	0.302839427162	6	1330	0	
66	0	135	step_1_no_load	1	2	2	926	
66	0	135	step_2_no_load	5	6	0.593710006149	0.287118934166	6	747	1	
66	0	136	step_1_no_load	1	2	2	588	
66	0	136	step_2_no_load	5	6	0.597814413435	0.284521085726	6	518	0	
66	0	137	step_1_no_load	1	2	2	331	
66	0	137	step_2_no_load	5	6	0.605896884497	0.325016613024	6	597	0	
66	0	138	step_1_no_load	1	2	2	437	
66	0	138	step_2_no_load	5	6	0.63240964674	0.307694123906	5	1016	0	
66	0	139	step_1_no_load	1	2	2	302	
66	0	139	step_2_no_load	5	6	0.636630981281	0.323660750961	6	1230	0	
66	0	140	step_1_no_load	1	2	2	478	
66	0	140	step_2_no_load	5	6	0.671213945178	0.328174526491	6	1047	1	
66	0	141	step_1_no_load	1	2	2	690	
66	0	141	step_2_no_load	5	6	0.711987889705	0.311809871418	6	1079	0	
66	0	142	step_1_no_load	1	2	2	262	
66	0	142	step_2_no_load	3	4	0.397052682821	0.627356259123	4	1241	1	
66	0	143	step_1_no_load	1	2	2	378	
66	0	143	step_2_no_load	5	6	0.661365099615	0.313516825296	5	1329	1	
66	0	144	step_1_no_load	1	2	2	678	
66	0	144	step_2_no_load	3	4	0.389234194056	0.639347300184	4	1089	1	
66	0	145	step_1_no_load	1	2	2	800	
66	0	145	step_2_no_load	5	6	0.6669125229	0.266265924094	5	1470	1	
66	0	146	step_1_no_load	1	2	2	484	
66	0	146	step_2_no_load	3	4	0.320877500969	0.593778463268	4	1053	1	
66	0	147	step_1_no_load	1	2	2	373	
66	0	147	step_2_no_load	5	6	0.647798886916	0.265578160642	5	1146	1	
66	0	148	step_1_no_load	1	2	2	403	
66	0	148	step_2_no_load	5	6	0.619272702026	0.305288021243	6	985	1	
66	0	149	step_1_no_load	1	2	2	636	
66	0	149	step_2_no_load	3	4	0.300290206122	0.623203869836	3	1480	1	
66	0	150	step_1_no_load	1	2	2	419	
66	0	150	step_2_no_load	3	4	0.306860041627	0.605912419156	3	991	0	
66	0	151	step_1_no_load	1	2	2	652	
66	0	151	step_2_no_load	3	4	0.310557101463	0.614159737668	4	1070	1	
66	0	152	step_1_no_load	1	2	2	675	
66	0	152	step_2_no_load	5	6	0.595108765344	0.307702500543	6	1108	0	
66	0	153	step_1_no_load	1	2	2	346	
66	0	153	step_2_no_load	3	4	0.343622632154	0.681559292085	4	1079	1	
66	0	154	step_1_no_load	1	2	2	345	
66	0	154	step_2_no_load	5	6	0.638934099562	0.316375537537	5	874	1	
66	0	155	step_1_no_load	1	2	2	700	
66	0	155	step_2_no_load	5	6	0.632486591889	0.296093457977	5	974	1	
66	0	156	step_1_no_load	1	2	2	733	
66	0	156	step_2_no_load	3	4	0.368378667812	0.734436160799	4	1098	0	
66	0	157	step_1_no_load	1	2	1	285	
66	0	157	step_2_no_load	5	6	0.585191807512	0.350909357271	5	919	0	
66	0	158	step_1_no_load	1	2	2	323	
66	0	158	step_2_no_load	5	6	0.532722108502	0.408728803896	5	1148	0	
66	0	159	step_1_no_load	1	2	2	283	
66	0	159	step_2_no_load	5	6	0.541222065796	0.413026375257	5	1214	0	
66	0	160	step_1_no_load	1	2	2	300	
66	0	160	step_2_no_load	5	6	0.521229931064	0.415052912783	5	847	0	
66	0	161	step_1_no_load	1	2	2	513	
66	0	161	step_2_no_load	5	6	0.516036498158	0.407025633682	5	1324	0	
66	0	162	step_1_no_load	1	2	2	294	
66	0	162	step_2_no_load	5	6	0.566496468084	0.3926701003	5	1304	0	
66	0	163	step_1_no_load	1	2	2	335	
66	0	163	step_2_no_load	5	6	0.5863391277	0.395221309311	5	708	1	
66	0	164	step_1_no_load	1	2	2	366	
66	0	164	step_2_no_load	5	6	0.585961845322	0.432761720497	5	824	1	
66	0	165	step_1_no_load	1	2	2	356	
66	0	165	step_2_no_load	5	6	0.538026607649	0.463777557969	5	701	0	
66	0	166	step_1_no_load	1	2	1	1085	
66	0	166	step_2_no_load	3	4	0.356317216644	0.686594248975	3	1249	0	
66	0	167	step_1_no_load	1	2	2	325	
66	0	167	step_2_no_load	5	6	0.585131062446	0.38753671275	5	873	0	
66	0	168	step_1_no_load	1	2	2	294	
66	0	168	step_2_no_load	5	6	0.613361520676	0.400817642375	6	649	1	
66	0	169	step_1_no_load	1	2	2	318	
66	0	169	step_2_no_load	5	6	0.586049140041	0.42098542374	5	762	0	
66	0	170	step_1_no_load	1	2	2	244	
66	0	170	step_2_no_load	5	6	0.57151385403	0.411067820436	6	655	0	
66	0	171	step_1_no_load	1	2	2	673	
66	0	171	step_2_no_load	5	6	0.553314431843	0.386979310814	5	903	1	
66	0	172	step_1_no_load	1	2	2	339	
66	0	172	step_2_no_load	3	4	0.490120307546	0.668669556875	4	1281	0	
66	0	173	step_1_no_load	1	2	1	142	
66	0	173	step_2_no_load	5	6	0.484428109849	0.385349297983	5	1062	1	
66	0	174	step_1_no_load	1	2	2	320	
66	0	174	step_2_no_load	5	6	0.472729524832	0.387867297446	5	904	0	
66	0	175	step_1_no_load	1	2	2	566	
66	0	175	step_2_no_load	3	4	0.484825491933	0.693968268443	4	1215	1	
66	0	176	step_1_no_load	1	2	2	928	
66	0	176	step_2_no_load	5	6	0.474046874473	0.383231572002	5	1227	1	
66	0	177	step_1_no_load	1	2	2	365	
66	0	177	step_2_no_load	5	6	0.501268576771	0.357425668099	5	979	1	
66	0	178	step_1_no_load	1	2	2	427	
66	0	178	step_2_no_load	3	4	0.49020858644	0.705993797498	4	1317	1	
66	0	179	step_1_no_load	1	2	1	285	
66	0	179	step_2_no_load	5	6	0.457298770028	0.324685418097	5	919	0	
66	0	180	step_1_no_load	1	2	2	389	
66	0	180	step_2_no_load	5	6	0.482853857291	0.341214611607	5	992	0	
66	0	181	step_1_no_load	1	2	2	354	
66	0	181	step_2_no_load	5	6	0.508735114046	0.342402764747	5	1060	1	
66	0	182	step_1_no_load	1	2	2	341	
66	0	182	step_2_no_load	5	6	0.506773281362	0.340533666308	6	1139	1	
66	0	183	step_1_no_load	1	2	2	428	
66	0	183	step_2_no_load	5	6	0.502991759047	0.350175837802	6	1017	0	
66	0	184	step_1_no_load	1	2	2	236	
66	0	184	step_2_no_load	5	6	0.460890977786	0.362743255194	5	673	0	
66	0	185	step_1_no_load	1	2	2	258	
66	0	185	step_2_no_load	3	4	0.482228039858	0.665622647081	4	1271	0	
66	0	186	step_1_no_load	1	2	2	295	
66	0	186	step_2_no_load	5	6	0.46870859828	0.332733011923	5	821	0	
66	0	187	step_1_no_load	1	2	2	77	
66	0	187	step_2_no_load	5	6	0.443962917772	0.328890769988	6	946	0	
66	0	188	step_1_no_load	1	2	2	381	
66	0	188	step_2_no_load	5	6	0.471319680586	0.291508050861	5	1109	0	
66	0	189	step_1_no_load	1	2	2	429	
66	0	189	step_2_no_load	5	6	0.448897869069	0.285168135955	5	1427	1	
66	0	190	step_1_no_load	1	2	2	312	
66	0	190	step_2_no_load	5	6	0.433568856946	0.304557739386	6	665	1	
66	0	191	step_1_no_load	1	2	1	500	
66	0	191	step_2_no_load	5	6	0.435748387321	0.318839908867	6	1006	0	
66	0	192	step_1_no_load	1	2	2	282	
66	0	192	step_2_no_load	5	6	0.450791310283	0.299297135717	5	931	0	
66	0	193	step_1_no_load	1	2	2	499	
66	0	193	step_2_no_load	3	4	0.504944704439	0.679792491164	3	1312	0	
66	0	194	step_1_no_load	1	2	2	311	
66	0	194	step_2_no_load	3	4	0.505359594715	0.655261361454	3	1047	0	
66	0	195	step_1_no_load	1	2	2	127	
66	0	195	step_2_no_load	5	6	0.466795336969	0.348571348505	5	906	0	
66	0	196	step_1_no_load	1	2	2	283	
66	0	196	step_2_no_load	3	4	0.496717662777	0.695101215304	3	726	0	
66	0	197	step_1_no_load	1	2	2	749	
66	0	197	step_2_no_load	3	4	0.47786945426	0.686552522522	3	1192	1	
66	0	198	step_1_no_load	1	2	1	501	
66	0	198	step_2_no_load	5	6	0.397292432346	0.303352625941	5	940	1	
66	0	199	step_1_no_load	1	2	2	647	
66	0	199	step_2_no_load	5	6	0.39793773834	0.292861528884	5	1345	1	
66	0	200	step_1_no_load	1	2	2	361	
66	0	200	step_2_no_load	5	6	0.372436949782	0.299128796668	5	1055	0	

Thu Jun 29 12:20:15 2017
