Tue Jul 11 11:06:11 2017	
67	0	1	step_1_no_load	1	2	-1	-1	
67	0	2	step_1_no_load	1	2	1	855	
67	0	2	step_2_no_load	3	4	0.533203491871	0.610961032466	3	1220	1	
67	0	3	step_1_no_load	1	2	1	583	
67	0	3	step_2_no_load	3	4	0.516002945397	0.589215227351	3	980	0	
67	0	4	step_1_no_load	1	2	1	701	
67	0	4	step_2_no_load	3	4	0.494597764192	0.564086293706	3	1042	1	
67	0	5	step_1_no_load	1	2	1	673	
67	0	5	step_2_no_load	3	4	0.543908521457	0.576104915614	3	878	0	
67	0	6	step_1_no_load	1	2	1	712	
67	0	6	step_2_no_load	5	6	0.506877622204	0.585722686883	5	1131	0	
67	0	7	step_1_no_load	1	2	1	860	
67	0	7	step_2_no_load	3	4	0.506408070053	0.622642364361	3	1137	1	
67	0	8	step_1_no_load	1	2	1	707	
67	0	8	step_2_no_load	3	4	0.499203529332	0.624210374623	3	1057	1	
67	0	9	step_1_no_load	1	2	1	1015	
67	0	9	step_2_no_load	3	4	0.54429228266	0.641106877158	3	858	1	
67	0	10	step_1_no_load	1	2	1	619	
67	0	10	step_2_no_load	5	6	0.482364178155	0.652626043146	5	953	0	
67	0	11	step_1_no_load	1	2	1	697	
67	0	11	step_2_no_load	3	4	0.59022801242	0.609191465743	3	998	1	
67	0	12	step_1_no_load	1	2	1	697	
67	0	12	step_2_no_load	3	4	0.597131918027	0.552770607849	-1	-1	-1	
67	0	13	step_1_no_load	1	2	-1	-1	
67	0	14	step_1_no_load	1	2	1	1318	
67	0	14	step_2_no_load	3	4	0.611256675753	0.545555696267	3	916	1	
67	0	15	step_1_no_load	1	2	1	599	
67	0	15	step_2_no_load	3	4	0.633564630036	0.570419113221	3	758	1	
67	0	16	step_1_no_load	1	2	1	578	
67	0	16	step_2_no_load	3	4	0.626326396372	0.553308964466	3	560	0	
67	0	17	step_1_no_load	1	2	1	516	
67	0	17	step_2_no_load	3	4	0.643116883134	0.562895132605	3	653	1	
67	0	18	step_1_no_load	1	2	1	391	
67	0	18	step_2_no_load	3	4	0.626895526976	0.553554620302	3	626	1	
67	0	19	step_1_no_load	1	2	1	561	
67	0	19	step_2_no_load	3	4	0.644773170243	0.536502319591	3	632	1	
67	0	20	step_1_no_load	1	2	1	654	
67	0	20	step_2_no_load	3	4	0.60665343963	0.491720931314	3	638	1	
67	0	21	step_1_no_load	1	2	1	574	
67	0	21	step_2_no_load	3	4	0.611328949295	0.470207377245	3	557	1	
67	0	22	step_1_no_load	1	2	1	662	
67	0	22	step_2_no_load	3	4	0.618527126547	0.468700882609	3	838	0	
67	0	23	step_1_no_load	1	2	1	741	
67	0	23	step_2_no_load	3	4	0.604065470975	0.513759772011	3	940	0	
67	0	24	step_1_no_load	1	2	2	672	
67	0	24	step_2_no_load	3	4	0.5800912085	0.503316199018	4	825	0	
67	0	25	step_1_no_load	1	2	2	832	
67	0	25	step_2_no_load	5	6	0.503316372362	0.565698722896	-1	-1	-1	
67	0	26	step_1_no_load	1	2	1	791	
67	0	26	step_2_no_load	5	6	0.511744353778	0.592410219737	5	795	0	
67	0	27	step_1_no_load	1	2	1	555	
67	0	27	step_2_no_load	5	6	0.507272671939	0.57860777711	5	835	1	
67	0	28	step_1_no_load	1	2	1	602	
67	0	28	step_2_no_load	5	6	0.520177259699	0.588356036098	5	743	0	
67	0	29	step_1_no_load	1	2	1	670	
67	0	29	step_2_no_load	3	4	0.618626354124	0.561957580386	3	1075	1	
67	0	30	step_1_no_load	1	2	1	633	
67	0	30	step_2_no_load	5	6	0.4919199548	0.608245979832	5	721	1	
67	0	31	step_1_no_load	1	2	1	736	
67	0	31	step_2_no_load	3	4	0.606122691795	0.541819886458	3	1290	1	
67	0	32	step_1_no_load	1	2	1	755	
67	0	32	step_2_no_load	3	4	0.605616211083	0.522993086096	3	679	1	
67	0	33	step_1_no_load	1	2	1	876	
67	0	33	step_2_no_load	3	4	0.618000238621	0.542309898544	3	1202	1	
67	0	34	step_1_no_load	1	2	1	931	
67	0	34	step_2_no_load	5	6	0.454565258478	0.575802910074	5	830	1	
67	0	35	step_1_no_load	1	2	1	623	
67	0	35	step_2_no_load	3	4	0.649776015006	0.594167768198	3	687	0	
67	0	36	step_1_no_load	1	2	1	521	
67	0	36	step_2_no_load	3	4	0.661229326326	0.611274573488	3	696	1	
67	0	37	step_1_no_load	1	2	1	678	
67	0	37	step_2_no_load	5	6	0.543074626387	0.513822304161	5	782	1	
67	0	38	step_1_no_load	1	2	1	690	
67	0	38	step_2_no_load	3	4	0.651263699161	0.595113730206	3	901	1	
67	0	39	step_1_no_load	1	2	1	832	
67	0	39	step_2_no_load	3	4	0.634483337633	0.610601635554	3	825	1	
67	0	40	step_1_no_load	1	2	1	812	
67	0	40	step_2_no_load	5	6	0.5691386571	0.580760785074	5	535	1	
67	0	41	step_1_no_load	1	2	1	390	
67	0	41	step_2_no_load	5	6	0.583829055298	0.524862294848	5	630	0	
67	0	42	step_1_no_load	1	2	1	528	
67	0	42	step_2_no_load	3	4	0.606696263624	0.609164606591	3	679	1	
67	0	43	step_1_no_load	1	2	1	458	
67	0	43	step_2_no_load	5	6	0.548128010644	0.553703096215	5	827	1	
67	0	44	step_1_no_load	1	2	1	785	
67	0	44	step_2_no_load	5	6	0.537842745081	0.541854396676	5	750	1	
67	0	45	step_1_no_load	1	2	1	653	
67	0	45	step_2_no_load	3	4	0.620699591043	0.632991467829	3	679	1	
67	0	46	step_1_no_load	1	2	1	732	
67	0	46	step_2_no_load	3	4	0.654261318712	0.600964500555	3	828	1	
67	0	47	step_1_no_load	1	2	1	681	
67	0	47	step_2_no_load	3	4	0.634373567175	0.598724660986	3	855	1	
67	0	48	step_1_no_load	1	2	1	553	
67	0	48	step_2_no_load	3	4	0.657624935632	0.615767119776	3	722	1	
67	0	49	step_1_no_load	1	2	1	722	
67	0	49	step_2_no_load	3	4	0.614679490594	0.610193185592	3	676	1	
67	0	50	step_1_no_load	1	2	1	1107	
67	0	50	step_2_no_load	5	6	0.47381367271	0.481616544184	5	772	1	
67	0	51	step_1_no_load	1	2	1	546	
67	0	51	step_2_no_load	3	4	0.613357430892	0.564866799699	3	612	0	
67	0	52	step_1_no_load	1	2	1	480	
67	0	52	step_2_no_load	3	4	0.613408921915	0.539065404057	3	689	0	
67	0	53	step_1_no_load	1	2	1	509	
67	0	53	step_2_no_load	5	6	0.451905460347	0.475342927439	5	689	0	
67	0	54	step_1_no_load	1	2	2	969	
67	0	54	step_2_no_load	5	6	0.491512498697	0.493362545513	6	806	1	
67	0	55	step_1_no_load	1	2	2	661	
67	0	55	step_2_no_load	5	6	0.487025527704	0.526704292526	6	714	1	
67	0	56	step_1_no_load	1	2	2	657	
67	0	56	step_2_no_load	5	6	0.459773408493	0.538512915562	6	826	1	
67	0	57	step_1_no_load	1	2	2	1318	
67	0	57	step_2_no_load	3	4	0.586335094239	0.641849303307	4	668	1	
67	0	58	step_1_no_load	1	2	2	614	
67	0	58	step_2_no_load	5	6	0.478335218822	0.528376440027	6	596	1	
67	0	59	step_1_no_load	1	2	2	548	
67	0	59	step_2_no_load	5	6	0.480274332693	0.537400760025	6	686	0	
67	0	60	step_1_no_load	1	2	2	881	
67	0	60	step_2_no_load	5	6	0.491916707098	0.479287247283	6	785	0	
67	0	61	step_1_no_load	1	2	1	552	
67	0	61	step_2_no_load	5	6	0.464268875813	0.527144452559	5	600	0	
67	0	62	step_1_no_load	1	2	1	887	
67	0	62	step_2_no_load	5	6	0.50724109756	0.533031417444	5	699	1	
67	0	63	step_1_no_load	1	2	1	605	
67	0	63	step_2_no_load	3	4	0.642623127313	0.664284493458	3	580	1	
67	0	64	step_1_no_load	1	2	1	489	
67	0	64	step_2_no_load	5	6	0.555062911513	0.533849886794	5	472	0	
67	0	65	step_1_no_load	1	2	1	482	
67	0	65	step_2_no_load	3	4	0.619953360065	0.612660225018	3	562	1	
67	0	66	step_1_no_load	1	2	1	369	
67	0	66	step_2_no_load	3	4	0.630357351236	0.606938648072	3	526	1	
67	0	67	step_1_no_load	1	2	1	351	
67	0	67	step_2_no_load	3	4	0.674463681351	0.597650193897	3	670	1	
67	0	68	step_1_no_load	1	2	1	1128	
67	0	68	step_2_no_load	3	4	0.719455209845	0.622963076372	3	749	1	
67	0	69	step_1_no_load	1	2	1	492	
67	0	69	step_2_no_load	3	4	0.718756538957	0.622221685203	3	537	1	
67	0	70	step_1_no_load	1	2	1	456	
67	0	70	step_2_no_load	3	4	0.697741832068	0.637556284465	3	626	1	
67	0	71	step_1_no_load	1	2	1	761	
67	0	71	step_2_no_load	5	6	0.482863323776	0.546215110045	5	793	0	
67	0	72	step_1_no_load	1	2	1	737	
67	0	72	step_2_no_load	5	6	0.47409116389	0.556486305476	5	735	0	
67	0	73	step_1_no_load	1	2	2	541	
67	0	73	step_2_no_load	3	4	0.727961155836	0.657126403029	4	537	1	
67	0	74	step_1_no_load	1	2	2	578	
67	0	74	step_2_no_load	3	4	0.693624670847	0.614462146454	4	612	1	
67	0	75	step_1_no_load	1	2	2	542	
67	0	75	step_2_no_load	3	4	0.697629587097	0.615552849174	4	624	1	
67	0	76	step_1_no_load	1	2	2	559	
67	0	76	step_2_no_load	5	6	0.488583631821	0.518881389358	6	532	1	
67	0	77	step_1_no_load	1	2	2	696	
67	0	77	step_2_no_load	5	6	0.446809557226	0.538119616568	6	601	1	
67	0	78	step_1_no_load	1	2	2	704	
67	0	78	step_2_no_load	5	6	0.435911167612	0.538654072849	6	846	1	
67	0	79	step_1_no_load	1	2	2	820	
67	0	79	step_2_no_load	5	6	0.389124152368	0.540085062695	6	742	0	
67	0	80	step_1_no_load	1	2	2	670	
67	0	80	step_2_no_load	3	4	0.703969305517	0.518583383166	4	768	0	
67	0	81	step_1_no_load	1	2	1	534	
67	0	81	step_2_no_load	3	4	0.702400933084	0.529745690463	3	689	0	
67	0	82	step_1_no_load	1	2	1	1023	
67	0	82	step_2_no_load	5	6	0.395813831323	0.482727017837	5	664	0	
67	0	83	step_1_no_load	1	2	1	502	
67	0	83	step_2_no_load	3	4	0.726885136842	0.607907985871	3	547	1	
67	0	84	step_1_no_load	1	2	1	738	
67	0	84	step_2_no_load	3	4	0.731466635793	0.65843840156	3	608	1	
67	0	85	step_1_no_load	1	2	1	658	
67	0	85	step_2_no_load	3	4	0.712989604416	0.692384972752	3	613	1	
67	0	86	step_1_no_load	1	2	1	896	
67	0	86	step_2_no_load	5	6	0.345323068124	0.486462788728	5	748	1	
67	0	87	step_1_no_load	1	2	1	598	
67	0	87	step_2_no_load	3	4	0.690012761069	0.719375344246	3	717	1	
67	0	88	step_1_no_load	1	2	1	642	
67	0	88	step_2_no_load	5	6	0.377947492322	0.509563243675	5	513	0	
67	0	89	step_1_no_load	1	2	1	1040	
67	0	89	step_2_no_load	5	6	0.415882489686	0.490019385174	5	701	0	
67	0	90	step_1_no_load	1	2	1	642	
67	0	90	step_2_no_load	3	4	0.688736868033	0.712247848046	3	514	0	
67	0	91	step_1_no_load	1	2	2	679	
67	0	91	step_2_no_load	5	6	0.43534164751	0.479087223222	6	675	1	
67	0	92	step_1_no_load	1	2	2	636	
67	0	92	step_2_no_load	5	6	0.444368850664	0.484260039873	6	543	1	
67	0	93	step_1_no_load	1	2	2	969	
67	0	93	step_2_no_load	5	6	0.439878153082	0.473273727684	6	748	0	
67	0	94	step_1_no_load	1	2	1	626	
67	0	94	step_2_no_load	3	4	0.668295023896	0.719464414227	3	642	0	
67	0	95	step_1_no_load	1	2	1	534	
67	0	95	step_2_no_load	3	4	0.640209855442	0.715495469274	3	497	1	
67	0	96	step_1_no_load	1	2	1	517	
67	0	96	step_2_no_load	3	4	0.663095813561	0.693739812506	3	601	0	
67	0	97	step_1_no_load	1	2	1	655	
67	0	97	step_2_no_load	3	4	0.651202057411	0.681272614291	3	605	0	
67	0	98	step_1_no_load	1	2	1	392	
67	0	98	step_2_no_load	5	6	0.409778171713	0.431479829356	5	651	1	
67	0	99	step_1_no_load	1	2	1	509	
67	0	99	step_2_no_load	3	4	0.645191748454	0.673709850038	3	561	0	
67	0	100	step_1_no_load	1	2	2	663	
67	0	100	step_2_no_load	3	4	0.66579920021	0.666227451505	4	559	1	
67	0	101	step_1_no_load	1	2	2	612	
67	0	101	step_2_no_load	3	4	0.655903528958	0.623812401974	4	716	0	
67	0	102	step_1_no_load	1	2	1	532	
67	0	102	step_2_no_load	5	6	0.494584754513	0.326080462175	5	547	1	
67	0	103	step_1_no_load	1	2	1	466	
67	0	103	step_2_no_load	5	6	0.481975449893	0.322834495838	5	470	1	
67	0	104	step_1_no_load	1	2	1	454	
67	0	104	step_2_no_load	3	4	0.743372642809	0.703870701136	3	492	1	
67	0	105	step_1_no_load	1	2	1	438	
67	0	105	step_2_no_load	5	6	0.514318365187	0.352639603242	5	534	0	
67	0	106	step_1_no_load	1	2	2	892	
67	0	106	step_2_no_load	5	6	0.508908032404	0.374131494222	6	545	0	
67	0	107	step_1_no_load	1	2	-1	-1	
67	0	108	step_1_no_load	1	2	1	587	
67	0	108	step_2_no_load	3	4	0.681491063126	0.695928523711	3	1076	1	
67	0	109	step_1_no_load	1	2	1	506	
67	0	109	step_2_no_load	3	4	0.68658494263	0.71632547018	3	577	0	
67	0	110	step_1_no_load	1	2	1	1041	
67	0	110	step_2_no_load	3	4	0.65455226558	0.729599891941	3	594	1	
67	0	111	step_1_no_load	1	2	1	606	
67	0	111	step_2_no_load	5	6	0.384948378665	0.407158158569	5	566	1	
67	0	112	step_1_no_load	1	2	1	408	
67	0	112	step_2_no_load	3	4	0.635252945963	0.725701866094	3	545	1	
67	0	113	step_1_no_load	1	2	1	469	
67	0	113	step_2_no_load	3	4	0.634627459817	0.719324307956	3	658	0	
67	0	114	step_1_no_load	1	2	1	787	
67	0	114	step_2_no_load	3	4	0.657654904272	0.718213323791	3	687	1	
67	0	115	step_1_no_load	1	2	1	541	
67	0	115	step_2_no_load	3	4	0.645721217949	0.739704344621	3	528	0	
67	0	116	step_1_no_load	1	2	-1	-1	
67	0	117	step_1_no_load	1	2	-1	-1	
67	0	118	step_1_no_load	1	2	1	557	
67	0	118	step_2_no_load	5	6	0.357645851833	0.362977115924	5	948	0	
67	0	119	step_1_no_load	1	2	1	532	
67	0	119	step_2_no_load	3	4	0.661177321751	0.690424535099	3	448	1	
67	0	120	step_1_no_load	1	2	1	380	
67	0	120	step_2_no_load	3	4	0.666433355915	0.70587238626	3	419	1	
67	0	121	step_1_no_load	1	2	1	469	
67	0	121	step_2_no_load	3	4	0.671052306195	0.658856304095	3	492	0	
67	0	122	step_1_no_load	1	2	1	785	
67	0	122	step_2_no_load	3	4	0.672193618854	0.6136886145	3	702	0	
67	0	123	step_1_no_load	1	2	2	640	
67	0	123	step_2_no_load	3	4	0.664849878232	0.583607229978	4	481	0	
67	0	124	step_1_no_load	1	2	1	481	
67	0	124	step_2_no_load	3	4	0.624161788269	0.603013298253	3	537	0	
67	0	125	step_1_no_load	1	2	1	462	
67	0	125	step_2_no_load	3	4	0.633566302563	0.559596800931	3	492	0	
67	0	126	step_1_no_load	1	2	2	746	
67	0	126	step_2_no_load	3	4	0.600985760967	0.537863824328	4	548	0	
67	0	127	step_1_no_load	1	2	-1	-1	
67	0	128	step_1_no_load	1	2	1	604	
67	0	128	step_2_no_load	3	4	0.620672334996	0.636905534066	3	488	1	
67	0	129	step_1_no_load	1	2	1	597	
67	0	129	step_2_no_load	5	6	0.271709703542	0.268213321963	5	608	0	
67	0	130	step_1_no_load	1	2	1	402	
67	0	130	step_2_no_load	3	4	0.630285316669	0.682031489739	3	450	0	
67	0	131	step_1_no_load	1	2	1	397	
67	0	131	step_2_no_load	3	4	0.638450601212	0.678044920845	3	446	1	
67	0	132	step_1_no_load	1	2	1	610	
67	0	132	step_2_no_load	3	4	0.660013924697	0.668578020634	3	545	1	
67	0	133	step_1_no_load	1	2	1	494	
67	0	133	step_2_no_load	5	6	0.312642735495	0.315608831386	5	575	1	
67	0	134	step_1_no_load	1	2	1	342	
67	0	134	step_2_no_load	3	4	0.685529359147	0.621945110858	3	554	1	
67	0	135	step_1_no_load	1	2	-1	-1	
67	0	136	step_1_no_load	1	2	1	488	
67	0	136	step_2_no_load	3	4	0.674914008636	0.597814413435	3	679	1	
67	0	137	step_1_no_load	1	2	1	443	
67	0	137	step_2_no_load	3	4	0.668540846495	0.605896884497	3	468	1	
67	0	138	step_1_no_load	1	2	1	404	
67	0	138	step_2_no_load	3	4	0.688182193337	0.63240964674	3	499	1	
67	0	139	step_1_no_load	1	2	1	487	
67	0	139	step_2_no_load	5	6	0.323660750961	0.325611400511	5	597	0	
67	0	140	step_1_no_load	1	2	1	394	
67	0	140	step_2_no_load	3	4	0.637682840728	0.671213945178	3	508	0	
67	0	141	step_1_no_load	1	2	1	359	
67	0	141	step_2_no_load	3	4	0.616803346728	0.711987889705	3	443	0	
67	0	142	step_1_no_load	1	2	1	574	
67	0	142	step_2_no_load	5	6	0.304203281606	0.397052682821	5	474	1	
67	0	143	step_1_no_load	1	2	1	478	
67	0	143	step_2_no_load	3	4	0.610219102298	0.661365099615	3	502	1	
67	0	144	step_1_no_load	1	2	1	468	
67	0	144	step_2_no_load	3	4	0.639347300184	0.626443722248	3	493	1	
67	0	145	step_1_no_load	1	2	1	477	
67	0	145	step_2_no_load	3	4	0.606515632748	0.6669125229	3	438	1	
67	0	146	step_1_no_load	1	2	1	471	
67	0	146	step_2_no_load	3	4	0.593778463268	0.681611991725	3	390	1	
67	0	147	step_1_no_load	1	2	1	577	
67	0	147	step_2_no_load	3	4	0.594861186319	0.647798886916	3	770	1	
67	0	148	step_1_no_load	1	2	1	463	
67	0	148	step_2_no_load	3	4	0.648050021239	0.619272702026	3	535	1	
67	0	149	step_1_no_load	1	2	1	476	
67	0	149	step_2_no_load	3	4	0.623203869836	0.601870110183	3	517	1	
67	0	150	step_1_no_load	1	2	1	387	
67	0	150	step_2_no_load	3	4	0.605912419156	0.575985663078	3	452	0	
67	0	151	step_1_no_load	1	2	2	1092	
67	0	151	step_2_no_load	5	6	0.348172164421	0.310557101463	6	593	0	
67	0	152	step_1_no_load	1	2	1	620	
67	0	152	step_2_no_load	3	4	0.644204174791	0.595108765344	3	462	0	
67	0	153	step_1_no_load	1	2	1	1041	
67	0	153	step_2_no_load	3	4	0.681559292085	0.613336203392	3	931	1	
67	0	154	step_1_no_load	1	2	1	339	
67	0	154	step_2_no_load	3	4	0.671672162443	0.638934099562	3	384	0	
67	0	155	step_1_no_load	1	2	1	554	
67	0	155	step_2_no_load	3	4	0.716100930629	0.632486591889	3	512	1	
67	0	156	step_1_no_load	1	2	1	471	
67	0	156	step_2_no_load	5	6	0.32564867104	0.368378667812	5	578	1	
67	0	157	step_1_no_load	1	2	1	656	
67	0	157	step_2_no_load	3	4	0.720725456325	0.585191807512	3	450	0	
67	0	158	step_1_no_load	1	2	1	585	
67	0	158	step_2_no_load	3	4	0.694270715354	0.532722108502	3	714	1	
67	0	159	step_1_no_load	1	2	2	999	
67	0	159	step_2_no_load	5	6	0.413026375257	0.321150411254	6	668	0	
67	0	160	step_1_no_load	1	2	1	498	
67	0	160	step_2_no_load	5	6	0.415052912783	0.355992626298	5	502	0	
67	0	161	step_1_no_load	1	2	1	421	
67	0	161	step_2_no_load	5	6	0.407025633682	0.438878285506	5	471	0	
67	0	162	step_1_no_load	1	2	1	448	
67	0	162	step_2_no_load	3	4	0.695144769903	0.566496468084	3	543	0	
67	0	163	step_1_no_load	1	2	2	648	
67	0	163	step_2_no_load	5	6	0.395221309311	0.430920885959	6	718	1	
67	0	164	step_1_no_load	1	2	2	466	
67	0	164	step_2_no_load	5	6	0.432761720497	0.430844125626	6	556	1	
67	0	165	step_1_no_load	1	2	2	710	
67	0	165	step_2_no_load	5	6	0.463777557969	0.347974240867	6	569	0	
67	0	166	step_1_no_load	1	2	1	404	
67	0	166	step_2_no_load	3	4	0.686594248975	0.549095060025	3	403	1	
67	0	167	step_1_no_load	1	2	1	483	
67	0	167	step_2_no_load	3	4	0.706271792549	0.585131062446	3	432	1	
67	0	168	step_1_no_load	1	2	1	196	
67	0	168	step_2_no_load	3	4	0.67192508984	0.613361520676	3	451	1	
67	0	169	step_1_no_load	1	2	1	383	
67	0	169	step_2_no_load	3	4	0.704981910944	0.586049140041	3	434	1	
67	0	170	step_1_no_load	1	2	1	668	
67	0	170	step_2_no_load	3	4	0.67334314737	0.57151385403	3	1107	0	
67	0	171	step_1_no_load	1	2	1	769	
67	0	171	step_2_no_load	5	6	0.386979310814	0.425122034074	5	647	1	
67	0	172	step_1_no_load	1	2	1	542	
67	0	172	step_2_no_load	5	6	0.363617002148	0.490120307546	5	565	1	
67	0	173	step_1_no_load	1	2	1	876	
67	0	173	step_2_no_load	5	6	0.385349297983	0.462866379815	5	31	0	
67	0	174	step_1_no_load	1	2	1	487	
67	0	174	step_2_no_load	3	4	0.729877433725	0.472729524832	3	568	1	
67	0	175	step_1_no_load	1	2	1	446	
67	0	175	step_2_no_load	5	6	0.426185553904	0.484825491933	5	812	0	
67	0	176	step_1_no_load	1	2	1	14	
67	0	176	step_2_no_load	5	6	0.383231572002	0.500856457218	5	556	0	
67	0	177	step_1_no_load	1	2	1	416	
67	0	177	step_2_no_load	5	6	0.357425668099	0.4798184927	5	483	0	
67	0	178	step_1_no_load	1	2	1	391	
67	0	178	step_2_no_load	3	4	0.705993797498	0.493712351915	3	495	1	
67	0	179	step_1_no_load	1	2	1	465	
67	0	179	step_2_no_load	3	4	0.709345707515	0.457298770028	3	474	1	
67	0	180	step_1_no_load	1	2	1	482	
67	0	180	step_2_no_load	3	4	0.719795072986	0.482853857291	3	475	0	
67	0	181	step_1_no_load	1	2	2	782	
67	0	181	step_2_no_load	5	6	0.342402764747	0.480141179559	6	547	0	
67	0	182	step_1_no_load	1	2	2	777	
67	0	182	step_2_no_load	5	6	0.340533666308	0.49907747228	-1	-1	-1	
67	0	183	step_1_no_load	1	2	1	1026	
67	0	183	step_2_no_load	3	4	0.720388040749	0.502991759047	3	559	0	
67	0	184	step_1_no_load	1	2	1	497	
67	0	184	step_2_no_load	3	4	0.657291439324	0.460890977786	3	470	1	
67	0	185	step_1_no_load	1	2	1	654	
67	0	185	step_2_no_load	3	4	0.665622647081	0.479703516092	3	285	1	
67	0	186	step_1_no_load	1	2	1	520	
67	0	186	step_2_no_load	5	6	0.332733011923	0.484672582719	5	456	1	
67	0	187	step_1_no_load	1	2	1	373	
67	0	187	step_2_no_load	3	4	0.678211978625	0.443962917772	3	451	1	
67	0	188	step_1_no_load	1	2	1	411	
67	0	188	step_2_no_load	3	4	0.696362660087	0.471319680586	3	459	1	
67	0	189	step_1_no_load	1	2	1	769	
67	0	189	step_2_no_load	3	4	0.688353284054	0.448897869069	3	473	0	
67	0	190	step_1_no_load	1	2	1	480	
67	0	190	step_2_no_load	3	4	0.667655825994	0.433568856946	3	918	1	
67	0	191	step_1_no_load	1	2	1	455	
67	0	191	step_2_no_load	5	6	0.318839908867	0.512103523931	5	499	0	
67	0	192	step_1_no_load	1	2	1	542	
67	0	192	step_2_no_load	3	4	0.705517419189	0.450791310283	3	418	1	
67	0	193	step_1_no_load	1	2	1	390	
67	0	193	step_2_no_load	3	4	0.679792491164	0.440813209638	3	538	1	
67	0	194	step_1_no_load	1	2	1	654	
67	0	194	step_2_no_load	5	6	0.342437174514	0.505359594715	5	983	0	
67	0	195	step_1_no_load	1	2	2	811	
67	0	195	step_2_no_load	5	6	0.348571348505	0.494102184238	6	499	1	
67	0	196	step_1_no_load	1	2	2	509	
67	0	196	step_2_no_load	3	4	0.695101215304	0.421761207498	4	519	0	
67	0	197	step_1_no_load	1	2	1	387	
67	0	197	step_2_no_load	3	4	0.686552522522	0.422511153127	3	351	1	
67	0	198	step_1_no_load	1	2	1	446	
67	0	198	step_2_no_load	3	4	0.68660989813	0.397292432346	3	403	1	
67	0	199	step_1_no_load	1	2	1	630	
67	0	199	step_2_no_load	5	6	0.292861528884	0.529438031858	5	596	0	
67	0	200	step_1_no_load	1	2	-1	-1	

Tue Jul 11 11:25:24 2017
