Thu Jul 13 10:38:33 2017	
68	0	1	step_1_no_load	1	2	-1	-1	
68	0	2	step_1_no_load	1	2	2	385	
68	0	2	step_2_no_load	3	4	0.610961032466	0.533203491871	-1	-1	-1	
68	0	3	step_1_no_load	1	2	2	779	
68	0	3	step_2_no_load	3	4	0.589215227351	0.516002945397	3	407	1	
68	0	4	step_1_no_load	1	2	2	454	
68	0	4	step_2_no_load	5	6	0.597491569846	0.478607661228	5	462	0	
68	0	5	step_1_no_load	1	2	2	649	
68	0	5	step_2_no_load	5	6	0.623810210114	0.495568760483	5	596	1	
68	0	6	step_1_no_load	1	2	2	637	
68	0	6	step_2_no_load	5	6	0.585722686883	0.506877622204	5	697	1	
68	0	7	step_1_no_load	1	2	2	705	
68	0	7	step_2_no_load	3	4	0.622642364361	0.506408070053	3	758	0	
68	0	8	step_1_no_load	1	2	2	460	
68	0	8	step_2_no_load	5	6	0.59128639594	0.489816616396	5	1196	0	
68	0	9	step_1_no_load	1	2	2	657	
68	0	9	step_2_no_load	5	6	0.598049061473	0.496546708465	5	667	0	
68	0	10	step_1_no_load	1	2	2	933	
68	0	10	step_2_no_load	5	6	0.652626043146	0.482364178155	-1	-1	-1	
68	0	11	step_1_no_load	1	2	2	693	
68	0	11	step_2_no_load	5	6	0.69163818036	0.477013315682	5	491	1	
68	0	12	step_1_no_load	1	2	2	443	
68	0	12	step_2_no_load	3	4	0.552770607849	0.597131918027	3	421	0	
68	0	13	step_1_no_load	1	2	2	551	
68	0	13	step_2_no_load	5	6	0.653587098421	0.52012981853	6	1204	1	
68	0	14	step_1_no_load	1	2	2	766	
68	0	14	step_2_no_load	3	4	0.545555696267	0.611256675753	3	817	1	
68	0	15	step_1_no_load	1	2	2	667	
68	0	15	step_2_no_load	5	6	0.612260006668	0.505377237737	6	907	0	
68	0	16	step_1_no_load	1	2	2	394	
68	0	16	step_2_no_load	5	6	0.628091198119	0.510958036527	5	646	0	
68	0	17	step_1_no_load	1	2	2	400	
68	0	17	step_2_no_load	5	6	0.633350170016	0.535958400205	6	574	1	
68	0	18	step_1_no_load	1	2	-1	-1	
68	0	19	step_1_no_load	1	2	2	577	
68	0	19	step_2_no_load	5	6	0.619895761657	0.498240186199	6	678	1	
68	0	20	step_1_no_load	1	2	2	554	
68	0	20	step_2_no_load	5	6	0.636521555122	0.478025448397	6	747	0	
68	0	21	step_1_no_load	1	2	2	593	
68	0	21	step_2_no_load	3	4	0.470207377245	0.611328949295	3	727	1	
68	0	22	step_1_no_load	1	2	2	432	
68	0	22	step_2_no_load	5	6	0.621949894727	0.506100011497	5	640	0	
68	0	23	step_1_no_load	1	2	2	635	
68	0	23	step_2_no_load	5	6	0.640163623731	0.520606588181	5	467	0	
68	0	24	step_1_no_load	1	2	2	0	
68	0	24	step_2_no_load	5	6	0.582115115688	0.505388876622	6	1168	0	
68	0	25	step_1_no_load	1	2	2	477	
68	0	25	step_2_no_load	5	6	0.565698722896	0.503316372362	5	349	1	
68	0	26	step_1_no_load	1	2	2	368	
68	0	26	step_2_no_load	5	6	0.592410219737	0.511744353778	5	393	1	
68	0	27	step_1_no_load	1	2	2	902	
68	0	27	step_2_no_load	5	6	0.57860777711	0.507272671939	5	848	1	
68	0	28	step_1_no_load	1	2	2	405	
68	0	28	step_2_no_load	5	6	0.588356036098	0.520177259699	5	724	1	
68	0	29	step_1_no_load	1	2	2	611	
68	0	29	step_2_no_load	3	4	0.561957580386	0.618626354124	3	628	0	
68	0	30	step_1_no_load	1	2	2	457	
68	0	30	step_2_no_load	5	6	0.608245979832	0.4919199548	6	376	0	
68	0	31	step_1_no_load	1	2	2	518	
68	0	31	step_2_no_load	5	6	0.636602545794	0.483156722265	5	199	1	
68	0	32	step_1_no_load	1	2	2	577	
68	0	32	step_2_no_load	5	6	0.634585171267	0.520318771114	5	593	0	
68	0	33	step_1_no_load	1	2	2	463	
68	0	33	step_2_no_load	5	6	0.611700032906	0.487664344039	5	793	1	
68	0	34	step_1_no_load	1	2	2	620	
68	0	34	step_2_no_load	3	4	0.538523758058	0.670290552209	3	1117	1	
68	0	35	step_1_no_load	1	2	2	611	
68	0	35	step_2_no_load	5	6	0.566827313385	0.491437207585	5	1193	0	
68	0	36	step_1_no_load	1	2	2	476	
68	0	36	step_2_no_load	3	4	0.611274573488	0.661229326326	4	1031	1	
68	0	37	step_1_no_load	1	2	2	413	
68	0	37	step_2_no_load	5	6	0.513822304161	0.543074626387	5	1108	1	
68	0	38	step_1_no_load	1	2	2	440	
68	0	38	step_2_no_load	5	6	0.539078491643	0.553931241266	6	769	0	
68	0	39	step_1_no_load	1	2	2	588	
68	0	39	step_2_no_load	3	4	0.610601635554	0.634483337633	3	657	1	
68	0	40	step_1_no_load	1	2	2	610	
68	0	40	step_2_no_load	3	4	0.607992802154	0.636994900683	3	1172	1	
68	0	41	step_1_no_load	1	2	2	547	
68	0	41	step_2_no_load	3	4	0.588857868869	0.633285941184	4	934	1	
68	0	42	step_1_no_load	1	2	2	495	
68	0	42	step_2_no_load	5	6	0.533857158543	0.553461946234	-1	-1	-1	
68	0	43	step_1_no_load	1	2	2	508	
68	0	43	step_2_no_load	5	6	0.553703096215	0.548128010644	6	607	0	
68	0	44	step_1_no_load	1	2	2	358	
68	0	44	step_2_no_load	5	6	0.541854396676	0.537842745081	5	561	0	
68	0	45	step_1_no_load	1	2	2	339	
68	0	45	step_2_no_load	5	6	0.579346234508	0.5288039409	6	791	1	
68	0	46	step_1_no_load	1	2	2	402	
68	0	46	step_2_no_load	5	6	0.55511883717	0.532238720495	6	500	1	
68	0	47	step_1_no_load	1	2	2	370	
68	0	47	step_2_no_load	5	6	0.546259467838	0.493112702321	6	498	1	
68	0	48	step_1_no_load	1	2	2	711	
68	0	48	step_2_no_load	5	6	0.534690828011	0.488280685105	6	556	1	
68	0	49	step_1_no_load	1	2	2	445	
68	0	49	step_2_no_load	5	6	0.512405963374	0.489287375157	6	598	1	
68	0	50	step_1_no_load	1	2	2	960	
68	0	50	step_2_no_load	5	6	0.481616544184	0.47381367271	6	551	0	
68	0	51	step_1_no_load	1	2	2	456	
68	0	51	step_2_no_load	3	4	0.564866799699	0.613357430892	3	1034	0	
68	0	52	step_1_no_load	1	2	2	458	
68	0	52	step_2_no_load	5	6	0.513589895419	0.429622901875	6	974	0	
68	0	53	step_1_no_load	1	2	2	510	
68	0	53	step_2_no_load	5	6	0.475342927439	0.451905460347	5	1162	0	
68	0	54	step_1_no_load	1	2	2	415	
68	0	54	step_2_no_load	5	6	0.493362545513	0.491512498697	6	1267	0	
68	0	55	step_1_no_load	1	2	2	587	
68	0	55	step_2_no_load	5	6	0.526704292526	0.487025527704	5	1472	0	
68	0	56	step_1_no_load	1	2	2	947	
68	0	56	step_2_no_load	5	6	0.538512915562	0.459773408493	6	645	0	
68	0	57	step_1_no_load	1	2	2	881	
68	0	57	step_2_no_load	5	6	0.516475618243	0.466449077359	5	554	1	
68	0	58	step_1_no_load	1	2	2	635	
68	0	58	step_2_no_load	3	4	0.664682809182	0.610896130115	4	748	0	
68	0	59	step_1_no_load	1	2	2	415	
68	0	59	step_2_no_load	5	6	0.537400760025	0.480274332693	6	751	1	
68	0	60	step_1_no_load	1	2	2	510	
68	0	60	step_2_no_load	5	6	0.479287247283	0.491916707098	6	648	0	
68	0	61	step_1_no_load	1	2	2	362	
68	0	61	step_2_no_load	5	6	0.527144452559	0.464268875813	5	975	1	
68	0	62	step_1_no_load	1	2	2	453	
68	0	62	step_2_no_load	5	6	0.533031417444	0.50724109756	5	539	0	
68	0	63	step_1_no_load	1	2	2	829	
68	0	63	step_2_no_load	5	6	0.519445130796	0.53192660365	5	731	0	
68	0	64	step_1_no_load	1	2	-1	-1	
68	0	65	step_1_no_load	1	2	2	642	
68	0	65	step_2_no_load	3	4	0.612660225018	0.619953360065	4	743	1	
68	0	66	step_1_no_load	1	2	2	355	
68	0	66	step_2_no_load	5	6	0.555324764318	0.573761869714	5	1263	1	
68	0	67	step_1_no_load	1	2	2	470	
68	0	67	step_2_no_load	5	6	0.538279387614	0.542076810516	5	1206	1	
68	0	68	step_1_no_load	1	2	2	797	
68	0	68	step_2_no_load	3	4	0.622963076372	0.719455209845	4	870	1	
68	0	69	step_1_no_load	1	2	2	351	
68	0	69	step_2_no_load	5	6	0.560462111264	0.499137600991	6	735	1	
68	0	70	step_1_no_load	1	2	2	747	
68	0	70	step_2_no_load	5	6	0.548075770764	0.498834901463	6	794	0	
68	0	71	step_1_no_load	1	2	2	477	
68	0	71	step_2_no_load	5	6	0.546215110045	0.482863323776	5	740	1	
68	0	72	step_1_no_load	1	2	2	599	
68	0	72	step_2_no_load	3	4	0.626024641967	0.705884789502	3	508	0	
68	0	73	step_1_no_load	1	2	2	306	
68	0	73	step_2_no_load	5	6	0.50185699984	0.435957313805	6	1127	0	
68	0	74	step_1_no_load	1	2	2	786	
68	0	74	step_2_no_load	5	6	0.491044983779	0.453420386428	5	639	0	
68	0	75	step_1_no_load	1	2	2	460	
68	0	75	step_2_no_load	5	6	0.483983914712	0.44832280175	6	715	1	
68	0	76	step_1_no_load	1	2	2	743	
68	0	76	step_2_no_load	5	6	0.518881389358	0.488583631821	5	1435	1	
68	0	77	step_1_no_load	1	2	2	357	
68	0	77	step_2_no_load	3	4	0.564257587118	0.679737625371	4	589	1	
68	0	78	step_1_no_load	1	2	2	472	
68	0	78	step_2_no_load	5	6	0.538654072849	0.435911167612	6	512	0	
68	0	79	step_1_no_load	1	2	2	470	
68	0	79	step_2_no_load	5	6	0.540085062695	0.389124152368	6	475	0	
68	0	80	step_1_no_load	1	2	2	650	
68	0	80	step_2_no_load	5	6	0.49921021142	0.396016175285	5	585	1	
68	0	81	step_1_no_load	1	2	2	433	
68	0	81	step_2_no_load	3	4	0.529745690463	0.702400933084	4	677	0	
68	0	82	step_1_no_load	1	2	2	648	
68	0	82	step_2_no_load	5	6	0.482727017837	0.395813831323	5	610	0	
68	0	83	step_1_no_load	1	2	2	469	
68	0	83	step_2_no_load	5	6	0.483255412498	0.382772464038	6	1116	0	
68	0	84	step_1_no_load	1	2	2	528	
68	0	84	step_2_no_load	5	6	0.505586222209	0.385087938645	5	613	1	
68	0	85	step_1_no_load	1	2	2	611	
68	0	85	step_2_no_load	5	6	0.485785534744	0.384458259121	5	627	1	
68	0	86	step_1_no_load	1	2	2	740	
68	0	86	step_2_no_load	5	6	0.486462788728	0.345323068124	5	565	0	
68	0	87	step_1_no_load	1	2	2	627	
68	0	87	step_2_no_load	3	4	0.719375344246	0.690012761069	4	560	0	
68	0	88	step_1_no_load	1	2	2	349	
68	0	88	step_2_no_load	5	6	0.509563243675	0.377947492322	5	579	1	
68	0	89	step_1_no_load	1	2	2	639	
68	0	89	step_2_no_load	5	6	0.490019385174	0.415882489686	5	786	0	
68	0	90	step_1_no_load	1	2	1	883	
68	0	90	step_2_no_load	3	4	0.712247848046	0.688736868033	4	602	0	
68	0	91	step_1_no_load	1	2	1	901	
68	0	91	step_2_no_load	3	4	0.685023809334	0.657820521772	4	862	1	
68	0	92	step_1_no_load	1	2	1	712	
68	0	92	step_2_no_load	3	4	0.692406274724	0.679381608313	4	865	0	
68	0	93	step_1_no_load	1	2	2	361	
68	0	93	step_2_no_load	5	6	0.473273727684	0.439878153082	5	357	0	
68	0	94	step_1_no_load	1	2	-1	-1	
68	0	95	step_1_no_load	1	2	2	727	
68	0	95	step_2_no_load	5	6	0.42505578884	0.427150666411	6	610	0	
68	0	96	step_1_no_load	1	2	2	716	
68	0	96	step_2_no_load	3	4	0.693739812506	0.663095813561	3	368	1	
68	0	97	step_1_no_load	1	2	2	602	
68	0	97	step_2_no_load	5	6	0.455601814112	0.392885664353	5	344	0	
68	0	98	step_1_no_load	1	2	2	612	
68	0	98	step_2_no_load	5	6	0.431479829356	0.409778171713	6	614	0	
68	0	99	step_1_no_load	1	2	-1	-1	
68	0	100	step_1_no_load	1	2	2	469	
68	0	100	step_2_no_load	3	4	0.666227451505	0.66579920021	4	760	1	
68	0	101	step_1_no_load	1	2	2	643	
68	0	101	step_2_no_load	3	4	0.623812401974	0.655903528958	4	648	0	
68	0	102	step_1_no_load	1	2	2	439	
68	0	102	step_2_no_load	3	4	0.666304534392	0.663124617603	3	422	1	
68	0	103	step_1_no_load	1	2	2	719	
68	0	103	step_2_no_load	5	6	0.322834495838	0.481975449893	6	582	0	
68	0	104	step_1_no_load	1	2	2	642	
68	0	104	step_2_no_load	3	4	0.703870701136	0.743372642809	3	704	1	
68	0	105	step_1_no_load	1	2	2	424	
68	0	105	step_2_no_load	3	4	0.689135357059	0.722851301692	3	690	1	
68	0	106	step_1_no_load	1	2	2	450	
68	0	106	step_2_no_load	3	4	0.712883638252	0.699623252899	4	770	0	
68	0	107	step_1_no_load	1	2	2	569	
68	0	107	step_2_no_load	5	6	0.388257337796	0.565220528809	5	653	0	
68	0	108	step_1_no_load	1	2	2	717	
68	0	108	step_2_no_load	5	6	0.388185708856	0.526955028982	6	561	1	
68	0	109	step_1_no_load	1	2	2	681	
68	0	109	step_2_no_load	5	6	0.372328831887	0.479977531501	6	779	1	
68	0	110	step_1_no_load	1	2	2	693	
68	0	110	step_2_no_load	3	4	0.729599891941	0.65455226558	3	923	1	
68	0	111	step_1_no_load	1	2	1	1245	
68	0	111	step_2_no_load	3	4	0.724852671171	0.634599547742	4	580	1	
68	0	112	step_1_no_load	1	2	2	583	
68	0	112	step_2_no_load	3	4	0.725701866094	0.635252945963	4	625	1	
68	0	113	step_1_no_load	1	2	2	643	
68	0	113	step_2_no_load	3	4	0.719324307956	0.634627459817	3	413	0	
68	0	114	step_1_no_load	1	2	2	495	
68	0	114	step_2_no_load	5	6	0.384736699284	0.380324086676	5	618	0	
68	0	115	step_1_no_load	1	2	2	178	
68	0	115	step_2_no_load	5	6	0.357661171116	0.390027643099	6	528	0	
68	0	116	step_1_no_load	1	2	2	565	
68	0	116	step_2_no_load	3	4	0.706736514943	0.680124293449	3	383	1	
68	0	117	step_1_no_load	1	2	2	438	
68	0	117	step_2_no_load	5	6	0.363056877927	0.374621793791	6	975	1	
68	0	118	step_1_no_load	1	2	2	796	
68	0	118	step_2_no_load	5	6	0.362977115924	0.357645851833	5	977	0	
68	0	119	step_1_no_load	1	2	1	1391	
68	0	119	step_2_no_load	5	6	0.358243439099	0.357515098446	6	1382	1	
68	0	120	step_1_no_load	1	2	1	591	
68	0	120	step_2_no_load	3	4	0.70587238626	0.666433355915	3	826	1	
68	0	121	step_1_no_load	1	2	2	443	
68	0	121	step_2_no_load	5	6	0.310775244958	0.352721767208	6	513	1	
68	0	122	step_1_no_load	1	2	1	689	
68	0	122	step_2_no_load	5	6	0.266650857402	0.329624572119	5	860	0	
68	0	123	step_1_no_load	1	2	2	465	
68	0	123	step_2_no_load	3	4	0.583607229978	0.664849878232	4	447	0	
68	0	124	step_1_no_load	1	2	2	426	
68	0	124	step_2_no_load	3	4	0.603013298253	0.624161788269	4	1002	1	
68	0	125	step_1_no_load	1	2	2	601	
68	0	125	step_2_no_load	3	4	0.559596800931	0.633566302563	3	708	1	
68	0	126	step_1_no_load	1	2	2	663	
68	0	126	step_2_no_load	5	6	0.267206368684	0.300846667696	5	1157	0	
68	0	127	step_1_no_load	1	2	2	577	
68	0	127	step_2_no_load	5	6	0.273483952592	0.274944938508	6	762	0	
68	0	128	step_1_no_load	1	2	2	536	
68	0	128	step_2_no_load	3	4	0.636905534066	0.620672334996	4	882	1	
68	0	129	step_1_no_load	1	2	2	724	
68	0	129	step_2_no_load	5	6	0.268213321963	0.271709703542	6	541	1	
68	0	130	step_1_no_load	1	2	2	644	
68	0	130	step_2_no_load	5	6	0.267460866951	0.274560758494	5	421	0	
68	0	131	step_1_no_load	1	2	2	421	
68	0	131	step_2_no_load	5	6	0.281500842289	0.311475039155	6	363	0	
68	0	132	step_1_no_load	1	2	2	391	
68	0	132	step_2_no_load	3	4	0.668578020634	0.660013924697	3	428	1	
68	0	133	step_1_no_load	1	2	2	904	
68	0	133	step_2_no_load	3	4	0.617383991623	0.691649444281	3	553	1	
68	0	134	step_1_no_load	1	2	1	730	
68	0	134	step_2_no_load	3	4	0.621945110858	0.685529359147	3	789	1	
68	0	135	step_1_no_load	1	2	2	856	
68	0	135	step_2_no_load	3	4	0.593710006149	0.700779221781	3	772	1	
68	0	136	step_1_no_load	1	2	2	539	
68	0	136	step_2_no_load	5	6	0.307766925452	0.284521085726	6	555	0	
68	0	137	step_1_no_load	1	2	2	582	
68	0	137	step_2_no_load	5	6	0.346433498467	0.325016613024	5	806	0	
68	0	138	step_1_no_load	1	2	2	746	
68	0	138	step_2_no_load	5	6	0.366701525561	0.307694123906	6	1313	1	
68	0	139	step_1_no_load	1	2	2	588	
68	0	139	step_2_no_load	3	4	0.636630981281	0.696355985729	3	1113	0	
68	0	140	step_1_no_load	1	2	1	913	
68	0	140	step_2_no_load	3	4	0.671213945178	0.637682840728	4	653	0	
68	0	141	step_1_no_load	1	2	1	800	
68	0	141	step_2_no_load	3	4	0.711987889705	0.616803346728	3	443	1	
68	0	142	step_1_no_load	1	2	1	826	
68	0	142	step_2_no_load	3	4	0.690276058009	0.627356259123	3	536	0	
68	0	143	step_1_no_load	1	2	1	717	
68	0	143	step_2_no_load	3	4	0.661365099615	0.610219102298	3	1049	1	
68	0	144	step_1_no_load	1	2	1	464	
68	0	144	step_2_no_load	3	4	0.626443722248	0.639347300184	4	935	0	
68	0	145	step_1_no_load	1	2	2	1232	
68	0	145	step_2_no_load	5	6	0.355256413269	0.266265924094	6	737	1	
68	0	146	step_1_no_load	1	2	2	427	
68	0	146	step_2_no_load	5	6	0.320877500969	0.257861956214	6	474	0	
68	0	147	step_1_no_load	1	2	2	607	
68	0	147	step_2_no_load	5	6	0.352879785946	0.265578160642	6	1102	0	
68	0	148	step_1_no_load	1	2	2	579	
68	0	148	step_2_no_load	5	6	0.311162711725	0.305288021243	5	379	0	
68	0	149	step_1_no_load	1	2	2	0	
68	0	149	step_2_no_load	3	4	0.601870110183	0.623203869836	4	804	1	
68	0	150	step_1_no_load	1	2	2	493	
68	0	150	step_2_no_load	5	6	0.306860041627	0.305587692243	5	696	1	
68	0	151	step_1_no_load	1	2	2	503	
68	0	151	step_2_no_load	5	6	0.310557101463	0.348172164421	5	594	0	
68	0	152	step_1_no_load	1	2	2	516	
68	0	152	step_2_no_load	5	6	0.323194010514	0.307702500543	6	676	0	
68	0	153	step_1_no_load	1	2	1	502	
68	0	153	step_2_no_load	3	4	0.613336203392	0.681559292085	3	595	1	
68	0	154	step_1_no_load	1	2	2	478	
68	0	154	step_2_no_load	5	6	0.348349389262	0.316375537537	6	623	1	
68	0	155	step_1_no_load	1	2	2	707	
68	0	155	step_2_no_load	5	6	0.372188990474	0.296093457977	5	601	0	
68	0	156	step_1_no_load	1	2	1	1273	
68	0	156	step_2_no_load	5	6	0.368378667812	0.32564867104	6	527	1	
68	0	157	step_1_no_load	1	2	2	809	
68	0	157	step_2_no_load	3	4	0.585191807512	0.720725456325	3	699	1	
68	0	158	step_1_no_load	1	2	2	477	
68	0	158	step_2_no_load	5	6	0.334595868098	0.408728803896	5	455	0	
68	0	159	step_1_no_load	1	2	2	684	
68	0	159	step_2_no_load	3	4	0.541222065796	0.697903160072	3	629	0	
68	0	160	step_1_no_load	1	2	2	41	
68	0	160	step_2_no_load	5	6	0.355992626298	0.415052912783	6	352	1	
68	0	161	step_1_no_load	1	2	1	385	
68	0	161	step_2_no_load	3	4	0.516036498158	0.719896286569	4	358	1	
68	0	162	step_1_no_load	1	2	2	495	
68	0	162	step_2_no_load	5	6	0.455329532209	0.3926701003	5	357	0	
68	0	163	step_1_no_load	1	2	2	831	
68	0	163	step_2_no_load	3	4	0.5863391277	0.697095951435	3	331	0	
68	0	164	step_1_no_load	1	2	2	474	
68	0	164	step_2_no_load	5	6	0.430844125626	0.432761720497	5	359	0	
68	0	165	step_1_no_load	1	2	2	0	
68	0	165	step_2_no_load	3	4	0.538026607649	0.717506143195	4	410	1	
68	0	166	step_1_no_load	1	2	2	608	
68	0	166	step_2_no_load	3	4	0.549095060025	0.686594248975	4	842	1	
68	0	167	step_1_no_load	1	2	1	790	
68	0	167	step_2_no_load	3	4	0.585131062446	0.706271792549	3	405	1	
68	0	168	step_1_no_load	1	2	1	521	
68	0	168	step_2_no_load	5	6	0.335777599654	0.400817642375	6	731	1	
68	0	169	step_1_no_load	1	2	1	653	
68	0	169	step_2_no_load	5	6	0.365156560071	0.42098542374	6	697	0	
68	0	170	step_1_no_load	1	2	2	510	
68	0	170	step_2_no_load	5	6	0.364989630435	0.411067820436	6	837	1	
68	0	171	step_1_no_load	1	2	2	716	
68	0	171	step_2_no_load	5	6	0.425122034074	0.386979310814	5	498	0	
68	0	172	step_1_no_load	1	2	1	705	
68	0	172	step_2_no_load	3	4	0.519090471457	0.668669556875	4	323	1	
68	0	173	step_1_no_load	1	2	2	538	
68	0	173	step_2_no_load	3	4	0.484428109849	0.667027212577	3	1315	1	
68	0	174	step_1_no_load	1	2	2	425	
68	0	174	step_2_no_load	5	6	0.46236234172	0.387867297446	5	545	0	
68	0	175	step_1_no_load	1	2	2	454	
68	0	175	step_2_no_load	5	6	0.484825491933	0.426185553904	5	523	1	
68	0	176	step_1_no_load	1	2	2	487	
68	0	176	step_2_no_load	5	6	0.500856457218	0.383231572002	5	510	0	
68	0	177	step_1_no_load	1	2	2	463	
68	0	177	step_2_no_load	5	6	0.4798184927	0.357425668099	5	527	0	
68	0	178	step_1_no_load	1	2	2	399	
68	0	178	step_2_no_load	5	6	0.49020858644	0.36473828006	6	573	1	
68	0	179	step_1_no_load	1	2	1	479	
68	0	179	step_2_no_load	3	4	0.457298770028	0.709345707515	4	612	0	
68	0	180	step_1_no_load	1	2	1	540	
68	0	180	step_2_no_load	5	6	0.489345734128	0.341214611607	6	568	0	
68	0	181	step_1_no_load	1	2	1	490	
68	0	181	step_2_no_load	5	6	0.480141179559	0.342402764747	5	536	1	
68	0	182	step_1_no_load	1	2	1	570	
68	0	182	step_2_no_load	5	6	0.49907747228	0.340533666308	5	336	1	
68	0	183	step_1_no_load	1	2	2	413	
68	0	183	step_2_no_load	3	4	0.502991759047	0.720388040749	3	566	1	
68	0	184	step_1_no_load	1	2	2	538	
68	0	184	step_2_no_load	5	6	0.480863422096	0.362743255194	5	564	0	
68	0	185	step_1_no_load	1	2	2	422	
68	0	185	step_2_no_load	3	4	0.479703516092	0.665622647081	4	487	1	
68	0	186	step_1_no_load	1	2	2	450	
68	0	186	step_2_no_load	5	6	0.484672582719	0.332733011923	5	852	0	
68	0	187	step_1_no_load	1	2	2	402	
68	0	187	step_2_no_load	5	6	0.498596507669	0.328890769988	6	1028	0	
68	0	188	step_1_no_load	1	2	2	414	
68	0	188	step_2_no_load	3	4	0.471319680586	0.696362660087	4	755	1	
68	0	189	step_1_no_load	1	2	2	432	
68	0	189	step_2_no_load	5	6	0.534753756004	0.285168135955	5	735	1	
68	0	190	step_1_no_load	1	2	1	928	
68	0	190	step_2_no_load	3	4	0.433568856946	0.667655825994	4	783	0	
68	0	191	step_1_no_load	1	2	1	753	
68	0	191	step_2_no_load	3	4	0.435748387321	0.664271461991	3	536	0	
68	0	192	step_1_no_load	1	2	2	437	
68	0	192	step_2_no_load	5	6	0.493851022417	0.299297135717	6	517	0	
68	0	193	step_1_no_load	1	2	1	610	
68	0	193	step_2_no_load	3	4	0.440813209638	0.679792491164	3	899	0	
68	0	194	step_1_no_load	1	2	2	505	
68	0	194	step_2_no_load	5	6	0.505359594715	0.342437174514	6	393	0	
68	0	195	step_1_no_load	1	2	2	328	
68	0	195	step_2_no_load	5	6	0.494102184238	0.348571348505	5	598	1	
68	0	196	step_1_no_load	1	2	2	1276	
68	0	196	step_2_no_load	3	4	0.421761207498	0.695101215304	4	999	1	
68	0	197	step_1_no_load	1	2	2	502	
68	0	197	step_2_no_load	3	4	0.422511153127	0.686552522522	4	947	1	
68	0	198	step_1_no_load	1	2	2	354	
68	0	198	step_2_no_load	5	6	0.485065498391	0.303352625941	5	642	1	
68	0	199	step_1_no_load	1	2	1	510	
68	0	199	step_2_no_load	3	4	0.39793773834	0.73697129762	3	699	1	
68	0	200	step_1_no_load	1	2	2	375	
68	0	200	step_2_no_load	3	4	0.372436949782	0.728996708473	4	897	1	

Thu Jul 13 10:56:18 2017
