Tue Jul 18 11:55:09 2017	
69	0	1	step_1_no_load	1	2	2	1150	
69	0	1	step_2_no_load	3	4	0.594299910136	0.457620150462	3	701	1	
69	0	2	step_1_no_load	1	2	1	416	
69	0	2	step_2_no_load	5	6	0.580156942153	0.533203491871	6	394	1	
69	0	3	step_1_no_load	1	2	1	273	
69	0	3	step_2_no_load	5	6	0.584197065669	0.516002945397	6	745	1	
69	0	4	step_1_no_load	1	2	2	287	
69	0	4	step_2_no_load	5	6	0.597491569846	0.494597764192	6	889	0	
69	0	5	step_1_no_load	1	2	2	383	
69	0	5	step_2_no_load	5	6	0.623810210114	0.543908521457	6	717	0	
69	0	6	step_1_no_load	1	2	2	364	
69	0	6	step_2_no_load	5	6	0.585722686883	0.490454120702	6	389	1	
69	0	7	step_1_no_load	1	2	1	411	
69	0	7	step_2_no_load	3	4	0.622642364361	0.500071913476	3	385	0	
69	0	8	step_1_no_load	1	2	1	354	
69	0	8	step_2_no_load	3	4	0.624210374623	0.489816616396	3	571	1	
69	0	9	step_1_no_load	1	2	1	497	
69	0	9	step_2_no_load	3	4	0.641106877158	0.496546708465	3	533	0	
69	0	10	step_1_no_load	1	2	1	373	
69	0	10	step_2_no_load	3	4	0.636063269715	0.482364178155	3	392	1	
69	0	11	step_1_no_load	1	2	1	392	
69	0	11	step_2_no_load	5	6	0.69163818036	0.59022801242	6	757	1	
69	0	12	step_1_no_load	1	2	2	254	
69	0	12	step_2_no_load	5	6	0.682786328054	0.597131918027	6	542	1	
69	0	13	step_1_no_load	1	2	2	273	
69	0	13	step_2_no_load	3	4	0.558313135925	0.52012981853	3	604	0	
69	0	14	step_1_no_load	1	2	2	328	
69	0	14	step_2_no_load	5	6	0.629137942344	0.611256675753	6	597	1	
69	0	15	step_1_no_load	1	2	1	251	
69	0	15	step_2_no_load	5	6	0.612260006668	0.633564630036	6	371	1	
69	0	16	step_1_no_load	1	2	1	245	
69	0	16	step_2_no_load	5	6	0.628091198119	0.626326396372	6	537	1	
69	0	17	step_1_no_load	1	2	1	379	
69	0	17	step_2_no_load	3	4	0.562895132605	0.535958400205	3	915	1	
69	0	18	step_1_no_load	1	2	2	223	
69	0	18	step_2_no_load	5	6	0.626834332012	0.626895526976	6	369	0	
69	0	19	step_1_no_load	1	2	2	253	
69	0	19	step_2_no_load	5	6	0.619895761657	0.644773170243	5	364	1	
69	0	20	step_1_no_load	1	2	2	297	
69	0	20	step_2_no_load	3	4	0.491720931314	0.478025448397	4	801	1	
69	0	21	step_1_no_load	1	2	1	414	
69	0	21	step_2_no_load	3	4	0.470207377245	0.49769376036	3	857	1	
69	0	22	step_1_no_load	1	2	-1	-1	
69	0	23	step_1_no_load	1	2	2	346	
69	0	23	step_2_no_load	5	6	0.640163623731	0.604065470975	6	691	1	
69	0	24	step_1_no_load	1	2	2	369	
69	0	24	step_2_no_load	5	6	0.582115115688	0.5800912085	5	1016	1	
69	0	25	step_1_no_load	1	2	2	347	
69	0	25	step_2_no_load	5	6	0.565698722896	0.629917901014	6	1052	1	
69	0	26	step_1_no_load	1	2	2	440	
69	0	26	step_2_no_load	5	6	0.592410219737	0.640635035276	6	964	1	
69	0	27	step_1_no_load	1	2	2	490	
69	0	27	step_2_no_load	5	6	0.57860777711	0.642144756622	6	762	1	
69	0	28	step_1_no_load	1	2	1	366	
69	0	28	step_2_no_load	5	6	0.588356036098	0.647441527317	6	749	0	
69	0	29	step_1_no_load	1	2	1	376	
69	0	29	step_2_no_load	3	4	0.561957580386	0.521159009103	4	589	0	
69	0	30	step_1_no_load	1	2	2	284	
69	0	30	step_2_no_load	3	4	0.574272497114	0.4919199548	3	750	1	
69	0	31	step_1_no_load	1	2	2	469	
69	0	31	step_2_no_load	5	6	0.636602545794	0.606122691795	6	1351	0	
69	0	32	step_1_no_load	1	2	1	407	
69	0	32	step_2_no_load	3	4	0.522993086096	0.520318771114	3	604	1	
69	0	33	step_1_no_load	1	2	1	274	
69	0	33	step_2_no_load	3	4	0.542309898544	0.487664344039	3	353	1	
69	0	34	step_1_no_load	1	2	1	404	
69	0	34	step_2_no_load	3	4	0.538523758058	0.454565258478	3	680	0	
69	0	35	step_1_no_load	1	2	2	237	
69	0	35	step_2_no_load	3	4	0.594167768198	0.491437207585	3	865	1	
69	0	36	step_1_no_load	1	2	2	661	
69	0	36	step_2_no_load	3	4	0.611274573488	0.513210053121	4	739	0	
69	0	37	step_1_no_load	1	2	1	357	
69	0	37	step_2_no_load	5	6	0.513822304161	0.660658056664	6	591	0	
69	0	38	step_1_no_load	1	2	2	356	
69	0	38	step_2_no_load	5	6	0.539078491643	0.651263699161	6	849	0	
69	0	39	step_1_no_load	1	2	2	601	
69	0	39	step_2_no_load	5	6	0.557005857101	0.634483337633	5	899	1	
69	0	40	step_1_no_load	1	2	2	330	
69	0	40	step_2_no_load	5	6	0.580760785074	0.636994900683	5	646	0	
69	0	41	step_1_no_load	1	2	1	297	
69	0	41	step_2_no_load	3	4	0.588857868869	0.583829055298	4	328	1	
69	0	42	step_1_no_load	1	2	1	286	
69	0	42	step_2_no_load	5	6	0.533857158543	0.606696263624	6	486	0	
69	0	43	step_1_no_load	1	2	1	333	
69	0	43	step_2_no_load	3	4	0.612705031264	0.548128010644	3	422	1	
69	0	44	step_1_no_load	1	2	2	847	
69	0	44	step_2_no_load	5	6	0.541854396676	0.589653131867	5	463	0	
69	0	45	step_1_no_load	1	2	2	632	
69	0	45	step_2_no_load	5	6	0.579346234508	0.620699591043	6	730	1	
69	0	46	step_1_no_load	1	2	1	437	
69	0	46	step_2_no_load	3	4	0.600964500555	0.532238720495	3	1327	1	
69	0	47	step_1_no_load	1	2	1	388	
69	0	47	step_2_no_load	3	4	0.598724660986	0.493112702321	3	954	0	
69	0	48	step_1_no_load	1	2	1	353	
69	0	48	step_2_no_load	3	4	0.615767119776	0.488280685105	4	420	0	
69	0	49	step_1_no_load	1	2	1	393	
69	0	49	step_2_no_load	5	6	0.512405963374	0.614679490594	5	1098	1	
69	0	50	step_1_no_load	1	2	2	349	
69	0	50	step_2_no_load	5	6	0.481616544184	0.593458480934	6	776	1	
69	0	51	step_1_no_load	1	2	1	869	
69	0	51	step_2_no_load	3	4	0.564866799699	0.469943944943	4	1007	0	
69	0	52	step_1_no_load	1	2	1	389	
69	0	52	step_2_no_load	3	4	0.539065404057	0.429622901875	3	850	1	
69	0	53	step_1_no_load	1	2	1	689	
69	0	53	step_2_no_load	5	6	0.475342927439	0.630956764252	5	956	0	
69	0	54	step_1_no_load	1	2	2	589	
69	0	54	step_2_no_load	3	4	0.570223904064	0.491512498697	4	961	1	
69	0	55	step_1_no_load	1	2	1	465	
69	0	55	step_2_no_load	5	6	0.526704292526	0.639840796975	6	959	0	
69	0	56	step_1_no_load	1	2	1	292	
69	0	56	step_2_no_load	3	4	0.601856598146	0.459773408493	3	403	1	
69	0	57	step_1_no_load	1	2	1	545	
69	0	57	step_2_no_load	3	4	0.641849303307	0.466449077359	3	1135	0	
69	0	58	step_1_no_load	1	2	2	514	
69	0	58	step_2_no_load	5	6	0.528376440027	0.610896130115	6	907	0	
69	0	59	step_1_no_load	1	2	2	513	
69	0	59	step_2_no_load	5	6	0.537400760025	0.608951267756	5	566	0	
69	0	60	step_1_no_load	1	2	2	356	
69	0	60	step_2_no_load	5	6	0.479287247283	0.599559577859	6	865	1	
69	0	61	step_1_no_load	1	2	1	342	
69	0	61	step_2_no_load	3	4	0.669587072502	0.464268875813	3	811	0	
69	0	62	step_1_no_load	1	2	-1	-1	
69	0	63	step_1_no_load	1	2	2	292	
69	0	63	step_2_no_load	3	4	0.664284493458	0.53192660365	3	805	0	
69	0	64	step_1_no_load	1	2	2	471	
69	0	64	step_2_no_load	5	6	0.533849886794	0.626149195169	6	640	1	
69	0	65	step_1_no_load	1	2	2	443	
69	0	65	step_2_no_load	5	6	0.517687993213	0.619953360065	6	554	1	
69	0	66	step_1_no_load	1	2	2	427	
69	0	66	step_2_no_load	5	6	0.555324764318	0.630357351236	6	816	0	
69	0	67	step_1_no_load	1	2	1	455	
69	0	67	step_2_no_load	5	6	0.538279387614	0.674463681351	5	39	0	
69	0	68	step_1_no_load	1	2	2	503	
69	0	68	step_2_no_load	5	6	0.523301545299	0.719455209845	6	704	1	
69	0	69	step_1_no_load	1	2	1	328	
69	0	69	step_2_no_load	5	6	0.560462111264	0.718756538957	6	1137	0	
69	0	70	step_1_no_load	1	2	1	367	
69	0	70	step_2_no_load	3	4	0.637556284465	0.498834901463	3	626	1	
69	0	71	step_1_no_load	1	2	1	428	
69	0	71	step_2_no_load	3	4	0.639174917797	0.482863323776	3	641	1	
69	0	72	step_1_no_load	1	2	1	415	
69	0	72	step_2_no_load	3	4	0.626024641967	0.47409116389	3	679	1	
69	0	73	step_1_no_load	1	2	1	449	
69	0	73	step_2_no_load	3	4	0.657126403029	0.435957313805	3	153	1	
69	0	74	step_1_no_load	1	2	1	421	
69	0	74	step_2_no_load	3	4	0.614462146454	0.453420386428	3	174	1	
69	0	75	step_1_no_load	1	2	1	511	
69	0	75	step_2_no_load	3	4	0.615552849174	0.44832280175	4	508	0	
69	0	76	step_1_no_load	1	2	1	334	
69	0	76	step_2_no_load	3	4	0.62770291155	0.488583631821	4	396	1	
69	0	77	step_1_no_load	1	2	1	368	
69	0	77	step_2_no_load	3	4	0.564257587118	0.446809557226	3	446	1	
69	0	78	step_1_no_load	1	2	1	413	
69	0	78	step_2_no_load	3	4	0.536711448352	0.435911167612	3	592	0	
69	0	79	step_1_no_load	1	2	1	316	
69	0	79	step_2_no_load	5	6	0.540085062695	0.647841624544	6	732	0	
69	0	80	step_1_no_load	1	2	2	351	
69	0	80	step_2_no_load	5	6	0.49921021142	0.703969305517	6	436	1	
69	0	81	step_1_no_load	1	2	2	338	
69	0	81	step_2_no_load	5	6	0.494116554432	0.702400933084	6	451	1	
69	0	82	step_1_no_load	1	2	2	368	
69	0	82	step_2_no_load	5	6	0.482727017837	0.688340116885	6	288	1	
69	0	83	step_1_no_load	1	2	2	577	
69	0	83	step_2_no_load	3	4	0.607907985871	0.382772464038	3	938	0	
69	0	84	step_1_no_load	1	2	1	528	
69	0	84	step_2_no_load	3	4	0.65843840156	0.385087938645	3	369	1	
69	0	85	step_1_no_load	1	2	1	456	
69	0	85	step_2_no_load	3	4	0.692384972752	0.384458259121	3	653	1	
69	0	86	step_1_no_load	1	2	1	265	
69	0	86	step_2_no_load	5	6	0.486462788728	0.721207648497	6	855	0	
69	0	87	step_1_no_load	1	2	2	434	
69	0	87	step_2_no_load	5	6	0.493867001103	0.690012761069	5	602	0	
69	0	88	step_1_no_load	1	2	2	413	
69	0	88	step_2_no_load	5	6	0.509563243675	0.696773608304	6	382	0	
69	0	89	step_1_no_load	1	2	2	8	
69	0	89	step_2_no_load	3	4	0.690772436485	0.415882489686	4	32	0	
69	0	90	step_1_no_load	1	2	1	497	
69	0	90	step_2_no_load	3	4	0.712247848046	0.411459496853	3	504	1	
69	0	91	step_1_no_load	1	2	1	4	
69	0	91	step_2_no_load	3	4	0.685023809334	0.43534164751	3	466	1	
69	0	92	step_1_no_load	1	2	1	7	
69	0	92	step_2_no_load	5	6	0.484260039873	0.679381608313	6	809	1	
69	0	93	step_1_no_load	1	2	2	446	
69	0	93	step_2_no_load	5	6	0.473273727684	0.662863370634	6	496	1	
69	0	94	step_1_no_load	1	2	2	370	
69	0	94	step_2_no_load	5	6	0.468637558205	0.668295023896	5	587	1	
69	0	95	step_1_no_load	1	2	2	368	
69	0	95	step_2_no_load	5	6	0.42505578884	0.640209855442	5	457	1	
69	0	96	step_1_no_load	1	2	2	352	
69	0	96	step_2_no_load	3	4	0.693739812506	0.383038640121	4	1113	0	
69	0	97	step_1_no_load	1	2	1	318	
69	0	97	step_2_no_load	5	6	0.455601814112	0.651202057411	-1	-1	-1	
69	0	98	step_1_no_load	1	2	1	360	
69	0	98	step_2_no_load	3	4	0.70287861952	0.409778171713	3	475	1	
69	0	99	step_1_no_load	1	2	1	433	
69	0	99	step_2_no_load	5	6	0.375249961522	0.645191748454	5	617	0	
69	0	100	step_1_no_load	1	2	2	472	
69	0	100	step_2_no_load	5	6	0.363162156005	0.66579920021	6	548	1	
69	0	101	step_1_no_load	1	2	1	1125	
69	0	101	step_2_no_load	3	4	0.623812401974	0.497432607584	3	1447	0	
69	0	102	step_1_no_load	1	2	-1	-1	
69	0	103	step_1_no_load	1	2	2	315	
69	0	103	step_2_no_load	3	4	0.663997796029	0.481975449893	-1	-1	-1	
69	0	104	step_1_no_load	1	2	2	15	
69	0	104	step_2_no_load	5	6	0.303696146503	0.743372642809	6	133	1	
69	0	105	step_1_no_load	1	2	2	832	
69	0	105	step_2_no_load	5	6	0.352639603242	0.722851301692	5	637	0	
69	0	106	step_1_no_load	1	2	2	16	
69	0	106	step_2_no_load	5	6	0.374131494222	0.699623252899	6	684	1	
69	0	107	step_1_no_load	1	2	2	655	
69	0	107	step_2_no_load	5	6	0.388257337796	0.677514185929	6	631	1	
69	0	108	step_1_no_load	1	2	2	562	
69	0	108	step_2_no_load	5	6	0.388185708856	0.681491063126	5	921	1	
69	0	109	step_1_no_load	1	2	2	672	
69	0	109	step_2_no_load	3	4	0.71632547018	0.479977531501	4	883	1	
69	0	110	step_1_no_load	1	2	2	694	
69	0	110	step_2_no_load	5	6	0.395544455384	0.65455226558	5	672	1	
69	0	111	step_1_no_load	1	2	2	667	
69	0	111	step_2_no_load	3	4	0.724852671171	0.384948378665	3	864	0	
69	0	112	step_1_no_load	1	2	2	874	
69	0	112	step_2_no_load	3	4	0.725701866094	0.392887565883	3	961	0	
69	0	113	step_1_no_load	1	2	2	517	
69	0	113	step_2_no_load	5	6	0.387112818105	0.634627459817	5	993	1	
69	0	114	step_1_no_load	1	2	2	549	
69	0	114	step_2_no_load	5	6	0.384736699284	0.657654904272	6	366	1	
69	0	115	step_1_no_load	1	2	1	1371	
69	0	115	step_2_no_load	3	4	0.739704344621	0.390027643099	3	49	1	
69	0	116	step_1_no_load	1	2	2	570	
69	0	116	step_2_no_load	3	4	0.706736514943	0.378149844807	4	864	0	
69	0	117	step_1_no_load	1	2	1	20	
69	0	117	step_2_no_load	3	4	0.747012267642	0.374621793791	3	1199	1	
69	0	118	step_1_no_load	1	2	2	603	
69	0	118	step_2_no_load	5	6	0.362977115924	0.690484235012	5	1309	0	
69	0	119	step_1_no_load	1	2	2	690	
69	0	119	step_2_no_load	5	6	0.358243439099	0.661177321751	6	686	1	
69	0	120	step_1_no_load	1	2	1	803	
69	0	120	step_2_no_load	3	4	0.70587238626	0.370150243662	-1	-1	-1	
69	0	121	step_1_no_load	1	2	1	671	
69	0	121	step_2_no_load	3	4	0.658856304095	0.352721767208	3	772	1	
69	0	122	step_1_no_load	1	2	1	432	
69	0	122	step_2_no_load	5	6	0.266650857402	0.672193618854	6	741	1	
69	0	123	step_1_no_load	1	2	1	408	
69	0	123	step_2_no_load	3	4	0.583607229978	0.337526896345	3	681	0	
69	0	124	step_1_no_load	1	2	1	453	
69	0	124	step_2_no_load	5	6	0.26095206597	0.624161788269	6	989	1	
69	0	125	step_1_no_load	1	2	1	475	
69	0	125	step_2_no_load	3	4	0.559596800931	0.303110862715	3	954	0	
69	0	126	step_1_no_load	1	2	2	407	
69	0	126	step_2_no_load	5	6	0.267206368684	0.600985760967	6	1230	0	
69	0	127	step_1_no_load	1	2	1	429	
69	0	127	step_2_no_load	5	6	0.273483952592	0.646945556251	6	1048	1	
69	0	128	step_1_no_load	1	2	1	469	
69	0	128	step_2_no_load	3	4	0.636905534066	0.250790232267	3	1381	0	
69	0	129	step_1_no_load	1	2	2	623	
69	0	129	step_2_no_load	5	6	0.268213321963	0.632682846317	5	817	0	
69	0	130	step_1_no_load	1	2	2	641	
69	0	130	step_2_no_load	5	6	0.267460866951	0.630285316669	5	1044	0	
69	0	131	step_1_no_load	1	2	2	339	
69	0	131	step_2_no_load	5	6	0.281500842289	0.638450601212	5	876	0	
69	0	132	step_1_no_load	1	2	2	393	
69	0	132	step_2_no_load	3	4	0.668578020634	0.315328810424	3	486	0	
69	0	133	step_1_no_load	1	2	1	537	
69	0	133	step_2_no_load	3	4	0.617383991623	0.312642735495	3	796	0	
69	0	134	step_1_no_load	1	2	1	883	
69	0	134	step_2_no_load	3	4	0.621945110858	0.302839427162	3	1244	1	
69	0	135	step_1_no_load	1	2	2	443	
69	0	135	step_2_no_load	3	4	0.593710006149	0.287118934166	3	882	0	
69	0	136	step_1_no_load	1	2	1	517	
69	0	136	step_2_no_load	3	4	0.597814413435	0.284521085726	3	585	0	
69	0	137	step_1_no_load	1	2	1	481	
69	0	137	step_2_no_load	3	4	0.605896884497	0.325016613024	3	544	1	
69	0	138	step_1_no_load	1	2	1	565	
69	0	138	step_2_no_load	3	4	0.63240964674	0.307694123906	3	580	0	
69	0	139	step_1_no_load	1	2	1	520	
69	0	139	step_2_no_load	5	6	0.325611400511	0.696355985729	5	944	0	
69	0	140	step_1_no_load	1	2	2	435	
69	0	140	step_2_no_load	5	6	0.348740542008	0.637682840728	5	1213	0	
69	0	141	step_1_no_load	1	2	2	470	
69	0	141	step_2_no_load	3	4	0.711987889705	0.311809871418	-1	-1	-1	
69	0	142	step_1_no_load	1	2	1	503	
69	0	142	step_2_no_load	3	4	0.690276058009	0.304203281606	3	982	1	
69	0	143	step_1_no_load	1	2	1	622	
69	0	143	step_2_no_load	3	4	0.661365099615	0.313516825296	3	407	0	
69	0	144	step_1_no_load	1	2	1	543	
69	0	144	step_2_no_load	5	6	0.389234194056	0.639347300184	6	1438	0	
69	0	145	step_1_no_load	1	2	2	705	
69	0	145	step_2_no_load	5	6	0.355256413269	0.606515632748	-1	-1	-1	
69	0	146	step_1_no_load	1	2	-1	-1	
69	0	147	step_1_no_load	1	2	1	401	
69	0	147	step_2_no_load	5	6	0.352879785946	0.594861186319	5	160	1	
69	0	148	step_1_no_load	1	2	1	439	
69	0	148	step_2_no_load	3	4	0.619272702026	0.305288021243	4	840	0	
69	0	149	step_1_no_load	1	2	1	627	
69	0	149	step_2_no_load	3	4	0.601870110183	0.269951834184	-1	-1	-1	
69	0	150	step_1_no_load	1	2	1	464	
69	0	150	step_2_no_load	5	6	0.306860041627	0.605912419156	6	1363	0	
69	0	151	step_1_no_load	1	2	2	668	
69	0	151	step_2_no_load	5	6	0.310557101463	0.614159737668	6	1176	1	
69	0	152	step_1_no_load	1	2	2	567	
69	0	152	step_2_no_load	5	6	0.323194010514	0.644204174791	6	796	1	
69	0	153	step_1_no_load	1	2	2	569	
69	0	153	step_2_no_load	5	6	0.343622632154	0.681559292085	6	1007	1	
69	0	154	step_1_no_load	1	2	2	535	
69	0	154	step_2_no_load	3	4	0.638934099562	0.316375537537	3	1191	1	
69	0	155	step_1_no_load	1	2	1	432	
69	0	155	step_2_no_load	3	4	0.632486591889	0.296093457977	3	1195	1	
69	0	156	step_1_no_load	1	2	1	462	
69	0	156	step_2_no_load	3	4	0.631048201903	0.32564867104	3	578	1	
69	0	157	step_1_no_load	1	2	1	534	
69	0	157	step_2_no_load	3	4	0.585191807512	0.350909357271	3	548	1	
69	0	158	step_1_no_load	1	2	1	686	
69	0	158	step_2_no_load	3	4	0.532722108502	0.408728803896	4	1089	0	
69	0	159	step_1_no_load	1	2	2	386	
69	0	159	step_2_no_load	3	4	0.541222065796	0.413026375257	3	889	0	
69	0	160	step_1_no_load	1	2	2	531	
69	0	160	step_2_no_load	5	6	0.355992626298	0.710728171711	6	823	1	
69	0	161	step_1_no_load	1	2	2	546	
69	0	161	step_2_no_load	3	4	0.516036498158	0.407025633682	3	1474	0	
69	0	162	step_1_no_load	1	2	1	597	
69	0	162	step_2_no_load	3	4	0.566496468084	0.3926701003	3	825	0	
69	0	163	step_1_no_load	1	2	1	500	
69	0	163	step_2_no_load	5	6	0.430920885959	0.697095951435	6	1122	0	
69	0	164	step_1_no_load	1	2	2	591	
69	0	164	step_2_no_load	3	4	0.585961845322	0.432761720497	-1	-1	-1	
69	0	165	step_1_no_load	1	2	1	326	
69	0	165	step_2_no_load	3	4	0.538026607649	0.463777557969	3	1012	1	
69	0	166	step_1_no_load	1	2	1	533	
69	0	166	step_2_no_load	5	6	0.356317216644	0.686594248975	5	1136	0	
69	0	167	step_1_no_load	1	2	2	467	
69	0	167	step_2_no_load	5	6	0.331115714939	0.706271792549	6	856	1	
69	0	168	step_1_no_load	1	2	2	538	
69	0	168	step_2_no_load	5	6	0.335777599654	0.67192508984	6	758	1	
69	0	169	step_1_no_load	1	2	-1	-1	
69	0	170	step_1_no_load	1	2	2	730	
69	0	170	step_2_no_load	5	6	0.364989630435	0.67334314737	6	1032	0	
69	0	171	step_1_no_load	1	2	2	508	
69	0	171	step_2_no_load	5	6	0.425122034074	0.727248140829	6	936	0	
69	0	172	step_1_no_load	1	2	2	484	
69	0	172	step_2_no_load	3	4	0.519090471457	0.363617002148	3	1039	0	
69	0	173	step_1_no_load	1	2	-1	-1	
69	0	174	step_1_no_load	1	2	1	458	
69	0	174	step_2_no_load	3	4	0.472729524832	0.387867297446	3	44	1	
69	0	175	step_1_no_load	1	2	1	467	
69	0	175	step_2_no_load	3	4	0.52644949356	0.426185553904	3	1162	0	
69	0	176	step_1_no_load	1	2	1	667	
69	0	176	step_2_no_load	3	4	0.474046874473	0.383231572002	3	70	1	
69	0	177	step_1_no_load	1	2	1	1237	
69	0	177	step_2_no_load	3	4	0.501268576771	0.357425668099	3	0	1	
69	0	178	step_1_no_load	1	2	1	1159	
69	0	178	step_2_no_load	3	4	0.493712351915	0.36473828006	3	716	0	
69	0	179	step_1_no_load	1	2	1	417	
69	0	179	step_2_no_load	5	6	0.493565996034	0.709345707515	6	873	0	
69	0	180	step_1_no_load	1	2	2	553	
69	0	180	step_2_no_load	5	6	0.489345734128	0.719795072986	6	751	1	
69	0	181	step_1_no_load	1	2	2	469	
69	0	181	step_2_no_load	3	4	0.508735114046	0.342402764747	4	754	1	
69	0	182	step_1_no_load	1	2	2	491	
69	0	182	step_2_no_load	5	6	0.49907747228	0.72717560423	6	695	0	
69	0	183	step_1_no_load	1	2	2	597	
69	0	183	step_2_no_load	5	6	0.492742497507	0.720388040749	6	920	1	
69	0	184	step_1_no_load	1	2	2	600	
69	0	184	step_2_no_load	5	6	0.480863422096	0.657291439324	6	511	1	
69	0	185	step_1_no_load	1	2	2	560	
69	0	185	step_2_no_load	5	6	0.482228039858	0.665622647081	6	598	0	
69	0	186	step_1_no_load	1	2	2	578	
69	0	186	step_2_no_load	5	6	0.484672582719	0.656308636836	6	610	0	
69	0	187	step_1_no_load	1	2	1	11	
69	0	187	step_2_no_load	5	6	0.498596507669	0.678211978625	5	737	0	
69	0	188	step_1_no_load	1	2	2	441	
69	0	188	step_2_no_load	3	4	0.471319680586	0.291508050861	3	1175	1	
69	0	189	step_1_no_load	1	2	1	606	
69	0	189	step_2_no_load	3	4	0.448897869069	0.285168135955	3	917	1	
69	0	190	step_1_no_load	1	2	2	570	
69	0	190	step_2_no_load	5	6	0.505820429042	0.667655825994	6	861	1	
69	0	191	step_1_no_load	1	2	2	842	
69	0	191	step_2_no_load	5	6	0.512103523931	0.664271461991	6	655	0	
69	0	192	step_1_no_load	1	2	2	429	
69	0	192	step_2_no_load	3	4	0.450791310283	0.299297135717	3	1378	0	
69	0	193	step_1_no_load	1	2	1	430	
69	0	193	step_2_no_load	3	4	0.440813209638	0.321008037746	3	842	1	
69	0	194	step_1_no_load	1	2	1	488	
69	0	194	step_2_no_load	3	4	0.433250459893	0.342437174514	3	938	1	
69	0	195	step_1_no_load	1	2	1	1096	
69	0	195	step_2_no_load	3	4	0.466795336969	0.348571348505	3	849	0	
69	0	196	step_1_no_load	1	2	1	576	
69	0	196	step_2_no_load	3	4	0.421761207498	0.365373286058	3	1103	1	
69	0	197	step_1_no_load	1	2	1	675	
69	0	197	step_2_no_load	5	6	0.47786945426	0.686552522522	-1	-1	-1	
69	0	198	step_1_no_load	1	2	2	426	
69	0	198	step_2_no_load	5	6	0.485065498391	0.68660989813	-1	-1	-1	
69	0	199	step_1_no_load	1	2	2	582	
69	0	199	step_2_no_load	5	6	0.529438031858	0.73697129762	6	665	1	
69	0	200	step_1_no_load	1	2	2	564	
69	0	200	step_2_no_load	3	4	0.372436949782	0.299128796668	3	985	1	

Tue Jul 18 12:14:22 2017
