Wed Apr 19 17:53:12 2017	
48	0	1	step_1_no_load	1	2	1	465	
48	0	1	step_2_no_load	3	4	0.457620150462	0.594299910136	4	600	0	
48	0	2	step_1_no_load	1	2	2	269	
48	0	2	step_2_no_load	3	4	0.474613197709	0.610961032466	3	759	0	
48	0	3	step_1_no_load	1	2	2	398	
48	0	3	step_2_no_load	5	6	0.584197065669	0.516002945397	6	645	0	
48	0	4	step_1_no_load	1	2	1	517	
48	0	4	step_2_no_load	3	4	0.478607661228	0.564086293706	3	845	1	
48	0	5	step_1_no_load	1	2	2	774	
48	0	5	step_2_no_load	5	6	0.623810210114	0.543908521457	5	873	0	
48	0	6	step_1_no_load	1	2	1	922	
48	0	6	step_2_no_load	3	4	0.506877622204	0.603642866427	4	877	1	
48	0	7	step_1_no_load	1	2	1	813	
48	0	7	step_2_no_load	3	4	0.500071913476	0.622642364361	3	633	1	
48	0	8	step_1_no_load	1	2	2	628	
48	0	8	step_2_no_load	5	6	0.59128639594	0.499203529332	5	857	0	
48	0	9	step_1_no_load	1	2	1	351	
48	0	9	step_2_no_load	5	6	0.598049061473	0.54429228266	6	460	0	
48	0	10	step_1_no_load	1	2	2	654	
48	0	10	step_2_no_load	5	6	0.652626043146	0.576063520885	6	669	1	
48	0	11	step_1_no_load	1	2	1	912	
48	0	11	step_2_no_load	3	4	0.477013315682	0.609191465743	3	945	1	
48	0	12	step_1_no_load	1	2	2	619	
48	0	12	step_2_no_load	5	6	0.682786328054	0.597131918027	5	866	1	
48	0	13	step_1_no_load	1	2	2	705	
48	0	13	step_2_no_load	5	6	0.653587098421	0.595790490356	6	529	0	
48	0	14	step_1_no_load	1	2	2	620	
48	0	14	step_2_no_load	5	6	0.629137942344	0.611256675753	6	401	0	
48	0	15	step_1_no_load	1	2	1	614	
48	0	15	step_2_no_load	5	6	0.612260006668	0.633564630036	5	656	1	
48	0	16	step_1_no_load	1	2	1	417	
48	0	16	step_2_no_load	5	6	0.628091198119	0.626326396372	6	465	1	
48	0	17	step_1_no_load	1	2	1	507	
48	0	17	step_2_no_load	3	4	0.535958400205	0.562895132605	3	785	0	
48	0	18	step_1_no_load	1	2	2	389	
48	0	18	step_2_no_load	5	6	0.626834332012	0.626895526976	5	586	0	
48	0	19	step_1_no_load	1	2	1	374	
48	0	19	step_2_no_load	5	6	0.619895761657	0.644773170243	6	318	1	
48	0	20	step_1_no_load	1	2	1	576	
48	0	20	step_2_no_load	3	4	0.478025448397	0.491720931314	3	349	1	
48	0	21	step_1_no_load	1	2	1	529	
48	0	21	step_2_no_load	3	4	0.49769376036	0.470207377245	4	528	0	
48	0	22	step_1_no_load	1	2	2	567	
48	0	22	step_2_no_load	3	4	0.506100011497	0.468700882609	4	469	0	
48	0	23	step_1_no_load	1	2	1	395	
48	0	23	step_2_no_load	5	6	0.640163623731	0.604065470975	5	619	0	
48	0	24	step_1_no_load	1	2	1	422	
48	0	24	step_2_no_load	5	6	0.582115115688	0.5800912085	6	467	0	
48	0	25	step_1_no_load	1	2	2	382	
48	0	25	step_2_no_load	3	4	0.503316372362	0.503605105412	3	538	0	
48	0	26	step_1_no_load	1	2	1	331	
48	0	26	step_2_no_load	3	4	0.511744353778	0.532884212818	4	415	1	
48	0	27	step_1_no_load	1	2	2	477	
48	0	27	step_2_no_load	5	6	0.57860777711	0.642144756622	5	697	1	
48	0	28	step_1_no_load	1	2	2	336	
48	0	28	step_2_no_load	5	6	0.588356036098	0.647441527317	5	383	1	
48	0	29	step_1_no_load	1	2	2	318	
48	0	29	step_2_no_load	5	6	0.606613029227	0.618626354124	5	307	1	
48	0	30	step_1_no_load	1	2	2	306	
48	0	30	step_2_no_load	5	6	0.608245979832	0.610227092493	6	325	1	
48	0	31	step_1_no_load	1	2	2	276	
48	0	31	step_2_no_load	5	6	0.636602545794	0.606122691795	6	454	0	
48	0	32	step_1_no_load	1	2	1	335	
48	0	32	step_2_no_load	3	4	0.520318771114	0.522993086096	4	613	1	
48	0	33	step_1_no_load	1	2	1	278	
48	0	33	step_2_no_load	3	4	0.487664344039	0.542309898544	4	277	0	
48	0	34	step_1_no_load	1	2	1	435	
48	0	34	step_2_no_load	3	4	0.454565258478	0.538523758058	3	312	0	
48	0	35	step_1_no_load	1	2	2	397	
48	0	35	step_2_no_load	5	6	0.566827313385	0.649776015006	5	554	1	
48	0	36	step_1_no_load	1	2	2	320	
48	0	36	step_2_no_load	5	6	0.527635087561	0.661229326326	5	340	0	
48	0	37	step_1_no_load	1	2	2	256	
48	0	37	step_2_no_load	3	4	0.543074626387	0.598446394142	4	307	0	
48	0	38	step_1_no_load	1	2	2	283	
48	0	38	step_2_no_load	3	4	0.553931241266	0.595113730206	3	355	1	
48	0	39	step_1_no_load	1	2	2	229	
48	0	39	step_2_no_load	5	6	0.557005857101	0.634483337633	5	277	0	
48	0	40	step_1_no_load	1	2	1	525	
48	0	40	step_2_no_load	3	4	0.5691386571	0.607992802154	3	355	0	
48	0	41	step_1_no_load	1	2	2	264	
48	0	41	step_2_no_load	3	4	0.583829055298	0.588857868869	3	470	0	
48	0	42	step_1_no_load	1	2	2	213	
48	0	42	step_2_no_load	3	4	0.553461946234	0.609164606591	4	306	0	
48	0	43	step_1_no_load	1	2	1	338	
48	0	43	step_2_no_load	5	6	0.553703096215	0.581931546759	6	284	0	
48	0	44	step_1_no_load	1	2	1	295	
48	0	44	step_2_no_load	5	6	0.541854396676	0.589653131867	6	430	1	
48	0	45	step_1_no_load	1	2	1	432	
48	0	45	step_2_no_load	5	6	0.579346234508	0.620699591043	5	576	1	
48	0	46	step_1_no_load	1	2	1	288	
48	0	46	step_2_no_load	3	4	0.532238720495	0.600964500555	3	280	1	
48	0	47	step_1_no_load	1	2	1	355	
48	0	47	step_2_no_load	3	4	0.493112702321	0.598724660986	4	368	1	
48	0	48	step_1_no_load	1	2	1	277	
48	0	48	step_2_no_load	3	4	0.488280685105	0.615767119776	4	270	1	
48	0	49	step_1_no_load	1	2	1	343	
48	0	49	step_2_no_load	5	6	0.512405963374	0.614679490594	5	281	0	
48	0	50	step_1_no_load	1	2	1	240	
48	0	50	step_2_no_load	3	4	0.47381367271	0.606862017918	4	425	1	
48	0	51	step_1_no_load	1	2	2	278	
48	0	51	step_2_no_load	5	6	0.508197321577	0.613357430892	5	319	1	
48	0	52	step_1_no_load	1	2	1	338	
48	0	52	step_2_no_load	3	4	0.429622901875	0.539065404057	4	399	0	
48	0	53	step_1_no_load	1	2	1	273	
48	0	53	step_2_no_load	3	4	0.451905460347	0.551457882502	3	366	1	
48	0	54	step_1_no_load	1	2	1	278	
48	0	54	step_2_no_load	3	4	0.491512498697	0.570223904064	4	373	0	
48	0	55	step_1_no_load	1	2	2	254	
48	0	55	step_2_no_load	5	6	0.526704292526	0.639840796975	5	357	0	
48	0	56	step_1_no_load	1	2	2	392	
48	0	56	step_2_no_load	5	6	0.538512915562	0.60038825769	6	534	1	
48	0	57	step_1_no_load	1	2	1	296	
48	0	57	step_2_no_load	3	4	0.466449077359	0.641849303307	4	312	1	
48	0	58	step_1_no_load	1	2	1	326	
48	0	58	step_2_no_load	3	4	0.478335218822	0.664682809182	4	454	1	
48	0	59	step_1_no_load	1	2	1	282	
48	0	59	step_2_no_load	5	6	0.537400760025	0.608951267756	6	318	1	
48	0	60	step_1_no_load	1	2	1	281	
48	0	60	step_2_no_load	3	4	0.491916707098	0.623687406259	4	295	1	
48	0	61	step_1_no_load	1	2	2	256	
48	0	61	step_2_no_load	5	6	0.527144452559	0.602879526975	6	337	1	
48	0	62	step_1_no_load	1	2	2	263	
48	0	62	step_2_no_load	5	6	0.533031417444	0.622820395113	6	344	1	
48	0	63	step_1_no_load	1	2	2	320	
48	0	63	step_2_no_load	3	4	0.53192660365	0.664284493458	3	442	1	
48	0	64	step_1_no_load	1	2	2	284	
48	0	64	step_2_no_load	5	6	0.533849886794	0.626149195169	5	481	1	
48	0	65	step_1_no_load	1	2	1	272	
48	0	65	step_2_no_load	5	6	0.517687993213	0.619953360065	6	316	1	
48	0	66	step_1_no_load	1	2	1	257	
48	0	66	step_2_no_load	3	4	0.573761869714	0.606938648072	4	286	0	
48	0	67	step_1_no_load	1	2	2	225	
48	0	67	step_2_no_load	5	6	0.538279387614	0.674463681351	5	359	0	
48	0	68	step_1_no_load	1	2	2	792	
48	0	68	step_2_no_load	5	6	0.523301545299	0.719455209845	5	602	0	
48	0	69	step_1_no_load	1	2	2	255	
48	0	69	step_2_no_load	5	6	0.560462111264	0.718756538957	6	298	1	
48	0	70	step_1_no_load	1	2	2	269	
48	0	70	step_2_no_load	3	4	0.498834901463	0.637556284465	4	357	1	
48	0	71	step_1_no_load	1	2	2	322	
48	0	71	step_2_no_load	5	6	0.546215110045	0.706816191949	5	257	0	
48	0	72	step_1_no_load	1	2	1	259	
48	0	72	step_2_no_load	3	4	0.47409116389	0.626024641967	3	389	1	
48	0	73	step_1_no_load	1	2	1	274	
48	0	73	step_2_no_load	3	4	0.435957313805	0.657126403029	3	323	0	
48	0	74	step_1_no_load	1	2	1	232	
48	0	74	step_2_no_load	3	4	0.453420386428	0.614462146454	4	377	1	
48	0	75	step_1_no_load	1	2	1	327	
48	0	75	step_2_no_load	3	4	0.44832280175	0.615552849174	4	345	1	
48	0	76	step_1_no_load	1	2	1	502	
48	0	76	step_2_no_load	3	4	0.488583631821	0.62770291155	4	366	1	
48	0	77	step_1_no_load	1	2	1	388	
48	0	77	step_2_no_load	3	4	0.446809557226	0.564257587118	4	477	1	
48	0	78	step_1_no_load	1	2	2	256	
48	0	78	step_2_no_load	3	4	0.435911167612	0.536711448352	3	330	1	
48	0	79	step_1_no_load	1	2	2	291	
48	0	79	step_2_no_load	3	4	0.389124152368	0.513695512795	3	328	0	
48	0	80	step_1_no_load	1	2	2	393	
48	0	80	step_2_no_load	5	6	0.49921021142	0.703969305517	5	333	0	
48	0	81	step_1_no_load	1	2	2	260	
48	0	81	step_2_no_load	3	4	0.419265522488	0.529745690463	4	245	1	
48	0	82	step_1_no_load	1	2	2	257	
48	0	82	step_2_no_load	3	4	0.395813831323	0.564729328387	4	331	0	
48	0	83	step_1_no_load	1	2	2	282	
48	0	83	step_2_no_load	5	6	0.483255412498	0.726885136842	5	223	0	
48	0	84	step_1_no_load	1	2	1	716	
48	0	84	step_2_no_load	3	4	0.385087938645	0.65843840156	3	491	0	
48	0	85	step_1_no_load	1	2	1	284	
48	0	85	step_2_no_load	5	6	0.485785534744	0.712989604416	6	377	0	
48	0	86	step_1_no_load	1	2	1	258	
48	0	86	step_2_no_load	3	4	0.345323068124	0.691782850001	3	467	1	
48	0	87	step_1_no_load	1	2	1	290	
48	0	87	step_2_no_load	3	4	0.40000499778	0.719375344246	3	350	1	
48	0	88	step_1_no_load	1	2	1	293	
48	0	88	step_2_no_load	5	6	0.509563243675	0.696773608304	5	294	1	
48	0	89	step_1_no_load	1	2	1	330	
48	0	89	step_2_no_load	3	4	0.415882489686	0.690772436485	3	235	1	
48	0	90	step_1_no_load	1	2	1	276	
48	0	90	step_2_no_load	3	4	0.411459496853	0.712247848046	3	265	0	
48	0	91	step_1_no_load	1	2	2	197	
48	0	91	step_2_no_load	3	4	0.43534164751	0.685023809334	3	298	0	
48	0	92	step_1_no_load	1	2	2	296	
48	0	92	step_2_no_load	5	6	0.484260039873	0.679381608313	6	324	0	
48	0	93	step_1_no_load	1	2	2	252	
48	0	93	step_2_no_load	5	6	0.473273727684	0.662863370634	5	309	0	
48	0	94	step_1_no_load	1	2	1	276	
48	0	94	step_2_no_load	3	4	0.429211756872	0.719464414227	3	246	1	
48	0	95	step_1_no_load	1	2	1	307	
48	0	95	step_2_no_load	5	6	0.42505578884	0.640209855442	5	242	0	
48	0	96	step_1_no_load	1	2	1	327	
48	0	96	step_2_no_load	5	6	0.437558890646	0.663095813561	6	313	1	
48	0	97	step_1_no_load	1	2	1	539	
48	0	97	step_2_no_load	3	4	0.392885664353	0.681272614291	4	328	0	
48	0	98	step_1_no_load	1	2	1	238	
48	0	98	step_2_no_load	3	4	0.409778171713	0.70287861952	3	394	1	
48	0	99	step_1_no_load	1	2	1	245	
48	0	99	step_2_no_load	5	6	0.375249961522	0.645191748454	5	352	0	
48	0	100	step_1_no_load	1	2	1	282	
48	0	100	step_2_no_load	3	4	0.4333505304	0.666227451505	4	275	0	
48	0	101	step_1_no_load	1	2	2	275	
48	0	101	step_2_no_load	5	6	0.366879421891	0.655903528958	6	382	0	
48	0	102	step_1_no_load	1	2	2	222	
48	0	102	step_2_no_load	3	4	0.494584754513	0.666304534392	3	323	1	
48	0	103	step_1_no_load	1	2	2	254	
48	0	103	step_2_no_load	3	4	0.481975449893	0.663997796029	3	375	0	
48	0	104	step_1_no_load	1	2	1	244	
48	0	104	step_2_no_load	5	6	0.303696146503	0.743372642809	6	450	0	
48	0	105	step_1_no_load	1	2	1	316	
48	0	105	step_2_no_load	3	4	0.514318365187	0.689135357059	3	336	1	
48	0	106	step_1_no_load	1	2	1	273	
48	0	106	step_2_no_load	3	4	0.508908032404	0.712883638252	3	280	1	
48	0	107	step_1_no_load	1	2	1	432	
48	0	107	step_2_no_load	3	4	0.565220528809	0.692607431435	3	296	1	
48	0	108	step_1_no_load	1	2	1	286	
48	0	108	step_2_no_load	3	4	0.526955028982	0.695928523711	3	370	1	
48	0	109	step_1_no_load	1	2	1	354	
48	0	109	step_2_no_load	3	4	0.479977531501	0.71632547018	3	326	1	
48	0	110	step_1_no_load	1	2	1	241	
48	0	110	step_2_no_load	3	4	0.432626681236	0.729599891941	3	314	1	
48	0	111	step_1_no_load	1	2	1	241	
48	0	111	step_2_no_load	3	4	0.384948378665	0.724852671171	3	266	0	
48	0	112	step_1_no_load	1	2	1	344	
48	0	112	step_2_no_load	5	6	0.413393106784	0.635252945963	6	328	1	
48	0	113	step_1_no_load	1	2	1	278	
48	0	113	step_2_no_load	3	4	0.370697120277	0.719324307956	4	339	0	
48	0	114	step_1_no_load	1	2	1	334	
48	0	114	step_2_no_load	5	6	0.384736699284	0.657654904272	6	333	1	
48	0	115	step_1_no_load	1	2	1	567	
48	0	115	step_2_no_load	5	6	0.357661171116	0.645721217949	6	307	0	
48	0	116	step_1_no_load	1	2	1	246	
48	0	116	step_2_no_load	3	4	0.378149844807	0.706736514943	3	256	1	
48	0	117	step_1_no_load	1	2	1	326	
48	0	117	step_2_no_load	3	4	0.374621793791	0.747012267642	3	267	0	
48	0	118	step_1_no_load	1	2	1	261	
48	0	118	step_2_no_load	3	4	0.357645851833	0.740051715856	4	250	1	
48	0	119	step_1_no_load	1	2	1	301	
48	0	119	step_2_no_load	3	4	0.357515098446	0.690424535099	4	289	0	
48	0	120	step_1_no_load	1	2	1	283	
48	0	120	step_2_no_load	5	6	0.333809617664	0.666433355915	6	486	1	
48	0	121	step_1_no_load	1	2	1	279	
48	0	121	step_2_no_load	3	4	0.352721767208	0.658856304095	4	318	0	
48	0	122	step_1_no_load	1	2	1	223	
48	0	122	step_2_no_load	3	4	0.329624572119	0.6136886145	3	225	0	
48	0	123	step_1_no_load	1	2	2	220	
48	0	123	step_2_no_load	5	6	0.269780614928	0.664849878232	5	404	0	
48	0	124	step_1_no_load	1	2	2	274	
48	0	124	step_2_no_load	3	4	0.309430836661	0.603013298253	4	332	0	
48	0	125	step_1_no_load	1	2	1	268	
48	0	125	step_2_no_load	5	6	0.290374841566	0.633566302563	6	291	1	
48	0	126	step_1_no_load	1	2	1	300	
48	0	126	step_2_no_load	3	4	0.300846667696	0.537863824328	4	418	1	
48	0	127	step_1_no_load	1	2	1	312	
48	0	127	step_2_no_load	3	4	0.274944938508	0.560824094575	4	332	1	
48	0	128	step_1_no_load	1	2	1	426	
48	0	128	step_2_no_load	3	4	0.250790232267	0.636905534066	4	292	1	
48	0	129	step_1_no_load	1	2	1	267	
48	0	129	step_2_no_load	3	4	0.271709703542	0.685297910719	4	308	0	
48	0	130	step_1_no_load	1	2	1	1	
48	0	130	step_2_no_load	3	4	0.274560758494	0.682031489739	3	310	0	
48	0	131	step_1_no_load	1	2	2	276	
48	0	131	step_2_no_load	3	4	0.311475039155	0.678044920845	3	359	0	
48	0	132	step_1_no_load	1	2	2	255	
48	0	132	step_2_no_load	5	6	0.27986961048	0.660013924697	6	339	0	
48	0	133	step_1_no_load	1	2	1	279	
48	0	133	step_2_no_load	3	4	0.312642735495	0.617383991623	3	301	1	
48	0	134	step_1_no_load	1	2	1	272	
48	0	134	step_2_no_load	3	4	0.302839427162	0.621945110858	3	409	0	
48	0	135	step_1_no_load	1	2	2	753	
48	0	135	step_2_no_load	3	4	0.287118934166	0.593710006149	3	687	1	
48	0	136	step_1_no_load	1	2	2	409	
48	0	136	step_2_no_load	5	6	0.307766925452	0.674914008636	5	344	0	
48	0	137	step_1_no_load	1	2	2	261	
48	0	137	step_2_no_load	5	6	0.346433498467	0.668540846495	6	463	1	
48	0	138	step_1_no_load	1	2	2	246	
48	0	138	step_2_no_load	3	4	0.307694123906	0.63240964674	4	480	1	
48	0	139	step_1_no_load	1	2	2	386	
48	0	139	step_2_no_load	5	6	0.325611400511	0.696355985729	6	391	1	
48	0	140	step_1_no_load	1	2	2	366	
48	0	140	step_2_no_load	5	6	0.348740542008	0.637682840728	6	381	1	
48	0	141	step_1_no_load	1	2	2	363	
48	0	141	step_2_no_load	5	6	0.390227133375	0.616803346728	6	423	1	
48	0	142	step_1_no_load	1	2	2	301	
48	0	142	step_2_no_load	5	6	0.397052682821	0.627356259123	5	362	1	
48	0	143	step_1_no_load	1	2	2	253	
48	0	143	step_2_no_load	5	6	0.410970957547	0.610219102298	5	275	0	
48	0	144	step_1_no_load	1	2	2	276	
48	0	144	step_2_no_load	5	6	0.389234194056	0.639347300184	6	311	1	
48	0	145	step_1_no_load	1	2	2	476	
48	0	145	step_2_no_load	5	6	0.355256413269	0.606515632748	5	334	0	
48	0	146	step_1_no_load	1	2	2	255	
48	0	146	step_2_no_load	5	6	0.320877500969	0.593778463268	6	264	1	
48	0	147	step_1_no_load	1	2	2	289	
48	0	147	step_2_no_load	5	6	0.352879785946	0.594861186319	6	263	0	
48	0	148	step_1_no_load	1	2	2	228	
48	0	148	step_2_no_load	5	6	0.311162711725	0.648050021239	5	360	0	
48	0	149	step_1_no_load	1	2	2	455	
48	0	149	step_2_no_load	5	6	0.300290206122	0.623203869836	6	505	0	
48	0	150	step_1_no_load	1	2	1	428	
48	0	150	step_2_no_load	3	4	0.305587692243	0.575985663078	4	344	0	
48	0	151	step_1_no_load	1	2	2	310	
48	0	151	step_2_no_load	3	4	0.348172164421	0.59154759351	3	353	0	
48	0	152	step_1_no_load	1	2	1	273	
48	0	152	step_2_no_load	3	4	0.307702500543	0.595108765344	4	317	0	
48	0	153	step_1_no_load	1	2	1	307	
48	0	153	step_2_no_load	3	4	0.309356532263	0.613336203392	3	268	0	
48	0	154	step_1_no_load	1	2	2	222	
48	0	154	step_2_no_load	5	6	0.348349389262	0.671672162443	5	268	0	
48	0	155	step_1_no_load	1	2	2	229	
48	0	155	step_2_no_load	5	6	0.372188990474	0.716100930629	6	245	0	
48	0	156	step_1_no_load	1	2	2	243	
48	0	156	step_2_no_load	5	6	0.368378667812	0.734436160799	6	281	1	
48	0	157	step_1_no_load	1	2	2	489	
48	0	157	step_2_no_load	5	6	0.324728201487	0.720725456325	6	216	1	
48	0	158	step_1_no_load	1	2	2	376	
48	0	158	step_2_no_load	3	4	0.408728803896	0.532722108502	4	238	0	
48	0	159	step_1_no_load	1	2	1	289	
48	0	159	step_2_no_load	3	4	0.413026375257	0.541222065796	3	284	1	
48	0	160	step_1_no_load	1	2	1	271	
48	0	160	step_2_no_load	5	6	0.355992626298	0.710728171711	5	269	0	
48	0	161	step_1_no_load	1	2	1	254	
48	0	161	step_2_no_load	3	4	0.407025633682	0.516036498158	4	316	1	
48	0	162	step_1_no_load	1	2	1	269	
48	0	162	step_2_no_load	5	6	0.455329532209	0.695144769903	6	232	0	
48	0	163	step_1_no_load	1	2	1	258	
48	0	163	step_2_no_load	3	4	0.395221309311	0.5863391277	4	253	1	
48	0	164	step_1_no_load	1	2	1	709	
48	0	164	step_2_no_load	3	4	0.432761720497	0.585961845322	4	548	0	
48	0	165	step_1_no_load	1	2	1	275	
48	0	165	step_2_no_load	3	4	0.463777557969	0.538026607649	3	346	0	
48	0	166	step_1_no_load	1	2	2	547	
48	0	166	step_2_no_load	3	4	0.422282731054	0.549095060025	4	459	0	
48	0	167	step_1_no_load	1	2	2	288	
48	0	167	step_2_no_load	5	6	0.331115714939	0.706271792549	5	297	0	
48	0	168	step_1_no_load	1	2	1	314	
48	0	168	step_2_no_load	3	4	0.400817642375	0.613361520676	4	242	0	
48	0	169	step_1_no_load	1	2	1	344	
48	0	169	step_2_no_load	5	6	0.365156560071	0.704981910944	5	307	0	
48	0	170	step_1_no_load	1	2	2	280	
48	0	170	step_2_no_load	5	6	0.364989630435	0.67334314737	5	276	1	
48	0	171	step_1_no_load	1	2	2	274	
48	0	171	step_2_no_load	5	6	0.425122034074	0.727248140829	5	277	1	
48	0	172	step_1_no_load	1	2	2	253	
48	0	172	step_2_no_load	5	6	0.490120307546	0.668669556875	5	336	0	
48	0	173	step_1_no_load	1	2	1	254	
48	0	173	step_2_no_load	3	4	0.385349297983	0.484428109849	4	330	1	
48	0	174	step_1_no_load	1	2	1	650	
48	0	174	step_2_no_load	5	6	0.46236234172	0.729877433725	6	540	0	
48	0	175	step_1_no_load	1	2	1	239	
48	0	175	step_2_no_load	3	4	0.426185553904	0.52644949356	3	269	1	
48	0	176	step_1_no_load	1	2	1	252	
48	0	176	step_2_no_load	3	4	0.383231572002	0.474046874473	3	298	1	
48	0	177	step_1_no_load	1	2	1	241	
48	0	177	step_2_no_load	5	6	0.4798184927	0.714070205704	5	341	0	
48	0	178	step_1_no_load	1	2	2	290	
48	0	178	step_2_no_load	3	4	0.36473828006	0.493712351915	3	254	0	
48	0	179	step_1_no_load	1	2	2	227	
48	0	179	step_2_no_load	3	4	0.324685418097	0.457298770028	4	255	1	
48	0	180	step_1_no_load	1	2	2	254	
48	0	180	step_2_no_load	5	6	0.489345734128	0.719795072986	5	169	1	
48	0	181	step_1_no_load	1	2	2	251	
48	0	181	step_2_no_load	3	4	0.342402764747	0.508735114046	3	384	1	
48	0	182	step_1_no_load	1	2	2	426	
48	0	182	step_2_no_load	3	4	0.340533666308	0.506773281362	3	328	0	
48	0	183	step_1_no_load	1	2	1	329	
48	0	183	step_2_no_load	5	6	0.492742497507	0.720388040749	5	262	0	
48	0	184	step_1_no_load	1	2	1	248	
48	0	184	step_2_no_load	5	6	0.480863422096	0.657291439324	6	283	1	
48	0	185	step_1_no_load	1	2	1	307	
48	0	185	step_2_no_load	3	4	0.362611152222	0.479703516092	4	468	0	
48	0	186	step_1_no_load	1	2	2	265	
48	0	186	step_2_no_load	5	6	0.484672582719	0.656308636836	5	694	1	
48	0	187	step_1_no_load	1	2	2	262	
48	0	187	step_2_no_load	5	6	0.498596507669	0.678211978625	5	366	0	
48	0	188	step_1_no_load	1	2	1	589	
48	0	188	step_2_no_load	3	4	0.291508050861	0.471319680586	4	340	1	
48	0	189	step_1_no_load	1	2	1	244	
48	0	189	step_2_no_load	3	4	0.285168135955	0.448897869069	4	224	1	
48	0	190	step_1_no_load	1	2	1	271	
48	0	190	step_2_no_load	5	6	0.505820429042	0.667655825994	6	238	0	
48	0	191	step_1_no_load	1	2	2	306	
48	0	191	step_2_no_load	5	6	0.512103523931	0.664271461991	5	314	1	
48	0	192	step_1_no_load	1	2	2	263	
48	0	192	step_2_no_load	5	6	0.493851022417	0.705517419189	5	347	0	
48	0	193	step_1_no_load	1	2	1	228	
48	0	193	step_2_no_load	3	4	0.321008037746	0.440813209638	4	262	1	
48	0	194	step_1_no_load	1	2	1	402	
48	0	194	step_2_no_load	5	6	0.505359594715	0.655261361454	6	357	1	
48	0	195	step_1_no_load	1	2	1	339	
48	0	195	step_2_no_load	3	4	0.348571348505	0.466795336969	4	376	0	
48	0	196	step_1_no_load	1	2	1	304	
48	0	196	step_2_no_load	5	6	0.496717662777	0.695101215304	6	419	0	
48	0	197	step_1_no_load	1	2	1	293	
48	0	197	step_2_no_load	3	4	0.316987700969	0.422511153127	3	380	0	
48	0	198	step_1_no_load	1	2	1	540	
48	0	198	step_2_no_load	3	4	0.303352625941	0.397292432346	4	346	0	
48	0	199	step_1_no_load	1	2	2	313	
48	0	199	step_2_no_load	5	6	0.529438031858	0.73697129762	5	337	0	
48	0	200	step_1_no_load	1	2	2	296	
48	0	200	step_2_no_load	5	6	0.507902534353	0.728996708473	6	321	0	

Wed Apr 19 18:10:36 2017
