Tue May  9 10:35:05 2017	
54	0	1	step_1_no_load	1	2	-1	-1	
54	0	2	step_1_no_load	1	2	1	633	
54	0	2	step_2_no_load	3	4	0.580156942153	0.533203491871	-1	-1	-1	
54	0	3	step_1_no_load	1	2	-1	-1	
54	0	4	step_1_no_load	1	2	1	407	
54	0	4	step_2_no_load	3	4	0.597491569846	0.494597764192	3	531	1	
54	0	5	step_1_no_load	1	2	1	319	
54	0	5	step_2_no_load	3	4	0.623810210114	0.543908521457	3	457	1	
54	0	6	step_1_no_load	1	2	1	62	
54	0	6	step_2_no_load	3	4	0.585722686883	0.490454120702	3	269	1	
54	0	7	step_1_no_load	1	2	1	317	
54	0	7	step_2_no_load	3	4	0.568656746487	0.506408070053	3	441	1	
54	0	8	step_1_no_load	1	2	1	202	
54	0	8	step_2_no_load	3	4	0.59128639594	0.499203529332	3	257	0	
54	0	9	step_1_no_load	1	2	1	280	
54	0	9	step_2_no_load	3	4	0.598049061473	0.54429228266	3	344	0	
54	0	10	step_1_no_load	1	2	1	173	
54	0	10	step_2_no_load	3	4	0.652626043146	0.576063520885	3	280	0	
54	0	11	step_1_no_load	1	2	2	0	
54	0	11	step_2_no_load	5	6	0.609191465743	0.477013315682	6	263	1	
54	0	12	step_1_no_load	1	2	2	207	
54	0	12	step_2_no_load	3	4	0.682786328054	0.597131918027	4	231	1	
54	0	13	step_1_no_load	1	2	2	235	
54	0	13	step_2_no_load	5	6	0.558313135925	0.52012981853	6	274	1	
54	0	14	step_1_no_load	1	2	2	0	
54	0	14	step_2_no_load	5	6	0.545555696267	0.491234392147	6	290	1	
54	0	15	step_1_no_load	1	2	2	368	
54	0	15	step_2_no_load	3	4	0.612260006668	0.633564630036	4	410	0	
54	0	16	step_1_no_load	1	2	1	0	
54	0	16	step_2_no_load	3	4	0.628091198119	0.626326396372	3	254	1	
54	0	17	step_1_no_load	1	2	1	398	
54	0	17	step_2_no_load	3	4	0.633350170016	0.643116883134	3	356	1	
54	0	18	step_1_no_load	1	2	1	243	
54	0	18	step_2_no_load	3	4	0.626834332012	0.626895526976	3	269	1	
54	0	19	step_1_no_load	1	2	1	209	
54	0	19	step_2_no_load	5	6	0.536502319591	0.498240186199	5	308	1	
54	0	20	step_1_no_load	1	2	2	140	
54	0	20	step_2_no_load	3	4	0.636521555122	0.60665343963	4	0	1	
54	0	21	step_1_no_load	1	2	2	160	
54	0	21	step_2_no_load	5	6	0.470207377245	0.49769376036	6	296	0	
54	0	22	step_1_no_load	1	2	2	186	
54	0	22	step_2_no_load	5	6	0.468700882609	0.506100011497	6	193	1	
54	0	23	step_1_no_load	1	2	2	69	
54	0	23	step_2_no_load	5	6	0.513759772011	0.520606588181	6	258	0	
54	0	24	step_1_no_load	1	2	2	141	
54	0	24	step_2_no_load	3	4	0.582115115688	0.5800912085	4	500	1	
54	0	25	step_1_no_load	1	2	2	141	
54	0	25	step_2_no_load	5	6	0.503605105412	0.503316372362	6	263	0	
54	0	26	step_1_no_load	1	2	2	0	
54	0	26	step_2_no_load	5	6	0.532884212818	0.511744353778	6	492	0	
54	0	27	step_1_no_load	1	2	2	45	
54	0	27	step_2_no_load	3	4	0.57860777711	0.642144756622	4	244	0	
54	0	28	step_1_no_load	1	2	1	12	
54	0	28	step_2_no_load	3	4	0.588356036098	0.647441527317	3	201	1	
54	0	29	step_1_no_load	1	2	1	261	
54	0	29	step_2_no_load	3	4	0.606613029227	0.618626354124	3	228	0	
54	0	30	step_1_no_load	1	2	2	2	
54	0	30	step_2_no_load	5	6	0.574272497114	0.4919199548	6	805	0	
54	0	31	step_1_no_load	1	2	1	540	
54	0	31	step_2_no_load	5	6	0.541819886458	0.483156722265	5	374	1	
54	0	32	step_1_no_load	1	2	1	187	
54	0	32	step_2_no_load	5	6	0.522993086096	0.520318771114	5	365	1	
54	0	33	step_1_no_load	1	2	1	855	
54	0	33	step_2_no_load	3	4	0.611700032906	0.618000238621	3	742	0	
54	0	34	step_1_no_load	1	2	2	340	
54	0	34	step_2_no_load	3	4	0.575802910074	0.670290552209	4	335	1	
54	0	35	step_1_no_load	1	2	2	12	
54	0	35	step_2_no_load	3	4	0.566827313385	0.649776015006	4	9	1	
54	0	36	step_1_no_load	1	2	2	607	
54	0	36	step_2_no_load	3	4	0.527635087561	0.661229326326	4	838	1	
54	0	37	step_1_no_load	1	2	2	342	
54	0	37	step_2_no_load	5	6	0.598446394142	0.543074626387	6	173	0	
54	0	38	step_1_no_load	1	2	2	53	
54	0	38	step_2_no_load	5	6	0.595113730206	0.553931241266	5	545	0	
54	0	39	step_1_no_load	1	2	2	118	
54	0	39	step_2_no_load	3	4	0.557005857101	0.634483337633	4	31	0	
54	0	40	step_1_no_load	1	2	1	927	
54	0	40	step_2_no_load	3	4	0.580760785074	0.636994900683	3	157	1	
54	0	41	step_1_no_load	1	2	1	288	
54	0	41	step_2_no_load	3	4	0.524862294848	0.633285941184	3	279	0	
54	0	42	step_1_no_load	1	2	2	209	
54	0	42	step_2_no_load	5	6	0.609164606591	0.553461946234	6	82	0	
54	0	43	step_1_no_load	1	2	2	290	
54	0	43	step_2_no_load	3	4	0.553703096215	0.581931546759	4	235	1	
54	0	44	step_1_no_load	1	2	2	280	
54	0	44	step_2_no_load	5	6	0.611481438855	0.537842745081	6	234	0	
54	0	45	step_1_no_load	1	2	2	233	
54	0	45	step_2_no_load	5	6	0.632991467829	0.5288039409	6	310	0	
54	0	46	step_1_no_load	1	2	1	150	
54	0	46	step_2_no_load	3	4	0.55511883717	0.654261318712	3	309	0	
54	0	47	step_1_no_load	1	2	1	395	
54	0	47	step_2_no_load	3	4	0.546259467838	0.634373567175	3	196	0	
54	0	48	step_1_no_load	1	2	2	125	
54	0	48	step_2_no_load	5	6	0.615767119776	0.488280685105	6	75	0	
54	0	49	step_1_no_load	1	2	2	2	
54	0	49	step_2_no_load	3	4	0.512405963374	0.614679490594	3	332	0	
54	0	50	step_1_no_load	1	2	2	156	
54	0	50	step_2_no_load	5	6	0.606862017918	0.47381367271	6	247	1	
54	0	51	step_1_no_load	1	2	2	0	
54	0	51	step_2_no_load	5	6	0.564866799699	0.469943944943	6	201	1	
54	0	52	step_1_no_load	1	2	2	218	
54	0	52	step_2_no_load	3	4	0.513589895419	0.613408921915	4	212	1	
54	0	53	step_1_no_load	1	2	2	52	
54	0	53	step_2_no_load	3	4	0.475342927439	0.630956764252	4	202	1	
54	0	54	step_1_no_load	1	2	2	332	
54	0	54	step_2_no_load	5	6	0.570223904064	0.491512498697	6	251	0	
54	0	55	step_1_no_load	1	2	2	95	
54	0	55	step_2_no_load	5	6	0.574045915747	0.487025527704	6	42	0	
54	0	56	step_1_no_load	1	2	2	15	
54	0	56	step_2_no_load	5	6	0.601856598146	0.459773408493	6	572	1	
54	0	57	step_1_no_load	1	2	2	147	
54	0	57	step_2_no_load	5	6	0.641849303307	0.466449077359	6	134	1	
54	0	58	step_1_no_load	1	2	2	73	
54	0	58	step_2_no_load	5	6	0.664682809182	0.478335218822	6	80	1	
54	0	59	step_1_no_load	1	2	2	207	
54	0	59	step_2_no_load	3	4	0.537400760025	0.608951267756	4	261	1	
54	0	60	step_1_no_load	1	2	2	23	
54	0	60	step_2_no_load	5	6	0.623687406259	0.491916707098	6	129	0	
54	0	61	step_1_no_load	1	2	2	317	
54	0	61	step_2_no_load	5	6	0.669587072502	0.464268875813	6	318	0	
54	0	62	step_1_no_load	1	2	2	2	
54	0	62	step_2_no_load	5	6	0.691137204746	0.50724109756	6	98	1	
54	0	63	step_1_no_load	1	2	2	797	
54	0	63	step_2_no_load	3	4	0.519445130796	0.642623127313	4	599	0	
54	0	64	step_1_no_load	1	2	1	3	
54	0	64	step_2_no_load	3	4	0.533849886794	0.626149195169	3	527	0	
54	0	65	step_1_no_load	1	2	1	672	
54	0	65	step_2_no_load	3	4	0.517687993213	0.619953360065	3	311	1	
54	0	66	step_1_no_load	1	2	1	246	
54	0	66	step_2_no_load	5	6	0.606938648072	0.573761869714	5	271	0	
54	0	67	step_1_no_load	1	2	1	495	
54	0	67	step_2_no_load	3	4	0.538279387614	0.674463681351	3	288	0	
54	0	68	step_1_no_load	1	2	2	659	
54	0	68	step_2_no_load	3	4	0.523301545299	0.719455209845	4	1261	1	
54	0	69	step_1_no_load	1	2	2	249	
54	0	69	step_2_no_load	5	6	0.622221685203	0.499137600991	6	257	1	
54	0	70	step_1_no_load	1	2	2	354	
54	0	70	step_2_no_load	5	6	0.637556284465	0.498834901463	6	296	0	
54	0	71	step_1_no_load	1	2	2	221	
54	0	71	step_2_no_load	3	4	0.546215110045	0.706816191949	4	421	1	
54	0	72	step_1_no_load	1	2	2	285	
54	0	72	step_2_no_load	5	6	0.626024641967	0.47409116389	6	419	0	
54	0	73	step_1_no_load	1	2	2	177	
54	0	73	step_2_no_load	3	4	0.50185699984	0.727961155836	4	410	0	
54	0	74	step_1_no_load	1	2	2	285	
54	0	74	step_2_no_load	3	4	0.491044983779	0.693624670847	4	141	1	
54	0	75	step_1_no_load	1	2	2	0	
54	0	75	step_2_no_load	3	4	0.483983914712	0.697629587097	4	286	1	
54	0	76	step_1_no_load	1	2	2	408	
54	0	76	step_2_no_load	3	4	0.518881389358	0.690117652944	4	270	1	
54	0	77	step_1_no_load	1	2	2	17	
54	0	77	step_2_no_load	5	6	0.564257587118	0.446809557226	6	41	0	
54	0	78	step_1_no_load	1	2	2	344	
54	0	78	step_2_no_load	5	6	0.536711448352	0.435911167612	5	561	1	
54	0	79	step_1_no_load	1	2	2	543	
54	0	79	step_2_no_load	5	6	0.513695512795	0.389124152368	5	452	1	
54	0	80	step_1_no_load	1	2	2	307	
54	0	80	step_2_no_load	5	6	0.518583383166	0.396016175285	5	336	0	
54	0	81	step_1_no_load	1	2	2	264	
54	0	81	step_2_no_load	5	6	0.529745690463	0.419265522488	5	349	1	
54	0	82	step_1_no_load	1	2	2	279	
54	0	82	step_2_no_load	5	6	0.564729328387	0.395813831323	5	250	1	
54	0	83	step_1_no_load	1	2	2	304	
54	0	83	step_2_no_load	5	6	0.607907985871	0.382772464038	5	234	1	
54	0	84	step_1_no_load	1	2	2	229	
54	0	84	step_2_no_load	5	6	0.65843840156	0.385087938645	5	181	1	
54	0	85	step_1_no_load	1	2	2	244	
54	0	85	step_2_no_load	3	4	0.485785534744	0.712989604416	3	344	0	
54	0	86	step_1_no_load	1	2	2	159	
54	0	86	step_2_no_load	5	6	0.691782850001	0.345323068124	6	260	0	
54	0	87	step_1_no_load	1	2	2	520	
54	0	87	step_2_no_load	3	4	0.493867001103	0.690012761069	-1	-1	-1	
54	0	88	step_1_no_load	1	2	2	357	
54	0	88	step_2_no_load	5	6	0.717410082358	0.377947492322	6	323	1	
54	0	89	step_1_no_load	1	2	2	139	
54	0	89	step_2_no_load	5	6	0.690772436485	0.415882489686	6	201	0	
54	0	90	step_1_no_load	1	2	2	1	
54	0	90	step_2_no_load	3	4	0.530126112124	0.688736868033	3	263	0	
54	0	91	step_1_no_load	1	2	2	73	
54	0	91	step_2_no_load	3	4	0.479087223222	0.657820521772	4	501	1	
54	0	92	step_1_no_load	1	2	2	14	
54	0	92	step_2_no_load	3	4	0.484260039873	0.679381608313	4	416	0	
54	0	93	step_1_no_load	1	2	2	72	
54	0	93	step_2_no_load	3	4	0.473273727684	0.662863370634	4	96	1	
54	0	94	step_1_no_load	1	2	2	95	
54	0	94	step_2_no_load	5	6	0.719464414227	0.429211756872	6	310	0	
54	0	95	step_1_no_load	1	2	2	187	
54	0	95	step_2_no_load	3	4	0.42505578884	0.640209855442	3	1037	1	
54	0	96	step_1_no_load	1	2	2	355	
54	0	96	step_2_no_load	3	4	0.437558890646	0.663095813561	3	414	0	
54	0	97	step_1_no_load	1	2	2	212	
54	0	97	step_2_no_load	5	6	0.681272614291	0.392885664353	6	346	1	
54	0	98	step_1_no_load	1	2	2	248	
54	0	98	step_2_no_load	5	6	0.70287861952	0.409778171713	6	370	0	
54	0	99	step_1_no_load	1	2	2	220	
54	0	99	step_2_no_load	5	6	0.673709850038	0.397561363605	6	356	0	
54	0	100	step_1_no_load	1	2	2	166	
54	0	100	step_2_no_load	5	6	0.666227451505	0.4333505304	5	324	1	
54	0	101	step_1_no_load	1	2	2	327	
54	0	101	step_2_no_load	5	6	0.623812401974	0.497432607584	5	264	0	
54	0	102	step_1_no_load	1	2	1	218	
54	0	102	step_2_no_load	3	4	0.326080462175	0.663124617603	4	375	0	
54	0	103	step_1_no_load	1	2	1	461	
54	0	103	step_2_no_load	3	4	0.322834495838	0.69058998368	3	292	1	
54	0	104	step_1_no_load	1	2	1	514	
54	0	104	step_2_no_load	3	4	0.303696146503	0.743372642809	3	313	0	
54	0	105	step_1_no_load	1	2	2	117	
54	0	105	step_2_no_load	5	6	0.689135357059	0.514318365187	5	401	1	
54	0	106	step_1_no_load	1	2	2	339	
54	0	106	step_2_no_load	3	4	0.374131494222	0.699623252899	3	321	0	
54	0	107	step_1_no_load	1	2	2	178	
54	0	107	step_2_no_load	3	4	0.388257337796	0.677514185929	4	666	0	
54	0	108	step_1_no_load	1	2	2	94	
54	0	108	step_2_no_load	3	4	0.388185708856	0.681491063126	4	369	1	
54	0	109	step_1_no_load	1	2	2	238	
54	0	109	step_2_no_load	5	6	0.71632547018	0.479977531501	5	784	0	
54	0	110	step_1_no_load	1	2	2	208	
54	0	110	step_2_no_load	5	6	0.729599891941	0.432626681236	5	297	1	
54	0	111	step_1_no_load	1	2	2	208	
54	0	111	step_2_no_load	5	6	0.724852671171	0.384948378665	5	348	1	
54	0	112	step_1_no_load	1	2	2	155	
54	0	112	step_2_no_load	3	4	0.413393106784	0.635252945963	3	277	0	
54	0	113	step_1_no_load	1	2	2	285	
54	0	113	step_2_no_load	5	6	0.719324307956	0.370697120277	5	929	1	
54	0	114	step_1_no_load	1	2	2	392	
54	0	114	step_2_no_load	3	4	0.384736699284	0.657654904272	4	1004	1	
54	0	115	step_1_no_load	1	2	2	313	
54	0	115	step_2_no_load	3	4	0.357661171116	0.645721217949	4	373	0	
54	0	116	step_1_no_load	1	2	2	186	
54	0	116	step_2_no_load	5	6	0.706736514943	0.378149844807	5	432	1	
54	0	117	step_1_no_load	1	2	2	251	
54	0	117	step_2_no_load	5	6	0.747012267642	0.374621793791	5	582	0	
54	0	118	step_1_no_load	1	2	2	198	
54	0	118	step_2_no_load	5	6	0.740051715856	0.357645851833	5	534	1	
54	0	119	step_1_no_load	1	2	2	317	
54	0	119	step_2_no_load	5	6	0.690424535099	0.357515098446	5	669	1	
54	0	120	step_1_no_load	1	2	2	273	
54	0	120	step_2_no_load	5	6	0.70587238626	0.370150243662	5	834	1	
54	0	121	step_1_no_load	1	2	2	380	
54	0	121	step_2_no_load	3	4	0.310775244958	0.671052306195	4	487	1	
54	0	122	step_1_no_load	1	2	2	458	
54	0	122	step_2_no_load	3	4	0.266650857402	0.672193618854	4	677	1	
54	0	123	step_1_no_load	1	2	2	257	
54	0	123	step_2_no_load	5	6	0.583607229978	0.337526896345	5	428	0	
54	0	124	step_1_no_load	1	2	2	195	
54	0	124	step_2_no_load	5	6	0.603013298253	0.309430836661	5	292	1	
54	0	125	step_1_no_load	1	2	2	324	
54	0	125	step_2_no_load	3	4	0.290374841566	0.633566302563	3	319	0	
54	0	126	step_1_no_load	1	2	2	396	
54	0	126	step_2_no_load	5	6	0.537863824328	0.300846667696	5	490	0	
54	0	127	step_1_no_load	1	2	2	213	
54	0	127	step_2_no_load	5	6	0.560824094575	0.274944938508	5	1299	0	
54	0	128	step_1_no_load	1	2	2	355	
54	0	128	step_2_no_load	5	6	0.636905534066	0.250790232267	5	390	1	
54	0	129	step_1_no_load	1	2	2	302	
54	0	129	step_2_no_load	5	6	0.685297910719	0.271709703542	5	782	0	
54	0	130	step_1_no_load	1	2	2	33	
54	0	130	step_2_no_load	5	6	0.682031489739	0.274560758494	5	298	1	
54	0	131	step_1_no_load	1	2	2	346	
54	0	131	step_2_no_load	5	6	0.678044920845	0.311475039155	5	450	0	
54	0	132	step_1_no_load	1	2	2	89	
54	0	132	step_2_no_load	5	6	0.668578020634	0.315328810424	5	952	1	
54	0	133	step_1_no_load	1	2	2	272	
54	0	133	step_2_no_load	5	6	0.617383991623	0.312642735495	5	800	1	
54	0	134	step_1_no_load	1	2	2	293	
54	0	134	step_2_no_load	5	6	0.621945110858	0.302839427162	5	495	0	
54	0	135	step_1_no_load	1	2	2	771	
54	0	135	step_2_no_load	3	4	0.300079459047	0.700779221781	-1	-1	-1	
54	0	136	step_1_no_load	1	2	2	766	
54	0	136	step_2_no_load	3	4	0.307766925452	0.674914008636	4	403	1	
54	0	137	step_1_no_load	1	2	2	444	
54	0	137	step_2_no_load	5	6	0.605896884497	0.325016613024	5	661	1	
54	0	138	step_1_no_load	1	2	2	295	
54	0	138	step_2_no_load	5	6	0.63240964674	0.307694123906	5	642	0	
54	0	139	step_1_no_load	1	2	2	248	
54	0	139	step_2_no_load	5	6	0.636630981281	0.323660750961	5	309	1	
54	0	140	step_1_no_load	1	2	2	233	
54	0	140	step_2_no_load	5	6	0.671213945178	0.328174526491	5	351	0	
54	0	141	step_1_no_load	1	2	2	184	
54	0	141	step_2_no_load	3	4	0.390227133375	0.616803346728	3	223	0	
54	0	142	step_1_no_load	1	2	2	305	
54	0	142	step_2_no_load	5	6	0.690276058009	0.304203281606	5	624	1	
54	0	143	step_1_no_load	1	2	2	342	
54	0	143	step_2_no_load	5	6	0.661365099615	0.313516825296	5	516	1	
54	0	144	step_1_no_load	1	2	2	178	
54	0	144	step_2_no_load	5	6	0.626443722248	0.275932517017	5	1029	1	
54	0	145	step_1_no_load	1	2	2	379	
54	0	145	step_2_no_load	5	6	0.6669125229	0.266265924094	5	471	1	
54	0	146	step_1_no_load	1	2	2	291	
54	0	146	step_2_no_load	5	6	0.681611991725	0.257861956214	5	861	1	
54	0	147	step_1_no_load	1	2	2	222	
54	0	147	step_2_no_load	5	6	0.647798886916	0.265578160642	5	664	1	
54	0	148	step_1_no_load	1	2	2	300	
54	0	148	step_2_no_load	5	6	0.619272702026	0.305288021243	5	533	0	
54	0	149	step_1_no_load	1	2	2	1	
54	0	149	step_2_no_load	5	6	0.601870110183	0.269951834184	5	342	1	
54	0	150	step_1_no_load	1	2	2	269	
54	0	150	step_2_no_load	5	6	0.575985663078	0.305587692243	5	263	0	
54	0	151	step_1_no_load	1	2	2	225	
54	0	151	step_2_no_load	5	6	0.59154759351	0.348172164421	5	244	0	
54	0	152	step_1_no_load	1	2	2	162	
54	0	152	step_2_no_load	3	4	0.323194010514	0.644204174791	4	420	1	
54	0	153	step_1_no_load	1	2	2	191	
54	0	153	step_2_no_load	5	6	0.613336203392	0.309356532263	6	264	0	
54	0	154	step_1_no_load	1	2	2	80	
54	0	154	step_2_no_load	3	4	0.348349389262	0.671672162443	4	423	1	
54	0	155	step_1_no_load	1	2	2	244	
54	0	155	step_2_no_load	5	6	0.632486591889	0.296093457977	5	350	1	
54	0	156	step_1_no_load	1	2	2	222	
54	0	156	step_2_no_load	3	4	0.368378667812	0.734436160799	4	598	0	
54	0	157	step_1_no_load	1	2	2	0	
54	0	157	step_2_no_load	5	6	0.585191807512	0.350909357271	5	955	1	
54	0	158	step_1_no_load	1	2	2	242	
54	0	158	step_2_no_load	5	6	0.532722108502	0.408728803896	5	836	1	
54	0	159	step_1_no_load	1	2	2	255	
54	0	159	step_2_no_load	5	6	0.541222065796	0.413026375257	5	508	1	
54	0	160	step_1_no_load	1	2	2	223	
54	0	160	step_2_no_load	5	6	0.521229931064	0.415052912783	5	1024	0	
54	0	161	step_1_no_load	1	2	2	305	
54	0	161	step_2_no_load	5	6	0.516036498158	0.407025633682	5	400	0	
54	0	162	step_1_no_load	1	2	2	318	
54	0	162	step_2_no_load	5	6	0.566496468084	0.3926701003	5	695	0	
54	0	163	step_1_no_load	1	2	2	298	
54	0	163	step_2_no_load	5	6	0.5863391277	0.395221309311	5	337	1	
54	0	164	step_1_no_load	1	2	2	330	
54	0	164	step_2_no_load	3	4	0.430844125626	0.692137394606	4	989	1	
54	0	165	step_1_no_load	1	2	2	316	
54	0	165	step_2_no_load	5	6	0.538026607649	0.463777557969	5	847	0	
54	0	166	step_1_no_load	1	2	2	356	
54	0	166	step_2_no_load	5	6	0.549095060025	0.422282731054	5	1093	1	
54	0	167	step_1_no_load	1	2	2	1143	
54	0	167	step_2_no_load	5	6	0.585131062446	0.38753671275	5	1048	1	
54	0	168	step_1_no_load	1	2	2	459	
54	0	168	step_2_no_load	5	6	0.613361520676	0.400817642375	5	952	1	
54	0	169	step_1_no_load	1	2	2	862	
54	0	169	step_2_no_load	5	6	0.586049140041	0.42098542374	5	1308	0	
54	0	170	step_1_no_load	1	2	2	369	
54	0	170	step_2_no_load	5	6	0.57151385403	0.411067820436	5	1051	0	
54	0	171	step_1_no_load	1	2	2	141	
54	0	171	step_2_no_load	5	6	0.553314431843	0.386979310814	5	389	0	
54	0	172	step_1_no_load	1	2	2	93	
54	0	172	step_2_no_load	3	4	0.490120307546	0.668669556875	4	452	0	
54	0	173	step_1_no_load	1	2	2	434	
54	0	173	step_2_no_load	5	6	0.484428109849	0.385349297983	6	565	1	
54	0	174	step_1_no_load	1	2	2	404	
54	0	174	step_2_no_load	5	6	0.472729524832	0.387867297446	6	697	0	
54	0	175	step_1_no_load	1	2	2	212	
54	0	175	step_2_no_load	3	4	0.484825491933	0.693968268443	4	219	1	
54	0	176	step_1_no_load	1	2	2	390	
54	0	176	step_2_no_load	3	4	0.500856457218	0.679250000396	4	1249	1	
54	0	177	step_1_no_load	1	2	2	289	
54	0	177	step_2_no_load	5	6	0.501268576771	0.357425668099	6	212	1	
54	0	178	step_1_no_load	1	2	2	160	
54	0	178	step_2_no_load	5	6	0.493712351915	0.36473828006	6	324	1	
54	0	179	step_1_no_load	1	2	2	304	
54	0	179	step_2_no_load	5	6	0.457298770028	0.324685418097	6	293	0	
54	0	180	step_1_no_load	1	2	2	0	
54	0	180	step_2_no_load	3	4	0.489345734128	0.719795072986	4	221	1	
54	0	181	step_1_no_load	1	2	2	287	
54	0	181	step_2_no_load	3	4	0.480141179559	0.746910336326	4	1064	0	
54	0	182	step_1_no_load	1	2	2	4	
54	0	182	step_2_no_load	5	6	0.506773281362	0.340533666308	5	439	1	
54	0	183	step_1_no_load	1	2	2	245	
54	0	183	step_2_no_load	5	6	0.502991759047	0.350175837802	5	802	1	
54	0	184	step_1_no_load	1	2	2	387	
54	0	184	step_2_no_load	5	6	0.460890977786	0.362743255194	5	464	1	
54	0	185	step_1_no_load	1	2	2	232	
54	0	185	step_2_no_load	5	6	0.479703516092	0.362611152222	5	575	0	
54	0	186	step_1_no_load	1	2	2	327	
54	0	186	step_2_no_load	5	6	0.46870859828	0.332733011923	5	582	1	
54	0	187	step_1_no_load	1	2	2	237	
54	0	187	step_2_no_load	5	6	0.443962917772	0.328890769988	5	594	1	
54	0	188	step_1_no_load	1	2	2	275	
54	0	188	step_2_no_load	5	6	0.471319680586	0.291508050861	5	708	0	
54	0	189	step_1_no_load	1	2	2	268	
54	0	189	step_2_no_load	3	4	0.534753756004	0.688353284054	-1	-1	-1	
54	0	190	step_1_no_load	1	2	2	284	
54	0	190	step_2_no_load	3	4	0.505820429042	0.667655825994	4	852	0	
54	0	191	step_1_no_load	1	2	2	273	
54	0	191	step_2_no_load	3	4	0.512103523931	0.664271461991	4	103	1	
54	0	192	step_1_no_load	1	2	2	408	
54	0	192	step_2_no_load	5	6	0.450791310283	0.299297135717	5	365	0	
54	0	193	step_1_no_load	1	2	2	119	
54	0	193	step_2_no_load	5	6	0.440813209638	0.321008037746	6	650	1	
54	0	194	step_1_no_load	1	2	2	275	
54	0	194	step_2_no_load	5	6	0.433250459893	0.342437174514	5	476	0	
54	0	195	step_1_no_load	1	2	2	273	
54	0	195	step_2_no_load	3	4	0.494102184238	0.646280688878	3	372	0	
54	0	196	step_1_no_load	1	2	2	453	
54	0	196	step_2_no_load	5	6	0.421761207498	0.365373286058	5	1154	0	
54	0	197	step_1_no_load	1	2	2	296	
54	0	197	step_2_no_load	5	6	0.422511153127	0.316987700969	5	603	0	
54	0	198	step_1_no_load	1	2	2	260	
54	0	198	step_2_no_load	5	6	0.397292432346	0.303352625941	6	347	0	
54	0	199	step_1_no_load	1	2	2	366	
54	0	199	step_2_no_load	3	4	0.529438031858	0.73697129762	4	348	0	
54	0	200	step_1_no_load	1	2	2	444	
54	0	200	step_2_no_load	3	4	0.507902534353	0.728996708473	4	291	1	

Tue May  9 10:52:36 2017
