Mon May 15 14:33:20 2017	
55	0	1	step_1_no_load	1	2	2	920	
55	0	1	step_2_no_load	3	4	0.511789129507	0.598297890399	-1	-1	-1	
55	0	2	step_1_no_load	1	2	2	668	
55	0	2	step_2_no_load	5	6	0.610961032466	0.474613197709	6	496	0	
55	0	3	step_1_no_load	1	2	2	509	
55	0	3	step_2_no_load	5	6	0.589215227351	0.476767372206	6	263	0	
55	0	4	step_1_no_load	1	2	1	345	
55	0	4	step_2_no_load	3	4	0.494597764192	0.597491569846	3	439	1	
55	0	5	step_1_no_load	1	2	1	267	
55	0	5	step_2_no_load	5	6	0.576104915614	0.495568760483	5	270	1	
55	0	6	step_1_no_load	1	2	2	379	
55	0	6	step_2_no_load	3	4	0.490454120702	0.585722686883	4	523	1	
55	0	7	step_1_no_load	1	2	2	242	
55	0	7	step_2_no_load	5	6	0.622642364361	0.500071913476	6	0	1	
55	0	8	step_1_no_load	1	2	1	340	
55	0	8	step_2_no_load	3	4	0.499203529332	0.59128639594	3	329	0	
55	0	9	step_1_no_load	1	2	1	225	
55	0	9	step_2_no_load	3	4	0.54429228266	0.598049061473	3	175	1	
55	0	10	step_1_no_load	1	2	1	533	
55	0	10	step_2_no_load	3	4	0.576063520885	0.652626043146	3	244	1	
55	0	11	step_1_no_load	1	2	2	98	
55	0	11	step_2_no_load	5	6	0.609191465743	0.477013315682	6	403	1	
55	0	12	step_1_no_load	1	2	2	397	
55	0	12	step_2_no_load	5	6	0.552770607849	0.48457206759	6	448	1	
55	0	13	step_1_no_load	1	2	2	421	
55	0	13	step_2_no_load	5	6	0.558313135925	0.52012981853	6	347	1	
55	0	14	step_1_no_load	1	2	1	257	
55	0	14	step_2_no_load	3	4	0.611256675753	0.629137942344	3	29	1	
55	0	15	step_1_no_load	1	2	1	342	
55	0	15	step_2_no_load	3	4	0.633564630036	0.612260006668	3	337	1	
55	0	16	step_1_no_load	1	2	1	282	
55	0	16	step_2_no_load	5	6	0.553308964466	0.510958036527	5	354	0	
55	0	17	step_1_no_load	1	2	1	270	
55	0	17	step_2_no_load	3	4	0.643116883134	0.633350170016	3	233	0	
55	0	18	step_1_no_load	1	2	1	379	
55	0	18	step_2_no_load	3	4	0.626895526976	0.626834332012	3	307	1	
55	0	19	step_1_no_load	1	2	2	376	
55	0	19	step_2_no_load	5	6	0.536502319591	0.498240186199	6	353	0	
55	0	20	step_1_no_load	1	2	1	337	
55	0	20	step_2_no_load	3	4	0.60665343963	0.636521555122	3	387	1	
55	0	21	step_1_no_load	1	2	1	252	
55	0	21	step_2_no_load	3	4	0.611328949295	0.630305464549	3	247	1	
55	0	22	step_1_no_load	1	2	1	297	
55	0	22	step_2_no_load	3	4	0.618527126547	0.621949894727	3	270	0	
55	0	23	step_1_no_load	1	2	1	404	
55	0	23	step_2_no_load	3	4	0.604065470975	0.640163623731	3	329	0	
55	0	24	step_1_no_load	1	2	2	198	
55	0	24	step_2_no_load	5	6	0.503316199018	0.505388876622	6	230	1	
55	0	25	step_1_no_load	1	2	2	259	
55	0	25	step_2_no_load	5	6	0.503605105412	0.503316372362	6	269	0	
55	0	26	step_1_no_load	1	2	2	322	
55	0	26	step_2_no_load	5	6	0.532884212818	0.511744353778	6	438	0	
55	0	27	step_1_no_load	1	2	2	273	
55	0	27	step_2_no_load	5	6	0.54756089792	0.507272671939	6	278	0	
55	0	28	step_1_no_load	1	2	1	327	
55	0	28	step_2_no_load	3	4	0.647441527317	0.588356036098	3	280	1	
55	0	29	step_1_no_load	1	2	1	222	
55	0	29	step_2_no_load	5	6	0.561957580386	0.521159009103	5	269	0	
55	0	30	step_1_no_load	1	2	1	829	
55	0	30	step_2_no_load	3	4	0.610227092493	0.608245979832	3	585	1	
55	0	31	step_1_no_load	1	2	1	333	
55	0	31	step_2_no_load	3	4	0.606122691795	0.636602545794	3	269	0	
55	0	32	step_1_no_load	1	2	1	339	
55	0	32	step_2_no_load	3	4	0.605616211083	0.634585171267	3	291	1	
55	0	33	step_1_no_load	1	2	1	354	
55	0	33	step_2_no_load	3	4	0.618000238621	0.611700032906	3	657	1	
55	0	34	step_1_no_load	1	2	1	457	
55	0	34	step_2_no_load	3	4	0.670290552209	0.575802910074	3	414	1	
55	0	35	step_1_no_load	1	2	1	296	
55	0	35	step_2_no_load	3	4	0.649776015006	0.566827313385	3	299	1	
55	0	36	step_1_no_load	1	2	1	300	
55	0	36	step_2_no_load	3	4	0.661229326326	0.527635087561	3	391	0	
55	0	37	step_1_no_load	1	2	2	250	
55	0	37	step_2_no_load	3	4	0.660658056664	0.513822304161	4	402	0	
55	0	38	step_1_no_load	1	2	2	385	
55	0	38	step_2_no_load	5	6	0.595113730206	0.553931241266	6	293	1	
55	0	39	step_1_no_load	1	2	2	649	
55	0	39	step_2_no_load	5	6	0.610601635554	0.578640235206	6	400	1	
55	0	40	step_1_no_load	1	2	2	264	
55	0	40	step_2_no_load	5	6	0.607992802154	0.5691386571	6	384	1	
55	0	41	step_1_no_load	1	2	2	281	
55	0	41	step_2_no_load	5	6	0.588857868869	0.583829055298	6	285	0	
55	0	42	step_1_no_load	1	2	1	349	
55	0	42	step_2_no_load	5	6	0.609164606591	0.553461946234	5	467	1	
55	0	43	step_1_no_load	1	2	1	276	
55	0	43	step_2_no_load	5	6	0.612705031264	0.548128010644	5	391	0	
55	0	44	step_1_no_load	1	2	1	267	
55	0	44	step_2_no_load	3	4	0.589653131867	0.541854396676	3	286	0	
55	0	45	step_1_no_load	1	2	1	290	
55	0	45	step_2_no_load	5	6	0.632991467829	0.5288039409	5	272	0	
55	0	46	step_1_no_load	1	2	1	336	
55	0	46	step_2_no_load	3	4	0.654261318712	0.55511883717	3	478	1	
55	0	47	step_1_no_load	1	2	1	299	
55	0	47	step_2_no_load	3	4	0.634373567175	0.546259467838	3	258	0	
55	0	48	step_1_no_load	1	2	1	257	
55	0	48	step_2_no_load	5	6	0.615767119776	0.488280685105	5	248	1	
55	0	49	step_1_no_load	1	2	1	243	
55	0	49	step_2_no_load	5	6	0.610193185592	0.489287375157	5	316	1	
55	0	50	step_1_no_load	1	2	2	186	
55	0	50	step_2_no_load	5	6	0.606862017918	0.47381367271	6	234	0	
55	0	51	step_1_no_load	1	2	2	281	
55	0	51	step_2_no_load	5	6	0.564866799699	0.469943944943	6	259	0	
55	0	52	step_1_no_load	1	2	2	329	
55	0	52	step_2_no_load	5	6	0.539065404057	0.429622901875	6	547	1	
55	0	53	step_1_no_load	1	2	2	279	
55	0	53	step_2_no_load	5	6	0.551457882502	0.451905460347	6	551	1	
55	0	54	step_1_no_load	1	2	2	406	
55	0	54	step_2_no_load	5	6	0.570223904064	0.491512498697	6	585	1	
55	0	55	step_1_no_load	1	2	2	307	
55	0	55	step_2_no_load	3	4	0.639840796975	0.526704292526	3	485	1	
55	0	56	step_1_no_load	1	2	2	569	
55	0	56	step_2_no_load	3	4	0.60038825769	0.538512915562	3	560	1	
55	0	57	step_1_no_load	1	2	2	534	
55	0	57	step_2_no_load	3	4	0.586335094239	0.516475618243	3	1055	1	
55	0	58	step_1_no_load	1	2	1	635	
55	0	58	step_2_no_load	5	6	0.664682809182	0.478335218822	6	766	1	
55	0	59	step_1_no_load	1	2	2	737	
55	0	59	step_2_no_load	5	6	0.632500293208	0.480274332693	6	847	1	
55	0	60	step_1_no_load	1	2	2	543	
55	0	60	step_2_no_load	5	6	0.623687406259	0.491916707098	6	701	0	
55	0	61	step_1_no_load	1	2	1	658	
55	0	61	step_2_no_load	5	6	0.669587072502	0.464268875813	6	814	1	
55	0	62	step_1_no_load	1	2	2	650	
55	0	62	step_2_no_load	5	6	0.691137204746	0.50724109756	6	448	1	
55	0	63	step_1_no_load	1	2	2	762	
55	0	63	step_2_no_load	5	6	0.664284493458	0.53192660365	6	690	0	
55	0	64	step_1_no_load	1	2	1	316	
55	0	64	step_2_no_load	3	4	0.626149195169	0.533849886794	3	630	1	
55	0	65	step_1_no_load	1	2	1	549	
55	0	65	step_2_no_load	3	4	0.619953360065	0.517687993213	3	671	0	
55	0	66	step_1_no_load	1	2	2	284	
55	0	66	step_2_no_load	5	6	0.606938648072	0.573761869714	6	951	1	
55	0	67	step_1_no_load	1	2	2	670	
55	0	67	step_2_no_load	5	6	0.597650193897	0.542076810516	6	416	0	
55	0	68	step_1_no_load	1	2	2	1143	
55	0	68	step_2_no_load	5	6	0.622963076372	0.509127161919	6	777	0	
55	0	69	step_1_no_load	1	2	1	231	
55	0	69	step_2_no_load	3	4	0.718756538957	0.560462111264	3	867	0	
55	0	70	step_1_no_load	1	2	1	383	
55	0	70	step_2_no_load	3	4	0.697741832068	0.548075770764	3	712	1	
55	0	71	step_1_no_load	1	2	1	312	
55	0	71	step_2_no_load	5	6	0.639174917797	0.482863323776	6	687	0	
55	0	72	step_1_no_load	1	2	1	498	
55	0	72	step_2_no_load	3	4	0.705884789502	0.556486305476	3	533	1	
55	0	73	step_1_no_load	1	2	1	579	
55	0	73	step_2_no_load	5	6	0.657126403029	0.435957313805	6	322	0	
55	0	74	step_1_no_load	1	2	1	459	
55	0	74	step_2_no_load	5	6	0.614462146454	0.453420386428	6	703	1	
55	0	75	step_1_no_load	1	2	1	360	
55	0	75	step_2_no_load	3	4	0.697629587097	0.483983914712	3	456	0	
55	0	76	step_1_no_load	1	2	2	384	
55	0	76	step_2_no_load	5	6	0.62770291155	0.488583631821	6	586	0	
55	0	77	step_1_no_load	1	2	2	333	
55	0	77	step_2_no_load	3	4	0.679737625371	0.538119616568	4	282	0	
55	0	78	step_1_no_load	1	2	2	487	
55	0	78	step_2_no_load	5	6	0.536711448352	0.435911167612	6	494	1	
55	0	79	step_1_no_load	1	2	2	522	
55	0	79	step_2_no_load	3	4	0.647841624544	0.540085062695	3	396	1	
55	0	80	step_1_no_load	1	2	1	289	
55	0	80	step_2_no_load	3	4	0.703969305517	0.49921021142	3	949	1	
55	0	81	step_1_no_load	1	2	1	591	
55	0	81	step_2_no_load	5	6	0.529745690463	0.419265522488	6	321	1	
55	0	82	step_1_no_load	1	2	2	308	
55	0	82	step_2_no_load	5	6	0.564729328387	0.395813831323	6	861	1	
55	0	83	step_1_no_load	1	2	2	528	
55	0	83	step_2_no_load	3	4	0.726885136842	0.483255412498	3	436	1	
55	0	84	step_1_no_load	1	2	1	325	
55	0	84	step_2_no_load	3	4	0.731466635793	0.505586222209	3	451	1	
55	0	85	step_1_no_load	1	2	1	759	
55	0	85	step_2_no_load	5	6	0.692384972752	0.384458259121	6	685	1	
55	0	86	step_1_no_load	1	2	2	264	
55	0	86	step_2_no_load	5	6	0.691782850001	0.345323068124	6	467	0	
55	0	87	step_1_no_load	1	2	1	368	
55	0	87	step_2_no_load	3	4	0.690012761069	0.493867001103	3	619	1	
55	0	88	step_1_no_load	1	2	1	298	
55	0	88	step_2_no_load	3	4	0.696773608304	0.509563243675	3	537	1	
55	0	89	step_1_no_load	1	2	1	404	
55	0	89	step_2_no_load	3	4	0.660112261017	0.490019385174	3	574	1	
55	0	90	step_1_no_load	1	2	1	348	
55	0	90	step_2_no_load	3	4	0.688736868033	0.530126112124	3	605	1	
55	0	91	step_1_no_load	1	2	1	321	
55	0	91	step_2_no_load	3	4	0.657820521772	0.479087223222	3	770	1	
55	0	92	step_1_no_load	1	2	1	449	
55	0	92	step_2_no_load	5	6	0.692406274724	0.444368850664	6	355	0	
55	0	93	step_1_no_load	1	2	1	359	
55	0	93	step_2_no_load	3	4	0.662863370634	0.473273727684	3	655	0	
55	0	94	step_1_no_load	1	2	1	235	
55	0	94	step_2_no_load	3	4	0.668295023896	0.468637558205	3	611	1	
55	0	95	step_1_no_load	1	2	1	407	
55	0	95	step_2_no_load	3	4	0.640209855442	0.42505578884	3	447	1	
55	0	96	step_1_no_load	1	2	1	313	
55	0	96	step_2_no_load	5	6	0.693739812506	0.383038640121	6	523	1	
55	0	97	step_1_no_load	1	2	2	233	
55	0	97	step_2_no_load	5	6	0.681272614291	0.392885664353	6	1019	1	
55	0	98	step_1_no_load	1	2	2	312	
55	0	98	step_2_no_load	5	6	0.70287861952	0.409778171713	6	386	0	
55	0	99	step_1_no_load	1	2	1	281	
55	0	99	step_2_no_load	3	4	0.645191748454	0.375249961522	3	703	1	
55	0	100	step_1_no_load	1	2	1	295	
55	0	100	step_2_no_load	3	4	0.66579920021	0.363162156005	3	562	0	
55	0	101	step_1_no_load	1	2	1	439	
55	0	101	step_2_no_load	3	4	0.655903528958	0.366879421891	3	504	1	
55	0	102	step_1_no_load	1	2	1	288	
55	0	102	step_2_no_load	3	4	0.663124617603	0.326080462175	3	362	1	
55	0	103	step_1_no_load	1	2	1	443	
55	0	103	step_2_no_load	3	4	0.69058998368	0.322834495838	3	486	0	
55	0	104	step_1_no_load	1	2	2	234	
55	0	104	step_2_no_load	5	6	0.703870701136	0.521047445908	6	510	1	
55	0	105	step_1_no_load	1	2	2	540	
55	0	105	step_2_no_load	3	4	0.722851301692	0.352639603242	3	417	1	
55	0	106	step_1_no_load	1	2	1	405	
55	0	106	step_2_no_load	3	4	0.699623252899	0.374131494222	3	945	1	
55	0	107	step_1_no_load	1	2	1	418	
55	0	107	step_2_no_load	3	4	0.677514185929	0.388257337796	3	431	1	
55	0	108	step_1_no_load	1	2	1	291	
55	0	108	step_2_no_load	3	4	0.681491063126	0.388185708856	3	445	1	
55	0	109	step_1_no_load	1	2	1	306	
55	0	109	step_2_no_load	5	6	0.71632547018	0.479977531501	6	469	0	
55	0	110	step_1_no_load	1	2	1	335	
55	0	110	step_2_no_load	3	4	0.65455226558	0.395544455384	4	696	1	
55	0	111	step_1_no_load	1	2	2	362	
55	0	111	step_2_no_load	5	6	0.724852671171	0.384948378665	5	551	1	
55	0	112	step_1_no_load	1	2	2	1040	
55	0	112	step_2_no_load	5	6	0.725701866094	0.392887565883	6	500	0	
55	0	113	step_1_no_load	1	2	2	645	
55	0	113	step_2_no_load	5	6	0.719324307956	0.370697120277	5	380	1	
55	0	114	step_1_no_load	1	2	1	562	
55	0	114	step_2_no_load	3	4	0.657654904272	0.384736699284	3	576	1	
55	0	115	step_1_no_load	1	2	1	384	
55	0	115	step_2_no_load	3	4	0.645721217949	0.357661171116	3	426	1	
55	0	116	step_1_no_load	1	2	1	329	
55	0	116	step_2_no_load	5	6	0.706736514943	0.378149844807	6	312	1	
55	0	117	step_1_no_load	1	2	2	378	
55	0	117	step_2_no_load	5	6	0.747012267642	0.374621793791	6	504	0	
55	0	118	step_1_no_load	1	2	2	274	
55	0	118	step_2_no_load	5	6	0.740051715856	0.357645851833	6	397	0	
55	0	119	step_1_no_load	1	2	1	278	
55	0	119	step_2_no_load	3	4	0.661177321751	0.358243439099	3	515	0	
55	0	120	step_1_no_load	1	2	1	296	
55	0	120	step_2_no_load	3	4	0.666433355915	0.333809617664	3	588	0	
55	0	121	step_1_no_load	1	2	2	418	
55	0	121	step_2_no_load	5	6	0.658856304095	0.352721767208	5	495	1	
55	0	122	step_1_no_load	1	2	1	270	
55	0	122	step_2_no_load	3	4	0.672193618854	0.266650857402	3	456	1	
55	0	123	step_1_no_load	1	2	1	463	
55	0	123	step_2_no_load	5	6	0.583607229978	0.337526896345	5	551	1	
55	0	124	step_1_no_load	1	2	2	332	
55	0	124	step_2_no_load	5	6	0.603013298253	0.309430836661	6	603	1	
55	0	125	step_1_no_load	1	2	2	300	
55	0	125	step_2_no_load	3	4	0.633566302563	0.290374841566	3	378	0	
55	0	126	step_1_no_load	1	2	1	337	
55	0	126	step_2_no_load	3	4	0.600985760967	0.267206368684	3	532	1	
55	0	127	step_1_no_load	1	2	1	433	
55	0	127	step_2_no_load	3	4	0.646945556251	0.273483952592	3	286	1	
55	0	128	step_1_no_load	1	2	1	328	
55	0	128	step_2_no_load	3	4	0.620672334996	0.260252451606	4	247	0	
55	0	129	step_1_no_load	1	2	2	293	
55	0	129	step_2_no_load	5	6	0.685297910719	0.271709703542	5	486	0	
55	0	130	step_1_no_load	1	2	1	402	
55	0	130	step_2_no_load	5	6	0.682031489739	0.274560758494	6	393	0	
55	0	131	step_1_no_load	1	2	1	459	
55	0	131	step_2_no_load	5	6	0.678044920845	0.311475039155	5	282	0	
55	0	132	step_1_no_load	1	2	2	333	
55	0	132	step_2_no_load	3	4	0.660013924697	0.27986961048	4	387	0	
55	0	133	step_1_no_load	1	2	2	361	
55	0	133	step_2_no_load	5	6	0.617383991623	0.312642735495	6	745	0	
55	0	134	step_1_no_load	1	2	1	334	
55	0	134	step_2_no_load	5	6	0.621945110858	0.302839427162	6	686	0	
55	0	135	step_1_no_load	1	2	2	1329	
55	0	135	step_2_no_load	3	4	0.700779221781	0.300079459047	4	1209	0	
55	0	136	step_1_no_load	1	2	1	555	
55	0	136	step_2_no_load	5	6	0.597814413435	0.284521085726	6	357	0	
55	0	137	step_1_no_load	1	2	2	456	
55	0	137	step_2_no_load	5	6	0.605896884497	0.325016613024	6	315	0	
55	0	138	step_1_no_load	1	2	1	500	
55	0	138	step_2_no_load	3	4	0.688182193337	0.366701525561	3	403	1	
55	0	139	step_1_no_load	1	2	1	521	
55	0	139	step_2_no_load	3	4	0.696355985729	0.325611400511	3	410	1	
55	0	140	step_1_no_load	1	2	1	521	
55	0	140	step_2_no_load	3	4	0.637682840728	0.348740542008	3	589	0	
55	0	141	step_1_no_load	1	2	2	276	
55	0	141	step_2_no_load	3	4	0.616803346728	0.390227133375	3	605	0	
55	0	142	step_1_no_load	1	2	2	542	
55	0	142	step_2_no_load	5	6	0.690276058009	0.304203281606	6	374	0	
55	0	143	step_1_no_load	1	2	2	514	
55	0	143	step_2_no_load	3	4	0.610219102298	0.410970957547	4	514	0	
55	0	144	step_1_no_load	1	2	1	365	
55	0	144	step_2_no_load	5	6	0.626443722248	0.275932517017	6	332	1	
55	0	145	step_1_no_load	1	2	2	311	
55	0	145	step_2_no_load	5	6	0.6669125229	0.266265924094	6	458	0	
55	0	146	step_1_no_load	1	2	1	302	
55	0	146	step_2_no_load	3	4	0.593778463268	0.320877500969	3	323	0	
55	0	147	step_1_no_load	1	2	1	320	
55	0	147	step_2_no_load	3	4	0.594861186319	0.352879785946	3	372	0	
55	0	148	step_1_no_load	1	2	1	285	
55	0	148	step_2_no_load	3	4	0.648050021239	0.311162711725	3	415	1	
55	0	149	step_1_no_load	1	2	1	315	
55	0	149	step_2_no_load	3	4	0.623203869836	0.300290206122	3	401	1	
55	0	150	step_1_no_load	1	2	1	744	
55	0	150	step_2_no_load	5	6	0.575985663078	0.305587692243	5	444	1	
55	0	151	step_1_no_load	1	2	1	281	
55	0	151	step_2_no_load	5	6	0.59154759351	0.348172164421	6	310	1	
55	0	152	step_1_no_load	1	2	2	288	
55	0	152	step_2_no_load	3	4	0.644204174791	0.323194010514	4	453	0	
55	0	153	step_1_no_load	1	2	1	556	
55	0	153	step_2_no_load	3	4	0.681559292085	0.343622632154	3	487	0	
55	0	154	step_1_no_load	1	2	1	774	
55	0	154	step_2_no_load	3	4	0.671672162443	0.348349389262	3	589	1	
55	0	155	step_1_no_load	1	2	1	414	
55	0	155	step_2_no_load	3	4	0.716100930629	0.372188990474	4	452	0	
55	0	156	step_1_no_load	1	2	2	246	
55	0	156	step_2_no_load	5	6	0.631048201903	0.32564867104	6	298	1	
55	0	157	step_1_no_load	1	2	2	289	
55	0	157	step_2_no_load	3	4	0.720725456325	0.324728201487	3	834	1	
55	0	158	step_1_no_load	1	2	2	491	
55	0	158	step_2_no_load	3	4	0.694270715354	0.334595868098	3	634	1	
55	0	159	step_1_no_load	1	2	2	399	
55	0	159	step_2_no_load	5	6	0.541222065796	0.413026375257	6	573	0	
55	0	160	step_1_no_load	1	2	1	242	
55	0	160	step_2_no_load	3	4	0.710728171711	0.355992626298	3	365	1	
55	0	161	step_1_no_load	1	2	1	399	
55	0	161	step_2_no_load	5	6	0.516036498158	0.407025633682	5	561	0	
55	0	162	step_1_no_load	1	2	2	222	
55	0	162	step_2_no_load	3	4	0.695144769903	0.455329532209	4	884	1	
55	0	163	step_1_no_load	1	2	2	277	
55	0	163	step_2_no_load	5	6	0.5863391277	0.395221309311	6	599	1	
55	0	164	step_1_no_load	1	2	2	316	
55	0	164	step_2_no_load	3	4	0.692137394606	0.430844125626	3	380	0	
55	0	165	step_1_no_load	1	2	1	350	
55	0	165	step_2_no_load	5	6	0.538026607649	0.463777557969	5	544	1	
55	0	166	step_1_no_load	1	2	1	354	
55	0	166	step_2_no_load	5	6	0.549095060025	0.422282731054	6	197	1	
55	0	167	step_1_no_load	1	2	2	372	
55	0	167	step_2_no_load	5	6	0.585131062446	0.38753671275	6	757	0	
55	0	168	step_1_no_load	1	2	1	280	
55	0	168	step_2_no_load	3	4	0.67192508984	0.335777599654	3	800	1	
55	0	169	step_1_no_load	1	2	1	418	
55	0	169	step_2_no_load	3	4	0.704981910944	0.365156560071	4	224	1	
55	0	170	step_1_no_load	1	2	1	382	
55	0	170	step_2_no_load	5	6	0.57151385403	0.411067820436	5	318	1	
55	0	171	step_1_no_load	1	2	1	373	
55	0	171	step_2_no_load	3	4	0.727248140829	0.425122034074	3	640	1	
55	0	172	step_1_no_load	1	2	1	327	
55	0	172	step_2_no_load	5	6	0.519090471457	0.363617002148	6	300	0	
55	0	173	step_1_no_load	1	2	2	261	
55	0	173	step_2_no_load	3	4	0.667027212577	0.462866379815	3	250	1	
55	0	174	step_1_no_load	1	2	1	396	
55	0	174	step_2_no_load	3	4	0.729877433725	0.46236234172	4	398	0	
55	0	175	step_1_no_load	1	2	1	289	
55	0	175	step_2_no_load	3	4	0.693968268443	0.484825491933	3	408	1	
55	0	176	step_1_no_load	1	2	1	279	
55	0	176	step_2_no_load	3	4	0.679250000396	0.500856457218	3	309	1	
55	0	177	step_1_no_load	1	2	1	379	
55	0	177	step_2_no_load	5	6	0.501268576771	0.357425668099	6	415	1	
55	0	178	step_1_no_load	1	2	2	351	
55	0	178	step_2_no_load	3	4	0.705993797498	0.49020858644	4	964	1	
55	0	179	step_1_no_load	1	2	2	356	
55	0	179	step_2_no_load	5	6	0.457298770028	0.324685418097	5	656	0	
55	0	180	step_1_no_load	1	2	2	506	
55	0	180	step_2_no_load	3	4	0.719795072986	0.489345734128	3	902	1	
55	0	181	step_1_no_load	1	2	2	1478	
55	0	181	step_2_no_load	5	6	0.508735114046	0.342402764747	5	1140	1	
55	0	182	step_1_no_load	1	2	2	666	
55	0	182	step_2_no_load	5	6	0.506773281362	0.340533666308	5	657	0	
55	0	183	step_1_no_load	1	2	2	620	
55	0	183	step_2_no_load	3	4	0.720388040749	0.492742497507	4	1066	1	
55	0	184	step_1_no_load	1	2	2	340	
55	0	184	step_2_no_load	5	6	0.460890977786	0.362743255194	6	1058	0	
55	0	185	step_1_no_load	1	2	2	722	
55	0	185	step_2_no_load	5	6	0.479703516092	0.362611152222	5	1265	0	
55	0	186	step_1_no_load	1	2	1	490	
55	0	186	step_2_no_load	5	6	0.46870859828	0.332733011923	5	729	0	
55	0	187	step_1_no_load	1	2	1	278	
55	0	187	step_2_no_load	3	4	0.678211978625	0.498596507669	3	198	0	
55	0	188	step_1_no_load	1	2	1	366	
55	0	188	step_2_no_load	3	4	0.696362660087	0.548350535247	4	362	1	
55	0	189	step_1_no_load	1	2	2	272	
55	0	189	step_2_no_load	3	4	0.688353284054	0.534753756004	4	304	0	
55	0	190	step_1_no_load	1	2	2	490	
55	0	190	step_2_no_load	5	6	0.433568856946	0.304557739386	5	270	1	
55	0	191	step_1_no_load	1	2	2	640	
55	0	191	step_2_no_load	5	6	0.435748387321	0.318839908867	5	361	0	
55	0	192	step_1_no_load	1	2	1	403	
55	0	192	step_2_no_load	3	4	0.705517419189	0.493851022417	4	418	1	
55	0	193	step_1_no_load	1	2	1	420	
55	0	193	step_2_no_load	3	4	0.679792491164	0.504944704439	4	1114	1	
55	0	194	step_1_no_load	1	2	2	318	
55	0	194	step_2_no_load	5	6	0.433250459893	0.342437174514	5	695	0	
55	0	195	step_1_no_load	1	2	2	328	
55	0	195	step_2_no_load	5	6	0.466795336969	0.348571348505	5	299	0	
55	0	196	step_1_no_load	1	2	2	439	
55	0	196	step_2_no_load	5	6	0.421761207498	0.365373286058	6	689	0	
55	0	197	step_1_no_load	1	2	2	358	
55	0	197	step_2_no_load	5	6	0.422511153127	0.316987700969	6	658	1	
55	0	198	step_1_no_load	1	2	2	520	
55	0	198	step_2_no_load	3	4	0.68660989813	0.485065498391	4	737	0	
55	0	199	step_1_no_load	1	2	1	1307	
55	0	199	step_2_no_load	3	4	0.73697129762	0.529438031858	3	601	1	
55	0	200	step_1_no_load	1	2	1	499	
55	0	200	step_2_no_load	3	4	0.728996708473	0.507902534353	4	705	1	

Mon May 15 14:53:16 2017
