Wed Mar 22 14:46:32 2017	
42	0	1	step_1_no_load	1	2	-1	-1	
42	0	2	step_1_no_load	1	2	2	529	
42	0	2	step_2_no_load	5	6	0.474613197709	0.533203491871	6	1050	1	
42	0	3	step_1_no_load	1	2	2	719	
42	0	3	step_2_no_load	5	6	0.476767372206	0.516002945397	6	498	1	
42	0	4	step_1_no_load	1	2	2	459	
42	0	4	step_2_no_load	5	6	0.478607661228	0.494597764192	6	592	1	
42	0	5	step_1_no_load	1	2	2	430	
42	0	5	step_2_no_load	5	6	0.495568760483	0.543908521457	6	433	1	
42	0	6	step_1_no_load	1	2	2	421	
42	0	6	step_2_no_load	3	4	0.603642866427	0.585722686883	3	707	1	
42	0	7	step_1_no_load	1	2	2	405	
42	0	7	step_2_no_load	5	6	0.500071913476	0.506408070053	6	737	1	
42	0	8	step_1_no_load	1	2	2	416	
42	0	8	step_2_no_load	5	6	0.489816616396	0.499203529332	6	545	1	
42	0	9	step_1_no_load	1	2	2	372	
42	0	9	step_2_no_load	5	6	0.496546708465	0.54429228266	6	566	0	
42	0	10	step_1_no_load	1	2	2	390	
42	0	10	step_2_no_load	5	6	0.482364178155	0.576063520885	6	425	0	
42	0	11	step_1_no_load	1	2	2	381	
42	0	11	step_2_no_load	5	6	0.477013315682	0.59022801242	6	788	1	
42	0	12	step_1_no_load	1	2	2	351	
42	0	12	step_2_no_load	5	6	0.48457206759	0.597131918027	6	663	1	
42	0	13	step_1_no_load	1	2	2	646	
42	0	13	step_2_no_load	3	4	0.558313135925	0.653587098421	3	873	1	
42	0	14	step_1_no_load	1	2	2	426	
42	0	14	step_2_no_load	5	6	0.491234392147	0.611256675753	6	775	1	
42	0	15	step_1_no_load	1	2	2	507	
42	0	15	step_2_no_load	5	6	0.505377237737	0.633564630036	6	808	0	
42	0	16	step_1_no_load	1	2	2	487	
42	0	16	step_2_no_load	5	6	0.510958036527	0.626326396372	6	721	0	
42	0	17	step_1_no_load	1	2	2	676	
42	0	17	step_2_no_load	3	4	0.562895132605	0.633350170016	3	814	0	
42	0	18	step_1_no_load	1	2	2	278	
42	0	18	step_2_no_load	5	6	0.517514133912	0.626895526976	6	591	1	
42	0	19	step_1_no_load	1	2	2	378	
42	0	19	step_2_no_load	5	6	0.498240186199	0.644773170243	6	434	1	
42	0	20	step_1_no_load	1	2	1	455	
42	0	20	step_2_no_load	5	6	0.478025448397	0.60665343963	6	1043	1	
42	0	21	step_1_no_load	1	2	1	696	
42	0	21	step_2_no_load	3	4	0.470207377245	0.630305464549	3	832	1	
42	0	22	step_1_no_load	1	2	1	736	
42	0	22	step_2_no_load	3	4	0.468700882609	0.621949894727	3	695	1	
42	0	23	step_1_no_load	1	2	1	838	
42	0	23	step_2_no_load	3	4	0.513759772011	0.640163623731	-1	-1	-1	
42	0	24	step_1_no_load	1	2	1	460	
42	0	24	step_2_no_load	3	4	0.503316199018	0.582115115688	3	398	0	
42	0	25	step_1_no_load	1	2	2	435	
42	0	25	step_2_no_load	5	6	0.503316372362	0.629917901014	6	513	1	
42	0	26	step_1_no_load	1	2	2	428	
42	0	26	step_2_no_load	3	4	0.532884212818	0.592410219737	4	1035	1	
42	0	27	step_1_no_load	1	2	2	521	
42	0	27	step_2_no_load	3	4	0.54756089792	0.57860777711	4	932	1	
42	0	28	step_1_no_load	1	2	2	575	
42	0	28	step_2_no_load	5	6	0.520177259699	0.647441527317	6	597	0	
42	0	29	step_1_no_load	1	2	2	435	
42	0	29	step_2_no_load	3	4	0.561957580386	0.606613029227	3	431	0	
42	0	30	step_1_no_load	1	2	2	526	
42	0	30	step_2_no_load	5	6	0.4919199548	0.610227092493	5	900	1	
42	0	31	step_1_no_load	1	2	2	912	
42	0	31	step_2_no_load	5	6	0.483156722265	0.606122691795	5	811	0	
42	0	32	step_1_no_load	1	2	2	396	
42	0	32	step_2_no_load	5	6	0.520318771114	0.605616211083	6	505	1	
42	0	33	step_1_no_load	1	2	2	501	
42	0	33	step_2_no_load	5	6	0.487664344039	0.618000238621	6	623	0	
42	0	34	step_1_no_load	1	2	2	460	
42	0	34	step_2_no_load	3	4	0.538523758058	0.575802910074	3	830	0	
42	0	35	step_1_no_load	1	2	2	639	
42	0	35	step_2_no_load	5	6	0.491437207585	0.649776015006	5	725	0	
42	0	36	step_1_no_load	1	2	2	371	
42	0	36	step_2_no_load	5	6	0.513210053121	0.661229326326	6	559	0	
42	0	37	step_1_no_load	1	2	2	559	
42	0	37	step_2_no_load	5	6	0.543074626387	0.660658056664	6	617	0	
42	0	38	step_1_no_load	1	2	2	480	
42	0	38	step_2_no_load	5	6	0.553931241266	0.651263699161	6	389	1	
42	0	39	step_1_no_load	1	2	2	754	
42	0	39	step_2_no_load	5	6	0.578640235206	0.634483337633	6	599	0	
42	0	40	step_1_no_load	1	2	2	1010	
42	0	40	step_2_no_load	5	6	0.5691386571	0.636994900683	6	697	0	
42	0	41	step_1_no_load	1	2	2	615	
42	0	41	step_2_no_load	5	6	0.583829055298	0.633285941184	6	558	1	
42	0	42	step_1_no_load	1	2	2	757	
42	0	42	step_2_no_load	3	4	0.609164606591	0.533857158543	3	570	0	
42	0	43	step_1_no_load	1	2	2	524	
42	0	43	step_2_no_load	5	6	0.548128010644	0.581931546759	6	569	0	
42	0	44	step_1_no_load	1	2	2	673	
42	0	44	step_2_no_load	5	6	0.537842745081	0.589653131867	5	737	0	
42	0	45	step_1_no_load	1	2	2	1295	
42	0	45	step_2_no_load	5	6	0.5288039409	0.620699591043	6	1282	1	
42	0	46	step_1_no_load	1	2	2	455	
42	0	46	step_2_no_load	3	4	0.600964500555	0.55511883717	4	428	1	
42	0	47	step_1_no_load	1	2	2	572	
42	0	47	step_2_no_load	5	6	0.493112702321	0.634373567175	6	612	0	
42	0	48	step_1_no_load	1	2	2	518	
42	0	48	step_2_no_load	5	6	0.488280685105	0.657624935632	6	957	0	
42	0	49	step_1_no_load	1	2	2	589	
42	0	49	step_2_no_load	5	6	0.489287375157	0.614679490594	6	512	1	
42	0	50	step_1_no_load	1	2	2	812	
42	0	50	step_2_no_load	3	4	0.606862017918	0.481616544184	3	949	1	
42	0	51	step_1_no_load	1	2	-1	-1	
42	0	52	step_1_no_load	1	2	2	508	
42	0	52	step_2_no_load	5	6	0.429622901875	0.613408921915	6	458	0	
42	0	53	step_1_no_load	1	2	2	566	
42	0	53	step_2_no_load	5	6	0.451905460347	0.630956764252	6	497	1	
42	0	54	step_1_no_load	1	2	2	525	
42	0	54	step_2_no_load	5	6	0.491512498697	0.652515308527	6	587	0	
42	0	55	step_1_no_load	1	2	2	614	
42	0	55	step_2_no_load	5	6	0.487025527704	0.639840796975	6	740	0	
42	0	56	step_1_no_load	1	2	2	572	
42	0	56	step_2_no_load	5	6	0.459773408493	0.60038825769	6	833	1	
42	0	57	step_1_no_load	1	2	2	680	
42	0	57	step_2_no_load	5	6	0.466449077359	0.586335094239	6	514	1	
42	0	58	step_1_no_load	1	2	2	625	
42	0	58	step_2_no_load	5	6	0.478335218822	0.610896130115	6	1336	0	
42	0	59	step_1_no_load	1	2	2	531	
42	0	59	step_2_no_load	5	6	0.480274332693	0.608951267756	6	526	0	
42	0	60	step_1_no_load	1	2	2	640	
42	0	60	step_2_no_load	3	4	0.623687406259	0.479287247283	4	285	0	
42	0	61	step_1_no_load	1	2	2	778	
42	0	61	step_2_no_load	5	6	0.464268875813	0.602879526975	6	685	0	
42	0	62	step_1_no_load	1	2	2	599	
42	0	62	step_2_no_load	5	6	0.50724109756	0.622820395113	6	639	0	
42	0	63	step_1_no_load	1	2	1	517	
42	0	63	step_2_no_load	3	4	0.664284493458	0.519445130796	3	547	0	
42	0	64	step_1_no_load	1	2	1	537	
42	0	64	step_2_no_load	3	4	0.642369708469	0.533849886794	3	395	0	
42	0	65	step_1_no_load	1	2	1	498	
42	0	65	step_2_no_load	5	6	0.569109504048	0.619953360065	6	1304	0	
42	0	66	step_1_no_load	1	2	1	468	
42	0	66	step_2_no_load	3	4	0.606938648072	0.555324764318	4	694	1	
42	0	67	step_1_no_load	1	2	1	450	
42	0	67	step_2_no_load	3	4	0.597650193897	0.538279387614	4	521	1	
42	0	68	step_1_no_load	1	2	1	847	
42	0	68	step_2_no_load	3	4	0.622963076372	0.523301545299	3	994	0	
42	0	69	step_1_no_load	1	2	1	458	
42	0	69	step_2_no_load	3	4	0.622221685203	0.560462111264	4	475	0	
42	0	70	step_1_no_load	1	2	1	416	
42	0	70	step_2_no_load	3	4	0.637556284465	0.548075770764	4	532	0	
42	0	71	step_1_no_load	1	2	1	497	
42	0	71	step_2_no_load	3	4	0.639174917797	0.546215110045	4	555	0	
42	0	72	step_1_no_load	1	2	1	548	
42	0	72	step_2_no_load	3	4	0.626024641967	0.556486305476	3	453	1	
42	0	73	step_1_no_load	1	2	1	408	
42	0	73	step_2_no_load	3	4	0.657126403029	0.50185699984	3	422	1	
42	0	74	step_1_no_load	1	2	1	540	
42	0	74	step_2_no_load	3	4	0.614462146454	0.491044983779	3	743	0	
42	0	75	step_1_no_load	1	2	2	503	
42	0	75	step_2_no_load	3	4	0.615552849174	0.483983914712	4	727	0	
42	0	76	step_1_no_load	1	2	2	460	
42	0	76	step_2_no_load	3	4	0.62770291155	0.518881389358	4	597	1	
42	0	77	step_1_no_load	1	2	2	619	
42	0	77	step_2_no_load	3	4	0.564257587118	0.538119616568	4	663	1	
42	0	78	step_1_no_load	1	2	2	721	
42	0	78	step_2_no_load	5	6	0.435911167612	0.647586191228	6	755	1	
42	0	79	step_1_no_load	1	2	2	859	
42	0	79	step_2_no_load	5	6	0.389124152368	0.647841624544	6	802	1	
42	0	80	step_1_no_load	1	2	2	804	
42	0	80	step_2_no_load	3	4	0.518583383166	0.49921021142	4	975	1	
42	0	81	step_1_no_load	1	2	2	768	
42	0	81	step_2_no_load	5	6	0.419265522488	0.702400933084	6	946	0	
42	0	82	step_1_no_load	1	2	2	554	
42	0	82	step_2_no_load	5	6	0.395813831323	0.688340116885	6	788	1	
42	0	83	step_1_no_load	1	2	2	523	
42	0	83	step_2_no_load	5	6	0.382772464038	0.726885136842	6	713	0	
42	0	84	step_1_no_load	1	2	2	567	
42	0	84	step_2_no_load	5	6	0.385087938645	0.731466635793	6	684	1	
42	0	85	step_1_no_load	1	2	2	580	
42	0	85	step_2_no_load	5	6	0.384458259121	0.712989604416	6	618	0	
42	0	86	step_1_no_load	1	2	2	739	
42	0	86	step_2_no_load	5	6	0.345323068124	0.721207648497	6	656	1	
42	0	87	step_1_no_load	1	2	2	833	
42	0	87	step_2_no_load	3	4	0.719375344246	0.493867001103	3	1019	1	
42	0	88	step_1_no_load	1	2	2	1136	
42	0	88	step_2_no_load	5	6	0.377947492322	0.696773608304	6	826	1	
42	0	89	step_1_no_load	1	2	2	672	
42	0	89	step_2_no_load	5	6	0.415882489686	0.660112261017	6	663	1	
42	0	90	step_1_no_load	1	2	2	547	
42	0	90	step_2_no_load	3	4	0.712247848046	0.530126112124	3	786	1	
42	0	91	step_1_no_load	1	2	2	1182	
42	0	91	step_2_no_load	3	4	0.685023809334	0.479087223222	3	959	1	
42	0	92	step_1_no_load	1	2	2	624	
42	0	92	step_2_no_load	3	4	0.692406274724	0.484260039873	3	691	1	
42	0	93	step_1_no_load	1	2	2	560	
42	0	93	step_2_no_load	5	6	0.439878153082	0.662863370634	6	591	0	
42	0	94	step_1_no_load	1	2	2	580	
42	0	94	step_2_no_load	5	6	0.429211756872	0.668295023896	6	979	1	
42	0	95	step_1_no_load	1	2	-1	-1	
42	0	96	step_1_no_load	1	2	2	520	
42	0	96	step_2_no_load	5	6	0.383038640121	0.663095813561	6	488	1	
42	0	97	step_1_no_load	1	2	2	506	
42	0	97	step_2_no_load	3	4	0.681272614291	0.455601814112	3	686	0	
42	0	98	step_1_no_load	1	2	2	402	
42	0	98	step_2_no_load	5	6	0.409778171713	0.646040060297	6	509	0	
42	0	99	step_1_no_load	1	2	2	628	
42	0	99	step_2_no_load	5	6	0.397561363605	0.645191748454	5	441	1	
42	0	100	step_1_no_load	1	2	2	780	
42	0	100	step_2_no_load	3	4	0.666227451505	0.363162156005	4	1144	1	
42	0	101	step_1_no_load	1	2	2	538	
42	0	101	step_2_no_load	5	6	0.497432607584	0.655903528958	5	469	1	
42	0	102	step_1_no_load	1	2	2	662	
42	0	102	step_2_no_load	5	6	0.494584754513	0.663124617603	5	504	0	
42	0	103	step_1_no_load	1	2	2	506	
42	0	103	step_2_no_load	5	6	0.481975449893	0.69058998368	6	545	1	
42	0	104	step_1_no_load	1	2	2	692	
42	0	104	step_2_no_load	3	4	0.703870701136	0.303696146503	3	771	0	
42	0	105	step_1_no_load	1	2	2	586	
42	0	105	step_2_no_load	3	4	0.689135357059	0.352639603242	3	1236	1	
42	0	106	step_1_no_load	1	2	2	803	
42	0	106	step_2_no_load	5	6	0.508908032404	0.699623252899	6	614	1	
42	0	107	step_1_no_load	1	2	2	662	
42	0	107	step_2_no_load	5	6	0.565220528809	0.677514185929	6	625	0	
42	0	108	step_1_no_load	1	2	2	597	
42	0	108	step_2_no_load	5	6	0.526955028982	0.681491063126	5	518	0	
42	0	109	step_1_no_load	1	2	2	479	
42	0	109	step_2_no_load	3	4	0.71632547018	0.372328831887	4	620	1	
42	0	110	step_1_no_load	1	2	-1	-1	
42	0	111	step_1_no_load	1	2	2	342	
42	0	111	step_2_no_load	3	4	0.724852671171	0.407158158569	4	488	0	
42	0	112	step_1_no_load	1	2	-1	-1	
42	0	113	step_1_no_load	1	2	2	804	
42	0	113	step_2_no_load	5	6	0.370697120277	0.634627459817	6	761	0	
42	0	114	step_1_no_load	1	2	2	596	
42	0	114	step_2_no_load	5	6	0.380324086676	0.657654904272	6	837	0	
42	0	115	step_1_no_load	1	2	2	574	
42	0	115	step_2_no_load	5	6	0.390027643099	0.645721217949	6	568	1	
42	0	116	step_1_no_load	1	2	2	668	
42	0	116	step_2_no_load	3	4	0.706736514943	0.369438791876	3	733	1	
42	0	117	step_1_no_load	1	2	2	538	
42	0	117	step_2_no_load	5	6	0.374621793791	0.671842537277	6	572	0	
42	0	118	step_1_no_load	1	2	2	615	
42	0	118	step_2_no_load	5	6	0.357645851833	0.690484235012	6	933	0	
42	0	119	step_1_no_load	1	2	2	671	
42	0	119	step_2_no_load	5	6	0.357515098446	0.661177321751	6	585	1	
42	0	120	step_1_no_load	1	2	2	528	
42	0	120	step_2_no_load	3	4	0.70587238626	0.333809617664	3	777	0	
42	0	121	step_1_no_load	1	2	2	655	
42	0	121	step_2_no_load	5	6	0.352721767208	0.671052306195	6	629	1	
42	0	122	step_1_no_load	1	2	2	573	
42	0	122	step_2_no_load	5	6	0.329624572119	0.672193618854	6	770	1	
42	0	123	step_1_no_load	1	2	2	583	
42	0	123	step_2_no_load	3	4	0.583607229978	0.269780614928	4	934	0	
42	0	124	step_1_no_load	1	2	2	483	
42	0	124	step_2_no_load	3	4	0.603013298253	0.26095206597	4	480	1	
42	0	125	step_1_no_load	1	2	2	708	
42	0	125	step_2_no_load	5	6	0.303110862715	0.633566302563	6	879	1	
42	0	126	step_1_no_load	1	2	2	434	
42	0	126	step_2_no_load	5	6	0.300846667696	0.600985760967	6	1019	0	
42	0	127	step_1_no_load	1	2	2	698	
42	0	127	step_2_no_load	5	6	0.274944938508	0.646945556251	6	1310	0	
42	0	128	step_1_no_load	1	2	1	659	
42	0	128	step_2_no_load	3	4	0.636905534066	0.260252451606	3	1128	0	
42	0	129	step_1_no_load	1	2	1	655	
42	0	129	step_2_no_load	5	6	0.271709703542	0.632682846317	6	1067	1	
42	0	130	step_1_no_load	1	2	1	599	
42	0	130	step_2_no_load	3	4	0.682031489739	0.267460866951	3	552	1	
42	0	131	step_1_no_load	1	2	1	605	
42	0	131	step_2_no_load	5	6	0.311475039155	0.638450601212	6	906	0	
42	0	132	step_1_no_load	1	2	1	1199	
42	0	132	step_2_no_load	3	4	0.668578020634	0.27986961048	3	837	1	
42	0	133	step_1_no_load	1	2	1	395	
42	0	133	step_2_no_load	5	6	0.312642735495	0.691649444281	5	982	0	
42	0	134	step_1_no_load	1	2	1	701	
42	0	134	step_2_no_load	5	6	0.302839427162	0.685529359147	6	1008	1	
42	0	135	step_1_no_load	1	2	1	1119	
42	0	135	step_2_no_load	3	4	0.593710006149	0.300079459047	3	698	1	
42	0	136	step_1_no_load	1	2	1	605	
42	0	136	step_2_no_load	5	6	0.284521085726	0.674914008636	6	791	1	
42	0	137	step_1_no_load	1	2	1	448	
42	0	137	step_2_no_load	5	6	0.325016613024	0.668540846495	6	835	1	
42	0	138	step_1_no_load	1	2	1	519	
42	0	138	step_2_no_load	3	4	0.63240964674	0.366701525561	3	570	1	
42	0	139	step_1_no_load	1	2	1	447	
42	0	139	step_2_no_load	3	4	0.636630981281	0.325611400511	3	438	1	
42	0	140	step_1_no_load	1	2	1	430	
42	0	140	step_2_no_load	3	4	0.671213945178	0.348740542008	3	491	0	
42	0	141	step_1_no_load	1	2	1	502	
42	0	141	step_2_no_load	3	4	0.711987889705	0.390227133375	3	617	1	
42	0	142	step_1_no_load	1	2	1	568	
42	0	142	step_2_no_load	5	6	0.304203281606	0.627356259123	6	692	1	
42	0	143	step_1_no_load	1	2	1	376	
42	0	143	step_2_no_load	3	4	0.661365099615	0.410970957547	3	648	1	
42	0	144	step_1_no_load	1	2	1	503	
42	0	144	step_2_no_load	3	4	0.626443722248	0.389234194056	3	431	1	
42	0	145	step_1_no_load	1	2	1	412	
42	0	145	step_2_no_load	5	6	0.266265924094	0.606515632748	6	761	0	
42	0	146	step_1_no_load	1	2	1	526	
42	0	146	step_2_no_load	3	4	0.681611991725	0.320877500969	3	545	0	
42	0	147	step_1_no_load	1	2	1	499	
42	0	147	step_2_no_load	3	4	0.647798886916	0.352879785946	3	666	1	
42	0	148	step_1_no_load	1	2	1	647	
42	0	148	step_2_no_load	5	6	0.305288021243	0.648050021239	6	816	0	
42	0	149	step_1_no_load	1	2	1	612	
42	0	149	step_2_no_load	3	4	0.601870110183	0.300290206122	3	661	1	
42	0	150	step_1_no_load	1	2	1	494	
42	0	150	step_2_no_load	3	4	0.575985663078	0.306860041627	3	657	1	
42	0	151	step_1_no_load	1	2	1	654	
42	0	151	step_2_no_load	5	6	0.348172164421	0.614159737668	5	708	1	
42	0	152	step_1_no_load	1	2	1	502	
42	0	152	step_2_no_load	3	4	0.595108765344	0.323194010514	3	741	0	
42	0	153	step_1_no_load	1	2	1	621	
42	0	153	step_2_no_load	3	4	0.613336203392	0.343622632154	3	880	0	
42	0	154	step_1_no_load	1	2	1	824	
42	0	154	step_2_no_load	3	4	0.638934099562	0.348349389262	3	1063	1	
42	0	155	step_1_no_load	1	2	1	868	
42	0	155	step_2_no_load	5	6	0.296093457977	0.716100930629	5	1181	1	
42	0	156	step_1_no_load	1	2	1	664	
42	0	156	step_2_no_load	5	6	0.32564867104	0.734436160799	-1	-1	-1	
42	0	157	step_1_no_load	1	2	1	546	
42	0	157	step_2_no_load	3	4	0.585191807512	0.324728201487	3	644	0	
42	0	158	step_1_no_load	1	2	1	518	
42	0	158	step_2_no_load	3	4	0.532722108502	0.334595868098	3	806	1	
42	0	159	step_1_no_load	1	2	1	546	
42	0	159	step_2_no_load	3	4	0.541222065796	0.321150411254	3	823	1	
42	0	160	step_1_no_load	1	2	1	582	
42	0	160	step_2_no_load	3	4	0.521229931064	0.355992626298	3	739	1	
42	0	161	step_1_no_load	1	2	1	759	
42	0	161	step_2_no_load	5	6	0.407025633682	0.719896286569	6	1007	1	
42	0	162	step_1_no_load	1	2	1	639	
42	0	162	step_2_no_load	3	4	0.566496468084	0.455329532209	3	801	0	
42	0	163	step_1_no_load	1	2	1	506	
42	0	163	step_2_no_load	3	4	0.5863391277	0.430920885959	3	1011	1	
42	0	164	step_1_no_load	1	2	1	623	
42	0	164	step_2_no_load	3	4	0.585961845322	0.430844125626	3	797	1	
42	0	165	step_1_no_load	1	2	1	658	
42	0	165	step_2_no_load	5	6	0.463777557969	0.717506143195	5	915	1	
42	0	166	step_1_no_load	1	2	1	505	
42	0	166	step_2_no_load	3	4	0.549095060025	0.356317216644	3	744	0	
42	0	167	step_1_no_load	1	2	1	247	
42	0	167	step_2_no_load	5	6	0.38753671275	0.706271792549	6	763	1	
42	0	168	step_1_no_load	1	2	1	384	
42	0	168	step_2_no_load	3	4	0.613361520676	0.335777599654	3	730	1	
42	0	169	step_1_no_load	1	2	1	666	
42	0	169	step_2_no_load	3	4	0.586049140041	0.365156560071	3	652	0	
42	0	170	step_1_no_load	1	2	1	575	
42	0	170	step_2_no_load	3	4	0.57151385403	0.364989630435	3	626	1	
42	0	171	step_1_no_load	1	2	1	518	
42	0	171	step_2_no_load	5	6	0.386979310814	0.727248140829	6	820	1	
42	0	172	step_1_no_load	1	2	1	533	
42	0	172	step_2_no_load	5	6	0.363617002148	0.668669556875	6	769	1	
42	0	173	step_1_no_load	1	2	1	484	
42	0	173	step_2_no_load	3	4	0.484428109849	0.462866379815	3	787	0	
42	0	174	step_1_no_load	1	2	1	596	
42	0	174	step_2_no_load	3	4	0.472729524832	0.46236234172	3	821	0	
42	0	175	step_1_no_load	1	2	1	532	
42	0	175	step_2_no_load	3	4	0.52644949356	0.484825491933	3	1303	1	
42	0	176	step_1_no_load	1	2	1	787	
42	0	176	step_2_no_load	5	6	0.383231572002	0.679250000396	6	974	1	
42	0	177	step_1_no_load	1	2	1	373	
42	0	177	step_2_no_load	5	6	0.357425668099	0.714070205704	6	667	0	
42	0	178	step_1_no_load	1	2	1	482	
42	0	178	step_2_no_load	3	4	0.493712351915	0.49020858644	3	509	1	
42	0	179	step_1_no_load	1	2	1	410	
42	0	179	step_2_no_load	5	6	0.324685418097	0.709345707515	5	1229	0	
42	0	180	step_1_no_load	1	2	1	521	
42	0	180	step_2_no_load	3	4	0.482853857291	0.489345734128	3	708	0	
42	0	181	step_1_no_load	1	2	1	769	
42	0	181	step_2_no_load	3	4	0.508735114046	0.480141179559	3	1001	0	
42	0	182	step_1_no_load	1	2	1	978	
42	0	182	step_2_no_load	3	4	0.506773281362	0.49907747228	3	497	0	
42	0	183	step_1_no_load	1	2	1	888	
42	0	183	step_2_no_load	3	4	0.502991759047	0.492742497507	3	754	0	
42	0	184	step_1_no_load	1	2	2	1082	
42	0	184	step_2_no_load	5	6	0.362743255194	0.657291439324	6	1001	0	
42	0	185	step_1_no_load	1	2	2	762	
42	0	185	step_2_no_load	5	6	0.362611152222	0.665622647081	5	479	0	
42	0	186	step_1_no_load	1	2	2	570	
42	0	186	step_2_no_load	3	4	0.46870859828	0.484672582719	4	662	1	
42	0	187	step_1_no_load	1	2	2	854	
42	0	187	step_2_no_load	5	6	0.328890769988	0.678211978625	6	579	1	
42	0	188	step_1_no_load	1	2	2	732	
42	0	188	step_2_no_load	3	4	0.471319680586	0.548350535247	4	693	1	
42	0	189	step_1_no_load	1	2	2	553	
42	0	189	step_2_no_load	3	4	0.448897869069	0.534753756004	3	1047	0	
42	0	190	step_1_no_load	1	2	2	445	
42	0	190	step_2_no_load	3	4	0.433568856946	0.505820429042	4	1004	1	
42	0	191	step_1_no_load	1	2	2	458	
42	0	191	step_2_no_load	3	4	0.435748387321	0.512103523931	4	569	1	
42	0	192	step_1_no_load	1	2	2	765	
42	0	192	step_2_no_load	3	4	0.450791310283	0.493851022417	4	1034	1	
42	0	193	step_1_no_load	1	2	2	358	
42	0	193	step_2_no_load	5	6	0.321008037746	0.679792491164	6	1036	0	
42	0	194	step_1_no_load	1	2	2	687	
42	0	194	step_2_no_load	5	6	0.342437174514	0.655261361454	5	515	1	
42	0	195	step_1_no_load	1	2	2	1117	
42	0	195	step_2_no_load	5	6	0.348571348505	0.646280688878	5	694	0	
42	0	196	step_1_no_load	1	2	2	614	
42	0	196	step_2_no_load	5	6	0.365373286058	0.695101215304	6	487	1	
42	0	197	step_1_no_load	1	2	2	434	
42	0	197	step_2_no_load	5	6	0.316987700969	0.686552522522	6	531	1	
42	0	198	step_1_no_load	1	2	2	391	
42	0	198	step_2_no_load	5	6	0.303352625941	0.68660989813	6	589	0	
42	0	199	step_1_no_load	1	2	2	720	
42	0	199	step_2_no_load	5	6	0.292861528884	0.73697129762	-1	-1	-1	
42	0	200	step_1_no_load	1	2	2	674	
42	0	200	step_2_no_load	5	6	0.299128796668	0.728996708473	6	592	1	

Wed Mar 22 15:03:45 2017
