Mon Jul 24 15:43:26 2017	
75	0	1	step_1_no_load	1	2	1	488	
75	0	1	step_2_no_load	5	6	0.457620150462	0.511789129507	5	464	0	
75	0	2	step_1_no_load	1	2	1	418	
75	0	2	step_2_no_load	5	6	0.474613197709	0.533203491871	6	484	0	
75	0	3	step_1_no_load	1	2	2	706	
75	0	3	step_2_no_load	5	6	0.476767372206	0.516002945397	5	638	0	
75	0	4	step_1_no_load	1	2	2	427	
75	0	4	step_2_no_load	3	4	0.597491569846	0.564086293706	4	388	1	
75	0	5	step_1_no_load	1	2	2	566	
75	0	5	step_2_no_load	5	6	0.495568760483	0.543908521457	6	937	0	
75	0	6	step_1_no_load	1	2	1	548	
75	0	6	step_2_no_load	3	4	0.585722686883	0.603642866427	4	419	1	
75	0	7	step_1_no_load	1	2	1	336	
75	0	7	step_2_no_load	3	4	0.568656746487	0.622642364361	4	498	1	
75	0	8	step_1_no_load	1	2	1	835	
75	0	8	step_2_no_load	3	4	0.59128639594	0.624210374623	4	622	0	
75	0	9	step_1_no_load	1	2	2	692	
75	0	9	step_2_no_load	3	4	0.598049061473	0.641106877158	4	841	1	
75	0	10	step_1_no_load	1	2	2	824	
75	0	10	step_2_no_load	5	6	0.482364178155	0.576063520885	5	1324	1	
75	0	11	step_1_no_load	1	2	2	455	
75	0	11	step_2_no_load	5	6	0.477013315682	0.59022801242	5	399	0	
75	0	12	step_1_no_load	1	2	2	564	
75	0	12	step_2_no_load	5	6	0.48457206759	0.597131918027	6	390	0	
75	0	13	step_1_no_load	1	2	1	308	
75	0	13	step_2_no_load	5	6	0.52012981853	0.595790490356	5	377	1	
75	0	14	step_1_no_load	1	2	1	357	
75	0	14	step_2_no_load	5	6	0.491234392147	0.611256675753	5	257	0	
75	0	15	step_1_no_load	1	2	1	345	
75	0	15	step_2_no_load	3	4	0.612260006668	0.570419113221	3	1204	1	
75	0	16	step_1_no_load	1	2	1	279	
75	0	16	step_2_no_load	3	4	0.628091198119	0.553308964466	3	661	1	
75	0	17	step_1_no_load	1	2	1	410	
75	0	17	step_2_no_load	5	6	0.535958400205	0.643116883134	6	567	1	
75	0	18	step_1_no_load	1	2	1	380	
75	0	18	step_2_no_load	5	6	0.517514133912	0.626895526976	6	756	1	
75	0	19	step_1_no_load	1	2	1	312	
75	0	19	step_2_no_load	5	6	0.498240186199	0.644773170243	6	592	1	
75	0	20	step_1_no_load	1	2	1	363	
75	0	20	step_2_no_load	3	4	0.636521555122	0.491720931314	3	660	0	
75	0	21	step_1_no_load	1	2	1	362	
75	0	21	step_2_no_load	5	6	0.49769376036	0.611328949295	6	687	0	
75	0	22	step_1_no_load	1	2	2	264	
75	0	22	step_2_no_load	5	6	0.506100011497	0.618527126547	5	732	1	
75	0	23	step_1_no_load	1	2	2	346	
75	0	23	step_2_no_load	5	6	0.520606588181	0.604065470975	5	420	0	
75	0	24	step_1_no_load	1	2	2	276	
75	0	24	step_2_no_load	5	6	0.505388876622	0.5800912085	6	493	0	
75	0	25	step_1_no_load	1	2	1	267	
75	0	25	step_2_no_load	3	4	0.565698722896	0.503605105412	3	613	1	
75	0	26	step_1_no_load	1	2	1	351	
75	0	26	step_2_no_load	3	4	0.592410219737	0.532884212818	3	553	1	
75	0	27	step_1_no_load	1	2	1	522	
75	0	27	step_2_no_load	3	4	0.57860777711	0.54756089792	3	540	1	
75	0	28	step_1_no_load	1	2	1	358	
75	0	28	step_2_no_load	3	4	0.588356036098	0.553259388875	3	367	1	
75	0	29	step_1_no_load	1	2	1	215	
75	0	29	step_2_no_load	3	4	0.606613029227	0.561957580386	3	569	1	
75	0	30	step_1_no_load	1	2	1	499	
75	0	30	step_2_no_load	3	4	0.608245979832	0.574272497114	3	518	1	
75	0	31	step_1_no_load	1	2	1	388	
75	0	31	step_2_no_load	5	6	0.483156722265	0.606122691795	6	656	0	
75	0	32	step_1_no_load	1	2	1	303	
75	0	32	step_2_no_load	3	4	0.634585171267	0.522993086096	3	446	0	
75	0	33	step_1_no_load	1	2	2	303	
75	0	33	step_2_no_load	5	6	0.487664344039	0.618000238621	6	557	1	
75	0	34	step_1_no_load	1	2	2	274	
75	0	34	step_2_no_load	5	6	0.454565258478	0.670290552209	6	397	1	
75	0	35	step_1_no_load	1	2	2	227	
75	0	35	step_2_no_load	5	6	0.491437207585	0.649776015006	6	294	1	
75	0	36	step_1_no_load	1	2	2	587	
75	0	36	step_2_no_load	5	6	0.513210053121	0.661229326326	6	502	1	
75	0	37	step_1_no_load	1	2	2	231	
75	0	37	step_2_no_load	5	6	0.543074626387	0.660658056664	6	279	0	
75	0	38	step_1_no_load	1	2	2	315	
75	0	38	step_2_no_load	5	6	0.553931241266	0.651263699161	5	574	0	
75	0	39	step_1_no_load	1	2	1	275	
75	0	39	step_2_no_load	3	4	0.557005857101	0.610601635554	3	501	1	
75	0	40	step_1_no_load	1	2	1	278	
75	0	40	step_2_no_load	5	6	0.5691386571	0.636994900683	5	810	0	
75	0	41	step_1_no_load	1	2	1	247	
75	0	41	step_2_no_load	3	4	0.524862294848	0.588857868869	3	892	1	
75	0	42	step_1_no_load	1	2	1	527	
75	0	42	step_2_no_load	3	4	0.533857158543	0.609164606591	3	536	1	
75	0	43	step_1_no_load	1	2	1	255	
75	0	43	step_2_no_load	3	4	0.553703096215	0.612705031264	3	404	1	
75	0	44	step_1_no_load	1	2	1	260	
75	0	44	step_2_no_load	3	4	0.541854396676	0.611481438855	3	453	1	
75	0	45	step_1_no_load	1	2	1	438	
75	0	45	step_2_no_load	5	6	0.5288039409	0.620699591043	5	384	1	
75	0	46	step_1_no_load	1	2	1	581	
75	0	46	step_2_no_load	3	4	0.55511883717	0.600964500555	3	650	1	
75	0	47	step_1_no_load	1	2	1	502	
75	0	47	step_2_no_load	3	4	0.546259467838	0.598724660986	3	1390	0	
75	0	48	step_1_no_load	1	2	1	323	
75	0	48	step_2_no_load	3	4	0.534690828011	0.615767119776	4	478	1	
75	0	49	step_1_no_load	1	2	1	340	
75	0	49	step_2_no_load	3	4	0.512405963374	0.610193185592	4	440	1	
75	0	50	step_1_no_load	1	2	1	238	
75	0	50	step_2_no_load	5	6	0.47381367271	0.593458480934	5	873	0	
75	0	51	step_1_no_load	1	2	1	370	
75	0	51	step_2_no_load	3	4	0.508197321577	0.564866799699	4	480	0	
75	0	52	step_1_no_load	1	2	2	330	
75	0	52	step_2_no_load	5	6	0.429622901875	0.613408921915	5	513	0	
75	0	53	step_1_no_load	1	2	2	210	
75	0	53	step_2_no_load	5	6	0.451905460347	0.630956764252	6	296	1	
75	0	54	step_1_no_load	1	2	2	265	
75	0	54	step_2_no_load	5	6	0.491512498697	0.652515308527	6	229	1	
75	0	55	step_1_no_load	1	2	1	432	
75	0	55	step_2_no_load	3	4	0.526704292526	0.574045915747	3	484	0	
75	0	56	step_1_no_load	1	2	1	238	
75	0	56	step_2_no_load	5	6	0.459773408493	0.60038825769	6	234	1	
75	0	57	step_1_no_load	1	2	1	327	
75	0	57	step_2_no_load	5	6	0.466449077359	0.586335094239	6	508	1	
75	0	58	step_1_no_load	1	2	1	206	
75	0	58	step_2_no_load	3	4	0.528376440027	0.664682809182	3	665	0	
75	0	59	step_1_no_load	1	2	1	404	
75	0	59	step_2_no_load	5	6	0.480274332693	0.608951267756	6	765	1	
75	0	60	step_1_no_load	1	2	1	286	
75	0	60	step_2_no_load	3	4	0.479287247283	0.623687406259	4	1035	1	
75	0	61	step_1_no_load	1	2	1	349	
75	0	61	step_2_no_load	5	6	0.464268875813	0.602879526975	6	320	1	
75	0	62	step_1_no_load	1	2	1	410	
75	0	62	step_2_no_load	5	6	0.50724109756	0.622820395113	6	693	0	
75	0	63	step_1_no_load	1	2	2	537	
75	0	63	step_2_no_load	5	6	0.53192660365	0.642623127313	5	507	1	
75	0	64	step_1_no_load	1	2	2	342	
75	0	64	step_2_no_load	3	4	0.533849886794	0.642369708469	3	1041	0	
75	0	65	step_1_no_load	1	2	2	206	
75	0	65	step_2_no_load	5	6	0.569109504048	0.619953360065	5	831	1	
75	0	66	step_1_no_load	1	2	2	280	
75	0	66	step_2_no_load	5	6	0.573761869714	0.630357351236	5	463	1	
75	0	67	step_1_no_load	1	2	2	181	
75	0	67	step_2_no_load	5	6	0.542076810516	0.674463681351	5	405	1	
75	0	68	step_1_no_load	1	2	1	595	
75	0	68	step_2_no_load	3	4	0.523301545299	0.622963076372	3	538	0	
75	0	69	step_1_no_load	1	2	1	252	
75	0	69	step_2_no_load	3	4	0.560462111264	0.622221685203	4	619	1	
75	0	70	step_1_no_load	1	2	1	404	
75	0	70	step_2_no_load	3	4	0.548075770764	0.637556284465	4	336	1	
75	0	71	step_1_no_load	1	2	1	260	
75	0	71	step_2_no_load	5	6	0.482863323776	0.706816191949	5	697	0	
75	0	72	step_1_no_load	1	2	1	398	
75	0	72	step_2_no_load	5	6	0.47409116389	0.705884789502	6	712	0	
75	0	73	step_1_no_load	1	2	2	541	
75	0	73	step_2_no_load	3	4	0.50185699984	0.657126403029	3	585	0	
75	0	74	step_1_no_load	1	2	2	281	
75	0	74	step_2_no_load	3	4	0.491044983779	0.614462146454	4	730	0	
75	0	75	step_1_no_load	1	2	1	561	
75	0	75	step_2_no_load	3	4	0.483983914712	0.615552849174	3	436	1	
75	0	76	step_1_no_load	1	2	1	415	
75	0	76	step_2_no_load	3	4	0.518881389358	0.62770291155	3	293	1	
75	0	77	step_1_no_load	1	2	1	331	
75	0	77	step_2_no_load	3	4	0.538119616568	0.564257587118	3	455	1	
75	0	78	step_1_no_load	1	2	1	282	
75	0	78	step_2_no_load	5	6	0.435911167612	0.647586191228	6	673	1	
75	0	79	step_1_no_load	1	2	1	264	
75	0	79	step_2_no_load	3	4	0.540085062695	0.513695512795	3	692	1	
75	0	80	step_1_no_load	1	2	1	598	
75	0	80	step_2_no_load	3	4	0.49921021142	0.518583383166	3	542	0	
75	0	81	step_1_no_load	1	2	2	442	
75	0	81	step_2_no_load	3	4	0.494116554432	0.529745690463	4	366	1	
75	0	82	step_1_no_load	1	2	2	138	
75	0	82	step_2_no_load	5	6	0.395813831323	0.688340116885	5	724	0	
75	0	83	step_1_no_load	1	2	2	272	
75	0	83	step_2_no_load	3	4	0.483255412498	0.607907985871	4	255	0	
75	0	84	step_1_no_load	1	2	2	417	
75	0	84	step_2_no_load	3	4	0.505586222209	0.65843840156	3	652	0	
75	0	85	step_1_no_load	1	2	2	524	
75	0	85	step_2_no_load	5	6	0.384458259121	0.712989604416	6	486	0	
75	0	86	step_1_no_load	1	2	1	362	
75	0	86	step_2_no_load	3	4	0.486462788728	0.691782850001	3	409	0	
75	0	87	step_1_no_load	1	2	1	323	
75	0	87	step_2_no_load	3	4	0.493867001103	0.719375344246	4	417	1	
75	0	88	step_1_no_load	1	2	2	317	
75	0	88	step_2_no_load	3	4	0.509563243675	0.717410082358	4	473	1	
75	0	89	step_1_no_load	1	2	1	120	
75	0	89	step_2_no_load	3	4	0.490019385174	0.690772436485	4	447	1	
75	0	90	step_1_no_load	1	2	1	380	
75	0	90	step_2_no_load	3	4	0.530126112124	0.712247848046	4	546	0	
75	0	91	step_1_no_load	1	2	1	329	
75	0	91	step_2_no_load	3	4	0.479087223222	0.685023809334	3	225	1	
75	0	92	step_1_no_load	1	2	1	229	
75	0	92	step_2_no_load	5	6	0.444368850664	0.679381608313	6	493	1	
75	0	93	step_1_no_load	1	2	1	233	
75	0	93	step_2_no_load	3	4	0.473273727684	0.70415710998	3	503	0	
75	0	94	step_1_no_load	1	2	1	266	
75	0	94	step_2_no_load	3	4	0.468637558205	0.719464414227	4	249	0	
75	0	95	step_1_no_load	1	2	2	269	
75	0	95	step_2_no_load	5	6	0.427150666411	0.640209855442	5	307	0	
75	0	96	step_1_no_load	1	2	2	275	
75	0	96	step_2_no_load	3	4	0.437558890646	0.693739812506	4	370	1	
75	0	97	step_1_no_load	1	2	2	178	
75	0	97	step_2_no_load	5	6	0.392885664353	0.651202057411	6	965	1	
75	0	98	step_1_no_load	1	2	2	240	
75	0	98	step_2_no_load	3	4	0.431479829356	0.70287861952	4	322	1	
75	0	99	step_1_no_load	1	2	2	256	
75	0	99	step_2_no_load	5	6	0.397561363605	0.645191748454	6	376	1	
75	0	100	step_1_no_load	1	2	2	510	
75	0	100	step_2_no_load	5	6	0.4333505304	0.66579920021	6	492	0	
75	0	101	step_1_no_load	1	2	2	687	
75	0	101	step_2_no_load	3	4	0.366879421891	0.623812401974	3	1047	1	
75	0	102	step_1_no_load	1	2	1	245	
75	0	102	step_2_no_load	3	4	0.326080462175	0.666304534392	3	473	0	
75	0	103	step_1_no_load	1	2	1	734	
75	0	103	step_2_no_load	3	4	0.322834495838	0.663997796029	3	758	1	
75	0	104	step_1_no_load	1	2	1	885	
75	0	104	step_2_no_load	3	4	0.303696146503	0.703870701136	4	424	1	
75	0	105	step_1_no_load	1	2	1	355	
75	0	105	step_2_no_load	5	6	0.514318365187	0.722851301692	5	570	0	
75	0	106	step_1_no_load	1	2	1	374	
75	0	106	step_2_no_load	5	6	0.508908032404	0.699623252899	6	587	1	
75	0	107	step_1_no_load	1	2	1	606	
75	0	107	step_2_no_load	3	4	0.388257337796	0.692607431435	3	648	1	
75	0	108	step_1_no_load	1	2	1	342	
75	0	108	step_2_no_load	3	4	0.388185708856	0.695928523711	3	602	0	
75	0	109	step_1_no_load	1	2	1	263	
75	0	109	step_2_no_load	3	4	0.372328831887	0.71632547018	4	761	1	
75	0	110	step_1_no_load	1	2	1	395	
75	0	110	step_2_no_load	5	6	0.432626681236	0.65455226558	6	601	1	
75	0	111	step_1_no_load	1	2	1	366	
75	0	111	step_2_no_load	3	4	0.407158158569	0.724852671171	4	403	1	
75	0	112	step_1_no_load	1	2	1	336	
75	0	112	step_2_no_load	3	4	0.413393106784	0.725701866094	4	462	1	
75	0	113	step_1_no_load	1	2	1	431	
75	0	113	step_2_no_load	5	6	0.370697120277	0.634627459817	5	645	0	
75	0	114	step_1_no_load	1	2	1	444	
75	0	114	step_2_no_load	3	4	0.384736699284	0.718213323791	4	461	1	
75	0	115	step_1_no_load	1	2	1	881	
75	0	115	step_2_no_load	3	4	0.357661171116	0.739704344621	4	478	1	
75	0	116	step_1_no_load	1	2	1	573	
75	0	116	step_2_no_load	5	6	0.378149844807	0.680124293449	6	986	1	
75	0	117	step_1_no_load	1	2	1	233	
75	0	117	step_2_no_load	3	4	0.363056877927	0.747012267642	3	731	0	
75	0	118	step_1_no_load	1	2	1	332	
75	0	118	step_2_no_load	3	4	0.362977115924	0.740051715856	4	681	1	
75	0	119	step_1_no_load	1	2	1	293	
75	0	119	step_2_no_load	3	4	0.358243439099	0.690424535099	4	400	0	
75	0	120	step_1_no_load	1	2	2	291	
75	0	120	step_2_no_load	5	6	0.370150243662	0.666433355915	5	307	0	
75	0	121	step_1_no_load	1	2	2	198	
75	0	121	step_2_no_load	5	6	0.352721767208	0.671052306195	6	467	1	
75	0	122	step_1_no_load	1	2	1	643	
75	0	122	step_2_no_load	5	6	0.329624572119	0.672193618854	6	699	1	
75	0	123	step_1_no_load	1	2	2	318	
75	0	123	step_2_no_load	5	6	0.337526896345	0.664849878232	6	354	1	
75	0	124	step_1_no_load	1	2	2	540	
75	0	124	step_2_no_load	5	6	0.309430836661	0.624161788269	6	567	0	
75	0	125	step_1_no_load	1	2	1	647	
75	0	125	step_2_no_load	5	6	0.303110862715	0.633566302563	5	632	0	
75	0	126	step_1_no_load	1	2	1	805	
75	0	126	step_2_no_load	3	4	0.267206368684	0.537863824328	3	404	0	
75	0	127	step_1_no_load	1	2	1	454	
75	0	127	step_2_no_load	3	4	0.273483952592	0.560824094575	4	343	1	
75	0	128	step_1_no_load	1	2	1	777	
75	0	128	step_2_no_load	5	6	0.250790232267	0.620672334996	6	853	1	
75	0	129	step_1_no_load	1	2	1	512	
75	0	129	step_2_no_load	3	4	0.268213321963	0.685297910719	4	420	0	
75	0	130	step_1_no_load	1	2	2	607	
75	0	130	step_2_no_load	5	6	0.274560758494	0.630285316669	6	759	1	
75	0	131	step_1_no_load	1	2	2	766	
75	0	131	step_2_no_load	3	4	0.281500842289	0.678044920845	4	795	1	
75	0	132	step_1_no_load	1	2	2	254	
75	0	132	step_2_no_load	5	6	0.315328810424	0.660013924697	6	542	1	
75	0	133	step_1_no_load	1	2	2	445	
75	0	133	step_2_no_load	5	6	0.312642735495	0.691649444281	6	440	0	
75	0	134	step_1_no_load	1	2	2	431	
75	0	134	step_2_no_load	5	6	0.302839427162	0.685529359147	6	565	1	
75	0	135	step_1_no_load	1	2	1	783	
75	0	135	step_2_no_load	3	4	0.300079459047	0.593710006149	3	603	1	
75	0	136	step_1_no_load	1	2	1	303	
75	0	136	step_2_no_load	3	4	0.307766925452	0.597814413435	3	277	0	
75	0	137	step_1_no_load	1	2	1	598	
75	0	137	step_2_no_load	3	4	0.346433498467	0.605896884497	4	602	1	
75	0	138	step_1_no_load	1	2	1	258	
75	0	138	step_2_no_load	3	4	0.366701525561	0.63240964674	4	455	0	
75	0	139	step_1_no_load	1	2	2	179	
75	0	139	step_2_no_load	5	6	0.323660750961	0.696355985729	5	402	1	
75	0	140	step_1_no_load	1	2	2	356	
75	0	140	step_2_no_load	5	6	0.328174526491	0.637682840728	5	408	0	
75	0	141	step_1_no_load	1	2	2	246	
75	0	141	step_2_no_load	3	4	0.390227133375	0.711987889705	3	646	1	
75	0	142	step_1_no_load	1	2	2	396	
75	0	142	step_2_no_load	3	4	0.397052682821	0.690276058009	4	375	1	
75	0	143	step_1_no_load	1	2	1	559	
75	0	143	step_2_no_load	3	4	0.410970957547	0.661365099615	3	250	1	
75	0	144	step_1_no_load	1	2	1	423	
75	0	144	step_2_no_load	3	4	0.389234194056	0.626443722248	4	353	1	
75	0	145	step_1_no_load	1	2	1	490	
75	0	145	step_2_no_load	3	4	0.355256413269	0.6669125229	3	338	1	
75	0	146	step_1_no_load	1	2	1	733	
75	0	146	step_2_no_load	3	4	0.320877500969	0.681611991725	4	390	0	
75	0	147	step_1_no_load	1	2	2	207	
75	0	147	step_2_no_load	3	4	0.352879785946	0.647798886916	3	622	0	
75	0	148	step_1_no_load	1	2	2	158	
75	0	148	step_2_no_load	3	4	0.311162711725	0.619272702026	4	730	0	
75	0	149	step_1_no_load	1	2	1	386	
75	0	149	step_2_no_load	5	6	0.269951834184	0.623203869836	6	580	1	
75	0	150	step_1_no_load	1	2	1	236	
75	0	150	step_2_no_load	3	4	0.306860041627	0.575985663078	3	818	1	
75	0	151	step_1_no_load	1	2	1	577	
75	0	151	step_2_no_load	3	4	0.310557101463	0.59154759351	3	423	1	
75	0	152	step_1_no_load	1	2	1	427	
75	0	152	step_2_no_load	5	6	0.307702500543	0.644204174791	6	953	1	
75	0	153	step_1_no_load	1	2	1	301	
75	0	153	step_2_no_load	3	4	0.343622632154	0.613336203392	3	450	1	
75	0	154	step_1_no_load	1	2	1	297	
75	0	154	step_2_no_load	5	6	0.316375537537	0.671672162443	6	498	1	
75	0	155	step_1_no_load	1	2	1	75	
75	0	155	step_2_no_load	5	6	0.296093457977	0.716100930629	6	582	1	
75	0	156	step_1_no_load	1	2	1	470	
75	0	156	step_2_no_load	3	4	0.368378667812	0.631048201903	3	743	0	
75	0	157	step_1_no_load	1	2	1	511	
75	0	157	step_2_no_load	3	4	0.324728201487	0.585191807512	4	724	0	
75	0	158	step_1_no_load	1	2	2	273	
75	0	158	step_2_no_load	5	6	0.408728803896	0.694270715354	6	272	0	
75	0	159	step_1_no_load	1	2	2	200	
75	0	159	step_2_no_load	5	6	0.413026375257	0.697903160072	5	661	0	
75	0	160	step_1_no_load	1	2	1	384	
75	0	160	step_2_no_load	3	4	0.355992626298	0.521229931064	3	253	1	
75	0	161	step_1_no_load	1	2	1	242	
75	0	161	step_2_no_load	3	4	0.438878285506	0.516036498158	3	182	1	
75	0	162	step_1_no_load	1	2	1	448	
75	0	162	step_2_no_load	3	4	0.455329532209	0.566496468084	3	201	1	
75	0	163	step_1_no_load	1	2	1	639	
75	0	163	step_2_no_load	3	4	0.430920885959	0.5863391277	3	428	1	
75	0	164	step_1_no_load	1	2	1	236	
75	0	164	step_2_no_load	3	4	0.430844125626	0.585961845322	3	635	0	
75	0	165	step_1_no_load	1	2	1	263	
75	0	165	step_2_no_load	3	4	0.347974240867	0.538026607649	4	542	1	
75	0	166	step_1_no_load	1	2	1	380	
75	0	166	step_2_no_load	3	4	0.356317216644	0.549095060025	4	342	0	
75	0	167	step_1_no_load	1	2	2	243	
75	0	167	step_2_no_load	3	4	0.331115714939	0.585131062446	3	519	0	
75	0	168	step_1_no_load	1	2	2	199	
75	0	168	step_2_no_load	5	6	0.400817642375	0.67192508984	5	330	0	
75	0	169	step_1_no_load	1	2	2	188	
75	0	169	step_2_no_load	5	6	0.42098542374	0.704981910944	6	395	1	
75	0	170	step_1_no_load	1	2	2	123	
75	0	170	step_2_no_load	5	6	0.411067820436	0.67334314737	6	265	1	
75	0	171	step_1_no_load	1	2	2	265	
75	0	171	step_2_no_load	5	6	0.386979310814	0.727248140829	6	351	1	
75	0	172	step_1_no_load	1	2	2	451	
75	0	172	step_2_no_load	5	6	0.363617002148	0.668669556875	6	623	1	
75	0	173	step_1_no_load	1	2	2	447	
75	0	173	step_2_no_load	3	4	0.462866379815	0.484428109849	3	691	1	
75	0	174	step_1_no_load	1	2	2	441	
75	0	174	step_2_no_load	5	6	0.387867297446	0.729877433725	6	337	1	
75	0	175	step_1_no_load	1	2	2	323	
75	0	175	step_2_no_load	5	6	0.426185553904	0.693968268443	6	515	1	
75	0	176	step_1_no_load	1	2	2	486	
75	0	176	step_2_no_load	5	6	0.383231572002	0.679250000396	6	512	0	
75	0	177	step_1_no_load	1	2	2	363	
75	0	177	step_2_no_load	3	4	0.4798184927	0.501268576771	3	722	1	
75	0	178	step_1_no_load	1	2	2	197	
75	0	178	step_2_no_load	5	6	0.36473828006	0.705993797498	5	693	0	
75	0	179	step_1_no_load	1	2	1	215	
75	0	179	step_2_no_load	3	4	0.493565996034	0.457298770028	3	317	0	
75	0	180	step_1_no_load	1	2	1	309	
75	0	180	step_2_no_load	5	6	0.341214611607	0.719795072986	5	829	1	
75	0	181	step_1_no_load	1	2	1	283	
75	0	181	step_2_no_load	3	4	0.480141179559	0.508735114046	4	588	0	
75	0	182	step_1_no_load	1	2	1	233	
75	0	182	step_2_no_load	3	4	0.49907747228	0.506773281362	3	433	1	
75	0	183	step_1_no_load	1	2	1	635	
75	0	183	step_2_no_load	3	4	0.492742497507	0.502991759047	3	374	1	
75	0	184	step_1_no_load	1	2	1	430	
75	0	184	step_2_no_load	3	4	0.480863422096	0.460890977786	3	394	0	
75	0	185	step_1_no_load	1	2	1	259	
75	0	185	step_2_no_load	3	4	0.482228039858	0.479703516092	4	341	1	
75	0	186	step_1_no_load	1	2	1	198	
75	0	186	step_2_no_load	3	4	0.484672582719	0.46870859828	4	212	1	
75	0	187	step_1_no_load	1	2	1	29	
75	0	187	step_2_no_load	3	4	0.498596507669	0.443962917772	4	378	0	
75	0	188	step_1_no_load	1	2	2	232	
75	0	188	step_2_no_load	3	4	0.548350535247	0.471319680586	3	267	1	
75	0	189	step_1_no_load	1	2	2	186	
75	0	189	step_2_no_load	3	4	0.534753756004	0.448897869069	3	124	1	
75	0	190	step_1_no_load	1	2	2	343	
75	0	190	step_2_no_load	5	6	0.304557739386	0.667655825994	5	697	0	
75	0	191	step_1_no_load	1	2	2	369	
75	0	191	step_2_no_load	5	6	0.318839908867	0.664271461991	6	578	1	
75	0	192	step_1_no_load	1	2	2	465	
75	0	192	step_2_no_load	5	6	0.299297135717	0.705517419189	6	542	1	
75	0	193	step_1_no_load	1	2	1	606	
75	0	193	step_2_no_load	3	4	0.504944704439	0.440813209638	3	480	0	
75	0	194	step_1_no_load	1	2	1	216	
75	0	194	step_2_no_load	5	6	0.342437174514	0.655261361454	6	369	1	
75	0	195	step_1_no_load	1	2	1	191	
75	0	195	step_2_no_load	5	6	0.348571348505	0.646280688878	6	533	0	
75	0	196	step_1_no_load	1	2	2	658	
75	0	196	step_2_no_load	5	6	0.365373286058	0.695101215304	5	460	1	
75	0	197	step_1_no_load	1	2	2	237	
75	0	197	step_2_no_load	3	4	0.47786945426	0.422511153127	4	616	1	
75	0	198	step_1_no_load	1	2	2	287	
75	0	198	step_2_no_load	5	6	0.303352625941	0.68660989813	6	380	1	
75	0	199	step_1_no_load	1	2	2	192	
75	0	199	step_2_no_load	3	4	0.529438031858	0.39793773834	3	670	1	
75	0	200	step_1_no_load	1	2	2	287	
75	0	200	step_2_no_load	5	6	0.299128796668	0.728996708473	6	535	1	

Mon Jul 24 16:01:35 2017
