Tue Jun 27 14:44:14 2017	
65	0	1	step_1_no_load	1	2	1	614	
65	0	1	step_2_no_load	3	4	0.598297890399	0.594299910136	3	1010	1	
65	0	2	step_1_no_load	1	2	2	520	
65	0	2	step_2_no_load	5	6	0.474613197709	0.533203491871	-1	-1	-1	
65	0	3	step_1_no_load	1	2	2	304	
65	0	3	step_2_no_load	3	4	0.584197065669	0.589215227351	4	340	0	
65	0	4	step_1_no_load	1	2	2	393	
65	0	4	step_2_no_load	5	6	0.478607661228	0.494597764192	6	429	0	
65	0	5	step_1_no_load	1	2	1	327	
65	0	5	step_2_no_load	3	4	0.623810210114	0.576104915614	3	664	0	
65	0	6	step_1_no_load	1	2	1	536	
65	0	6	step_2_no_load	3	4	0.585722686883	0.603642866427	3	934	1	
65	0	7	step_1_no_load	1	2	1	572	
65	0	7	step_2_no_load	3	4	0.568656746487	0.622642364361	3	641	0	
65	0	8	step_1_no_load	1	2	2	870	
65	0	8	step_2_no_load	5	6	0.489816616396	0.499203529332	6	590	1	
65	0	9	step_1_no_load	1	2	2	422	
65	0	9	step_2_no_load	5	6	0.496546708465	0.54429228266	6	547	1	
65	0	10	step_1_no_load	1	2	2	506	
65	0	10	step_2_no_load	5	6	0.482364178155	0.576063520885	6	717	1	
65	0	11	step_1_no_load	1	2	2	326	
65	0	11	step_2_no_load	5	6	0.477013315682	0.59022801242	6	830	0	
65	0	12	step_1_no_load	1	2	2	621	
65	0	12	step_2_no_load	5	6	0.48457206759	0.597131918027	6	907	1	
65	0	13	step_1_no_load	1	2	2	620	
65	0	13	step_2_no_load	3	4	0.653587098421	0.558313135925	4	1298	1	
65	0	14	step_1_no_load	1	2	1	419	
65	0	14	step_2_no_load	3	4	0.629137942344	0.545555696267	3	599	1	
65	0	15	step_1_no_load	1	2	1	394	
65	0	15	step_2_no_load	5	6	0.505377237737	0.633564630036	5	1220	0	
65	0	16	step_1_no_load	1	2	1	370	
65	0	16	step_2_no_load	3	4	0.628091198119	0.553308964466	3	1070	1	
65	0	17	step_1_no_load	1	2	2	714	
65	0	17	step_2_no_load	5	6	0.535958400205	0.643116883134	6	575	1	
65	0	18	step_1_no_load	1	2	2	464	
65	0	18	step_2_no_load	3	4	0.626834332012	0.553554620302	3	932	0	
65	0	19	step_1_no_load	1	2	2	519	
65	0	19	step_2_no_load	3	4	0.619895761657	0.536502319591	4	769	1	
65	0	20	step_1_no_load	1	2	2	425	
65	0	20	step_2_no_load	5	6	0.478025448397	0.60665343963	6	406	1	
65	0	21	step_1_no_load	1	2	1	435	
65	0	21	step_2_no_load	3	4	0.630305464549	0.470207377245	4	996	0	
65	0	22	step_1_no_load	1	2	1	326	
65	0	22	step_2_no_load	3	4	0.621949894727	0.468700882609	3	446	1	
65	0	23	step_1_no_load	1	2	1	315	
65	0	23	step_2_no_load	3	4	0.640163623731	0.513759772011	3	486	1	
65	0	24	step_1_no_load	1	2	2	364	
65	0	24	step_2_no_load	5	6	0.505388876622	0.5800912085	6	824	0	
65	0	25	step_1_no_load	1	2	2	414	
65	0	25	step_2_no_load	5	6	0.503316372362	0.629917901014	6	399	1	
65	0	26	step_1_no_load	1	2	2	365	
65	0	26	step_2_no_load	5	6	0.511744353778	0.640635035276	6	559	1	
65	0	27	step_1_no_load	1	2	2	470	
65	0	27	step_2_no_load	5	6	0.507272671939	0.642144756622	6	573	0	
65	0	28	step_1_no_load	1	2	2	459	
65	0	28	step_2_no_load	3	4	0.588356036098	0.553259388875	3	459	1	
65	0	29	step_1_no_load	1	2	1	536	
65	0	29	step_2_no_load	3	4	0.606613029227	0.561957580386	3	717	1	
65	0	30	step_1_no_load	1	2	1	367	
65	0	30	step_2_no_load	5	6	0.4919199548	0.610227092493	6	1029	0	
65	0	31	step_1_no_load	1	2	1	447	
65	0	31	step_2_no_load	3	4	0.636602545794	0.541819886458	3	769	1	
65	0	32	step_1_no_load	1	2	1	562	
65	0	32	step_2_no_load	3	4	0.634585171267	0.522993086096	3	961	1	
65	0	33	step_1_no_load	1	2	2	393	
65	0	33	step_2_no_load	3	4	0.611700032906	0.542309898544	4	963	0	
65	0	34	step_1_no_load	1	2	2	550	
65	0	34	step_2_no_load	5	6	0.454565258478	0.670290552209	6	795	0	
65	0	35	step_1_no_load	1	2	2	456	
65	0	35	step_2_no_load	5	6	0.491437207585	0.649776015006	5	865	0	
65	0	36	step_1_no_load	1	2	2	284	
65	0	36	step_2_no_load	3	4	0.527635087561	0.611274573488	3	1077	0	
65	0	37	step_1_no_load	1	2	2	585	
65	0	37	step_2_no_load	3	4	0.513822304161	0.598446394142	4	1079	1	
65	0	38	step_1_no_load	1	2	1	512	
65	0	38	step_2_no_load	3	4	0.539078491643	0.595113730206	3	533	1	
65	0	39	step_1_no_load	1	2	1	361	
65	0	39	step_2_no_load	3	4	0.557005857101	0.610601635554	3	396	1	
65	0	40	step_1_no_load	1	2	1	343	
65	0	40	step_2_no_load	3	4	0.580760785074	0.607992802154	3	914	1	
65	0	41	step_1_no_load	1	2	1	539	
65	0	41	step_2_no_load	5	6	0.583829055298	0.633285941184	6	968	1	
65	0	42	step_1_no_load	1	2	2	374	
65	0	42	step_2_no_load	5	6	0.553461946234	0.606696263624	6	634	1	
65	0	43	step_1_no_load	1	2	2	338	
65	0	43	step_2_no_load	5	6	0.548128010644	0.581931546759	6	459	0	
65	0	44	step_1_no_load	1	2	2	499	
65	0	44	step_2_no_load	5	6	0.537842745081	0.589653131867	6	722	1	
65	0	45	step_1_no_load	1	2	2	379	
65	0	45	step_2_no_load	3	4	0.579346234508	0.632991467829	3	1450	1	
65	0	46	step_1_no_load	1	2	1	447	
65	0	46	step_2_no_load	3	4	0.55511883717	0.600964500555	3	636	0	
65	0	47	step_1_no_load	1	2	2	443	
65	0	47	step_2_no_load	5	6	0.493112702321	0.634373567175	6	806	1	
65	0	48	step_1_no_load	1	2	2	409	
65	0	48	step_2_no_load	3	4	0.534690828011	0.615767119776	4	537	1	
65	0	49	step_1_no_load	1	2	2	376	
65	0	49	step_2_no_load	5	6	0.489287375157	0.614679490594	6	940	1	
65	0	50	step_1_no_load	1	2	1	539	
65	0	50	step_2_no_load	3	4	0.481616544184	0.606862017918	3	828	1	
65	0	51	step_1_no_load	1	2	1	920	
65	0	51	step_2_no_load	3	4	0.508197321577	0.564866799699	3	1027	1	
65	0	52	step_1_no_load	1	2	1	499	
65	0	52	step_2_no_load	3	4	0.513589895419	0.539065404057	3	795	0	
65	0	53	step_1_no_load	1	2	2	570	
65	0	53	step_2_no_load	5	6	0.451905460347	0.630956764252	6	693	1	
65	0	54	step_1_no_load	1	2	2	403	
65	0	54	step_2_no_load	5	6	0.491512498697	0.652515308527	6	802	0	
65	0	55	step_1_no_load	1	2	1	578	
65	0	55	step_2_no_load	5	6	0.487025527704	0.639840796975	5	513	1	
65	0	56	step_1_no_load	1	2	2	784	
65	0	56	step_2_no_load	3	4	0.538512915562	0.601856598146	-1	-1	-1	
65	0	57	step_1_no_load	1	2	1	503	
65	0	57	step_2_no_load	3	4	0.516475618243	0.641849303307	3	464	1	
65	0	58	step_1_no_load	1	2	2	454	
65	0	58	step_2_no_load	5	6	0.478335218822	0.610896130115	6	712	0	
65	0	59	step_1_no_load	1	2	2	565	
65	0	59	step_2_no_load	3	4	0.537400760025	0.632500293208	3	877	1	
65	0	60	step_1_no_load	1	2	1	452	
65	0	60	step_2_no_load	3	4	0.479287247283	0.623687406259	3	1059	0	
65	0	61	step_1_no_load	1	2	2	361	
65	0	61	step_2_no_load	5	6	0.464268875813	0.602879526975	6	620	1	
65	0	62	step_1_no_load	1	2	2	477	
65	0	62	step_2_no_load	3	4	0.533031417444	0.691137204746	4	1371	0	
65	0	63	step_1_no_load	1	2	1	548	
65	0	63	step_2_no_load	3	4	0.519445130796	0.664284493458	3	400	0	
65	0	64	step_1_no_load	1	2	1	456	
65	0	64	step_2_no_load	5	6	0.555062911513	0.626149195169	5	1318	0	
65	0	65	step_1_no_load	1	2	1	1244	
65	0	65	step_2_no_load	3	4	0.517687993213	0.612660225018	3	734	0	
65	0	66	step_1_no_load	1	2	2	354	
65	0	66	step_2_no_load	5	6	0.573761869714	0.630357351236	6	641	1	
65	0	67	step_1_no_load	1	2	2	591	
65	0	67	step_2_no_load	3	4	0.538279387614	0.597650193897	-1	-1	-1	
65	0	68	step_1_no_load	1	2	1	502	
65	0	68	step_2_no_load	3	4	0.523301545299	0.622963076372	3	618	1	
65	0	69	step_1_no_load	1	2	1	440	
65	0	69	step_2_no_load	3	4	0.560462111264	0.622221685203	3	490	0	
65	0	70	step_1_no_load	1	2	2	388	
65	0	70	step_2_no_load	5	6	0.498834901463	0.697741832068	6	601	1	
65	0	71	step_1_no_load	1	2	2	580	
65	0	71	step_2_no_load	3	4	0.546215110045	0.639174917797	3	1103	0	
65	0	72	step_1_no_load	1	2	2	1390	
65	0	72	step_2_no_load	3	4	0.556486305476	0.626024641967	4	1134	1	
65	0	73	step_1_no_load	1	2	1	494	
65	0	73	step_2_no_load	3	4	0.50185699984	0.657126403029	3	471	1	
65	0	74	step_1_no_load	1	2	1	359	
65	0	74	step_2_no_load	5	6	0.453420386428	0.693624670847	5	358	1	
65	0	75	step_1_no_load	1	2	1	427	
65	0	75	step_2_no_load	3	4	0.483983914712	0.615552849174	3	691	0	
65	0	76	step_1_no_load	1	2	2	585	
65	0	76	step_2_no_load	5	6	0.488583631821	0.690117652944	6	765	1	
65	0	77	step_1_no_load	1	2	2	621	
65	0	77	step_2_no_load	5	6	0.446809557226	0.679737625371	6	1153	1	
65	0	78	step_1_no_load	1	2	1	388	
65	0	78	step_2_no_load	5	6	0.435911167612	0.647586191228	6	1206	1	
65	0	79	step_1_no_load	1	2	1	322	
65	0	79	step_2_no_load	3	4	0.540085062695	0.513695512795	3	519	0	
65	0	80	step_1_no_load	1	2	1	621	
65	0	80	step_2_no_load	3	4	0.49921021142	0.518583383166	4	475	0	
65	0	81	step_1_no_load	1	2	2	365	
65	0	81	step_2_no_load	5	6	0.419265522488	0.702400933084	6	1063	1	
65	0	82	step_1_no_load	1	2	2	341	
65	0	82	step_2_no_load	3	4	0.482727017837	0.564729328387	3	631	1	
65	0	83	step_1_no_load	1	2	1	136	
65	0	83	step_2_no_load	3	4	0.483255412498	0.607907985871	3	312	0	
65	0	84	step_1_no_load	1	2	2	490	
65	0	84	step_2_no_load	5	6	0.385087938645	0.731466635793	6	677	1	
65	0	85	step_1_no_load	1	2	2	389	
65	0	85	step_2_no_load	5	6	0.384458259121	0.712989604416	6	566	1	
65	0	86	step_1_no_load	1	2	2	440	
65	0	86	step_2_no_load	5	6	0.345323068124	0.721207648497	5	308	1	
65	0	87	step_1_no_load	1	2	1	403	
65	0	87	step_2_no_load	3	4	0.493867001103	0.719375344246	3	659	0	
65	0	88	step_1_no_load	1	2	1	380	
65	0	88	step_2_no_load	3	4	0.509563243675	0.717410082358	3	273	1	
65	0	89	step_1_no_load	1	2	1	1406	
65	0	89	step_2_no_load	3	4	0.490019385174	0.690772436485	4	684	1	
65	0	90	step_1_no_load	1	2	1	411	
65	0	90	step_2_no_load	5	6	0.411459496853	0.688736868033	6	603	1	
65	0	91	step_1_no_load	1	2	2	316	
65	0	91	step_2_no_load	3	4	0.479087223222	0.685023809334	4	343	1	
65	0	92	step_1_no_load	1	2	2	548	
65	0	92	step_2_no_load	5	6	0.444368850664	0.679381608313	6	461	0	
65	0	93	step_1_no_load	1	2	2	459	
65	0	93	step_2_no_load	5	6	0.439878153082	0.662863370634	5	480	0	
65	0	94	step_1_no_load	1	2	1	405	
65	0	94	step_2_no_load	3	4	0.468637558205	0.719464414227	3	496	1	
65	0	95	step_1_no_load	1	2	1	255	
65	0	95	step_2_no_load	3	4	0.42505578884	0.715495469274	3	359	1	
65	0	96	step_1_no_load	1	2	1	305	
65	0	96	step_2_no_load	3	4	0.437558890646	0.693739812506	3	682	0	
65	0	97	step_1_no_load	1	2	1	296	
65	0	97	step_2_no_load	3	4	0.455601814112	0.681272614291	4	545	1	
65	0	98	step_1_no_load	1	2	2	238	
65	0	98	step_2_no_load	3	4	0.431479829356	0.70287861952	4	720	1	
65	0	99	step_1_no_load	1	2	2	591	
65	0	99	step_2_no_load	5	6	0.397561363605	0.645191748454	6	453	1	
65	0	100	step_1_no_load	1	2	2	348	
65	0	100	step_2_no_load	3	4	0.363162156005	0.666227451505	4	369	1	
65	0	101	step_1_no_load	1	2	2	573	
65	0	101	step_2_no_load	5	6	0.497432607584	0.655903528958	6	380	1	
65	0	102	step_1_no_load	1	2	1	447	
65	0	102	step_2_no_load	5	6	0.494584754513	0.663124617603	5	939	0	
65	0	103	step_1_no_load	1	2	1	459	
65	0	103	step_2_no_load	3	4	0.322834495838	0.663997796029	4	632	1	
65	0	104	step_1_no_load	1	2	1	993	
65	0	104	step_2_no_load	3	4	0.303696146503	0.703870701136	4	833	1	
65	0	105	step_1_no_load	1	2	2	449	
65	0	105	step_2_no_load	3	4	0.352639603242	0.689135357059	3	1239	0	
65	0	106	step_1_no_load	1	2	2	587	
65	0	106	step_2_no_load	5	6	0.508908032404	0.699623252899	6	423	1	
65	0	107	step_1_no_load	1	2	2	572	
65	0	107	step_2_no_load	5	6	0.565220528809	0.677514185929	5	778	1	
65	0	108	step_1_no_load	1	2	1	633	
65	0	108	step_2_no_load	5	6	0.526955028982	0.681491063126	5	683	1	
65	0	109	step_1_no_load	1	2	1	448	
65	0	109	step_2_no_load	3	4	0.372328831887	0.71632547018	4	399	1	
65	0	110	step_1_no_load	1	2	1	561	
65	0	110	step_2_no_load	3	4	0.395544455384	0.729599891941	3	459	1	
65	0	111	step_1_no_load	1	2	2	370	
65	0	111	step_2_no_load	3	4	0.407158158569	0.724852671171	3	1305	0	
65	0	112	step_1_no_load	1	2	2	395	
65	0	112	step_2_no_load	3	4	0.413393106784	0.725701866094	4	870	1	
65	0	113	step_1_no_load	1	2	2	416	
65	0	113	step_2_no_load	3	4	0.387112818105	0.719324307956	3	1071	0	
65	0	114	step_1_no_load	1	2	2	471	
65	0	114	step_2_no_load	5	6	0.380324086676	0.657654904272	6	610	1	
65	0	115	step_1_no_load	1	2	2	446	
65	0	115	step_2_no_load	5	6	0.390027643099	0.645721217949	6	507	0	
65	0	116	step_1_no_load	1	2	1	380	
65	0	116	step_2_no_load	3	4	0.369438791876	0.706736514943	3	716	1	
65	0	117	step_1_no_load	1	2	1	406	
65	0	117	step_2_no_load	5	6	0.374621793791	0.671842537277	5	388	1	
65	0	118	step_1_no_load	1	2	1	389	
65	0	118	step_2_no_load	3	4	0.362977115924	0.740051715856	3	641	0	
65	0	119	step_1_no_load	1	2	2	770	
65	0	119	step_2_no_load	5	6	0.357515098446	0.661177321751	-1	-1	-1	
65	0	120	step_1_no_load	1	2	2	338	
65	0	120	step_2_no_load	5	6	0.370150243662	0.666433355915	5	381	1	
65	0	121	step_1_no_load	1	2	1	273	
65	0	121	step_2_no_load	3	4	0.310775244958	0.658856304095	3	331	0	
65	0	122	step_1_no_load	1	2	1	327	
65	0	122	step_2_no_load	5	6	0.329624572119	0.672193618854	5	911	1	
65	0	123	step_1_no_load	1	2	1	361	
65	0	123	step_2_no_load	3	4	0.269780614928	0.583607229978	4	588	1	
65	0	124	step_1_no_load	1	2	1	534	
65	0	124	step_2_no_load	3	4	0.26095206597	0.603013298253	4	413	1	
65	0	125	step_1_no_load	1	2	2	593	
65	0	125	step_2_no_load	5	6	0.303110862715	0.633566302563	6	427	0	
65	0	126	step_1_no_load	1	2	2	323	
65	0	126	step_2_no_load	5	6	0.300846667696	0.600985760967	5	437	0	
65	0	127	step_1_no_load	1	2	1	333	
65	0	127	step_2_no_load	3	4	0.273483952592	0.560824094575	3	606	1	
65	0	128	step_1_no_load	1	2	1	425	
65	0	128	step_2_no_load	3	4	0.260252451606	0.636905534066	3	517	1	
65	0	129	step_1_no_load	1	2	1	389	
65	0	129	step_2_no_load	3	4	0.268213321963	0.685297910719	3	547	0	
65	0	130	step_1_no_load	1	2	2	438	
65	0	130	step_2_no_load	3	4	0.267460866951	0.682031489739	4	786	0	
65	0	131	step_1_no_load	1	2	2	623	
65	0	131	step_2_no_load	5	6	0.311475039155	0.638450601212	6	640	1	
65	0	132	step_1_no_load	1	2	2	554	
65	0	132	step_2_no_load	5	6	0.315328810424	0.660013924697	6	576	1	
65	0	133	step_1_no_load	1	2	2	385	
65	0	133	step_2_no_load	5	6	0.312642735495	0.691649444281	5	582	1	
65	0	134	step_1_no_load	1	2	1	845	
65	0	134	step_2_no_load	5	6	0.302839427162	0.685529359147	5	1070	0	
65	0	135	step_1_no_load	1	2	1	464	
65	0	135	step_2_no_load	3	4	0.300079459047	0.593710006149	3	610	0	
65	0	136	step_1_no_load	1	2	1	240	
65	0	136	step_2_no_load	3	4	0.307766925452	0.597814413435	4	294	1	
65	0	137	step_1_no_load	1	2	1	231	
65	0	137	step_2_no_load	5	6	0.325016613024	0.668540846495	6	704	1	
65	0	138	step_1_no_load	1	2	1	296	
65	0	138	step_2_no_load	5	6	0.307694123906	0.688182193337	5	994	1	
65	0	139	step_1_no_load	1	2	2	312	
65	0	139	step_2_no_load	5	6	0.323660750961	0.696355985729	6	420	0	
65	0	140	step_1_no_load	1	2	2	227	
65	0	140	step_2_no_load	5	6	0.328174526491	0.637682840728	6	423	0	
65	0	141	step_1_no_load	1	2	2	382	
65	0	141	step_2_no_load	5	6	0.311809871418	0.616803346728	5	511	0	
65	0	142	step_1_no_load	1	2	1	283	
65	0	142	step_2_no_load	5	6	0.304203281606	0.627356259123	6	972	0	
65	0	143	step_1_no_load	1	2	1	342	
65	0	143	step_2_no_load	3	4	0.410970957547	0.661365099615	3	442	1	
65	0	144	step_1_no_load	1	2	1	311	
65	0	144	step_2_no_load	3	4	0.389234194056	0.626443722248	3	442	0	
65	0	145	step_1_no_load	1	2	1	0	
65	0	145	step_2_no_load	5	6	0.266265924094	0.606515632748	6	355	1	
65	0	146	step_1_no_load	1	2	2	608	
65	0	146	step_2_no_load	5	6	0.257861956214	0.593778463268	5	523	0	
65	0	147	step_1_no_load	1	2	2	260	
65	0	147	step_2_no_load	5	6	0.265578160642	0.594861186319	6	244	0	
65	0	148	step_1_no_load	1	2	2	495	
65	0	148	step_2_no_load	5	6	0.305288021243	0.648050021239	5	394	0	
65	0	149	step_1_no_load	1	2	1	1487	
65	0	149	step_2_no_load	3	4	0.300290206122	0.601870110183	3	716	0	
65	0	150	step_1_no_load	1	2	1	201	
65	0	150	step_2_no_load	3	4	0.306860041627	0.575985663078	4	524	1	
65	0	151	step_1_no_load	1	2	1	886	
65	0	151	step_2_no_load	5	6	0.348172164421	0.614159737668	6	1197	0	
65	0	152	step_1_no_load	1	2	2	581	
65	0	152	step_2_no_load	5	6	0.307702500543	0.644204174791	6	686	0	
65	0	153	step_1_no_load	1	2	2	445	
65	0	153	step_2_no_load	3	4	0.343622632154	0.613336203392	3	1040	0	
65	0	154	step_1_no_load	1	2	2	452	
65	0	154	step_2_no_load	5	6	0.316375537537	0.671672162443	5	912	1	
65	0	155	step_1_no_load	1	2	1	318	
65	0	155	step_2_no_load	5	6	0.296093457977	0.716100930629	6	377	0	
65	0	156	step_1_no_load	1	2	1	283	
65	0	156	step_2_no_load	3	4	0.368378667812	0.631048201903	4	448	1	
65	0	157	step_1_no_load	1	2	1	596	
65	0	157	step_2_no_load	3	4	0.324728201487	0.585191807512	4	606	0	
65	0	158	step_1_no_load	1	2	2	560	
65	0	158	step_2_no_load	3	4	0.334595868098	0.532722108502	3	832	0	
65	0	159	step_1_no_load	1	2	2	399	
65	0	159	step_2_no_load	5	6	0.413026375257	0.697903160072	6	819	1	
65	0	160	step_1_no_load	1	2	2	268	
65	0	160	step_2_no_load	5	6	0.415052912783	0.710728171711	6	430	1	
65	0	161	step_1_no_load	1	2	2	260	
65	0	161	step_2_no_load	5	6	0.407025633682	0.719896286569	6	397	1	
65	0	162	step_1_no_load	1	2	2	519	
65	0	162	step_2_no_load	5	6	0.3926701003	0.695144769903	5	439	0	
65	0	163	step_1_no_load	1	2	1	400	
65	0	163	step_2_no_load	5	6	0.395221309311	0.697095951435	5	355	1	
65	0	164	step_1_no_load	1	2	1	300	
65	0	164	step_2_no_load	3	4	0.430844125626	0.585961845322	3	475	1	
65	0	165	step_1_no_load	1	2	1	347	
65	0	165	step_2_no_load	5	6	0.463777557969	0.717506143195	5	409	0	
65	0	166	step_1_no_load	1	2	1	360	
65	0	166	step_2_no_load	3	4	0.356317216644	0.549095060025	3	521	0	
65	0	167	step_1_no_load	1	2	1	397	
65	0	167	step_2_no_load	3	4	0.331115714939	0.585131062446	4	413	1	
65	0	168	step_1_no_load	1	2	1	432	
65	0	168	step_2_no_load	3	4	0.335777599654	0.613361520676	4	653	1	
65	0	169	step_1_no_load	1	2	1	403	
65	0	169	step_2_no_load	3	4	0.365156560071	0.586049140041	4	374	1	
65	0	170	step_1_no_load	1	2	2	302	
65	0	170	step_2_no_load	5	6	0.411067820436	0.67334314737	6	284	1	
65	0	171	step_1_no_load	1	2	2	367	
65	0	171	step_2_no_load	3	4	0.425122034074	0.553314431843	3	858	0	
65	0	172	step_1_no_load	1	2	2	404	
65	0	172	step_2_no_load	5	6	0.363617002148	0.668669556875	5	419	0	
65	0	173	step_1_no_load	1	2	1	592	
65	0	173	step_2_no_load	3	4	0.462866379815	0.484428109849	3	425	0	
65	0	174	step_1_no_load	1	2	2	365	
65	0	174	step_2_no_load	5	6	0.387867297446	0.729877433725	6	295	1	
65	0	175	step_1_no_load	1	2	2	904	
65	0	175	step_2_no_load	5	6	0.426185553904	0.693968268443	6	633	1	
65	0	176	step_1_no_load	1	2	2	353	
65	0	176	step_2_no_load	5	6	0.383231572002	0.679250000396	5	685	1	
65	0	177	step_1_no_load	1	2	1	277	
65	0	177	step_2_no_load	3	4	0.4798184927	0.501268576771	3	724	1	
65	0	178	step_1_no_load	1	2	1	287	
65	0	178	step_2_no_load	3	4	0.49020858644	0.493712351915	3	472	0	
65	0	179	step_1_no_load	1	2	1	300	
65	0	179	step_2_no_load	3	4	0.493565996034	0.457298770028	4	342	0	
65	0	180	step_1_no_load	1	2	1	465	
65	0	180	step_2_no_load	5	6	0.341214611607	0.719795072986	6	755	0	
65	0	181	step_1_no_load	1	2	1	407	
65	0	181	step_2_no_load	5	6	0.342402764747	0.746910336326	5	761	1	
65	0	182	step_1_no_load	1	2	2	326	
65	0	182	step_2_no_load	5	6	0.340533666308	0.72717560423	6	506	1	
65	0	183	step_1_no_load	1	2	2	347	
65	0	183	step_2_no_load	5	6	0.350175837802	0.720388040749	6	555	1	
65	0	184	step_1_no_load	1	2	2	372	
65	0	184	step_2_no_load	5	6	0.362743255194	0.657291439324	6	423	1	
65	0	185	step_1_no_load	1	2	1	353	
65	0	185	step_2_no_load	5	6	0.362611152222	0.665622647081	6	300	1	
65	0	186	step_1_no_load	1	2	1	311	
65	0	186	step_2_no_load	3	4	0.484672582719	0.46870859828	4	412	1	
65	0	187	step_1_no_load	1	2	1	378	
65	0	187	step_2_no_load	5	6	0.328890769988	0.678211978625	6	436	0	
65	0	188	step_1_no_load	1	2	1	313	
65	0	188	step_2_no_load	3	4	0.548350535247	0.471319680586	4	530	1	
65	0	189	step_1_no_load	1	2	1	540	
65	0	189	step_2_no_load	3	4	0.534753756004	0.448897869069	4	619	0	
65	0	190	step_1_no_load	1	2	2	158	
65	0	190	step_2_no_load	3	4	0.505820429042	0.433568856946	3	977	0	
65	0	191	step_1_no_load	1	2	2	574	
65	0	191	step_2_no_load	3	4	0.512103523931	0.435748387321	4	970	1	
65	0	192	step_1_no_load	1	2	2	339	
65	0	192	step_2_no_load	5	6	0.299297135717	0.705517419189	6	529	1	
65	0	193	step_1_no_load	1	2	1	539	
65	0	193	step_2_no_load	3	4	0.504944704439	0.440813209638	3	631	0	
65	0	194	step_1_no_load	1	2	2	356	
65	0	194	step_2_no_load	3	4	0.505359594715	0.433250459893	4	1028	1	
65	0	195	step_1_no_load	1	2	2	452	
65	0	195	step_2_no_load	3	4	0.494102184238	0.466795336969	4	1192	0	
65	0	196	step_1_no_load	1	2	2	336	
65	0	196	step_2_no_load	5	6	0.365373286058	0.695101215304	6	662	1	
65	0	197	step_1_no_load	1	2	2	364	
65	0	197	step_2_no_load	3	4	0.47786945426	0.422511153127	3	889	1	
65	0	198	step_1_no_load	1	2	1	942	
65	0	198	step_2_no_load	5	6	0.303352625941	0.68660989813	5	1294	0	
65	0	199	step_1_no_load	1	2	1	322	
65	0	199	step_2_no_load	3	4	0.529438031858	0.39793773834	3	672	0	
65	0	200	step_1_no_load	1	2	2	328	
65	0	200	step_2_no_load	3	4	0.507902534353	0.372436949782	4	1023	0	

Tue Jun 27 15:02:48 2017
