Thu Jul 20 13:26:49 2017	
71	0	1	step_1_no_load	1	2	2	432	
71	0	1	step_2_no_load	5	6	0.457620150462	0.598297890399	6	1469	0	
71	0	2	step_1_no_load	1	2	2	504	
71	0	2	step_2_no_load	3	4	0.533203491871	0.610961032466	4	826	0	
71	0	3	step_1_no_load	1	2	1	402	
71	0	3	step_2_no_load	3	4	0.516002945397	0.589215227351	3	955	0	
71	0	4	step_1_no_load	1	2	1	586	
71	0	4	step_2_no_load	5	6	0.478607661228	0.597491569846	5	1105	0	
71	0	5	step_1_no_load	1	2	1	747	
71	0	5	step_2_no_load	3	4	0.543908521457	0.576104915614	4	458	0	
71	0	6	step_1_no_load	1	2	2	795	
71	0	6	step_2_no_load	5	6	0.506877622204	0.585722686883	-1	-1	-1	
71	0	7	step_1_no_load	1	2	2	363	
71	0	7	step_2_no_load	5	6	0.500071913476	0.568656746487	5	799	1	
71	0	8	step_1_no_load	1	2	2	399	
71	0	8	step_2_no_load	3	4	0.499203529332	0.624210374623	3	1404	0	
71	0	9	step_1_no_load	1	2	1	406	
71	0	9	step_2_no_load	3	4	0.54429228266	0.641106877158	3	1148	1	
71	0	10	step_1_no_load	1	2	1	384	
71	0	10	step_2_no_load	3	4	0.576063520885	0.636063269715	3	431	0	
71	0	11	step_1_no_load	1	2	1	419	
71	0	11	step_2_no_load	5	6	0.477013315682	0.69163818036	5	1081	0	
71	0	12	step_1_no_load	1	2	2	629	
71	0	12	step_2_no_load	5	6	0.48457206759	0.682786328054	6	1078	1	
71	0	13	step_1_no_load	1	2	2	412	
71	0	13	step_2_no_load	5	6	0.52012981853	0.653587098421	6	437	0	
71	0	14	step_1_no_load	1	2	2	628	
71	0	14	step_2_no_load	5	6	0.491234392147	0.629137942344	6	440	1	
71	0	15	step_1_no_load	1	2	2	309	
71	0	15	step_2_no_load	5	6	0.505377237737	0.612260006668	6	662	1	
71	0	16	step_1_no_load	1	2	2	262	
71	0	16	step_2_no_load	5	6	0.510958036527	0.628091198119	6	370	1	
71	0	17	step_1_no_load	1	2	2	234	
71	0	17	step_2_no_load	5	6	0.535958400205	0.633350170016	6	417	1	
71	0	18	step_1_no_load	1	2	2	321	
71	0	18	step_2_no_load	5	6	0.517514133912	0.626834332012	6	309	0	
71	0	19	step_1_no_load	1	2	1	269	
71	0	19	step_2_no_load	3	4	0.644773170243	0.536502319591	3	837	0	
71	0	20	step_1_no_load	1	2	2	479	
71	0	20	step_2_no_load	3	4	0.60665343963	0.491720931314	-1	-1	-1	
71	0	21	step_1_no_load	1	2	2	290	
71	0	21	step_2_no_load	5	6	0.49769376036	0.630305464549	6	403	1	
71	0	22	step_1_no_load	1	2	2	314	
71	0	22	step_2_no_load	5	6	0.506100011497	0.621949894727	6	396	0	
71	0	23	step_1_no_load	1	2	1	348	
71	0	23	step_2_no_load	5	6	0.520606588181	0.640163623731	5	510	1	
71	0	24	step_1_no_load	1	2	1	408	
71	0	24	step_2_no_load	5	6	0.505388876622	0.582115115688	5	401	0	
71	0	25	step_1_no_load	1	2	-1	-1	
71	0	26	step_1_no_load	1	2	1	336	
71	0	26	step_2_no_load	3	4	0.640635035276	0.532884212818	3	456	1	
71	0	27	step_1_no_load	1	2	1	329	
71	0	27	step_2_no_load	3	4	0.642144756622	0.54756089792	3	358	0	
71	0	28	step_1_no_load	1	2	2	787	
71	0	28	step_2_no_load	5	6	0.520177259699	0.588356036098	6	447	0	
71	0	29	step_1_no_load	1	2	2	1275	
71	0	29	step_2_no_load	5	6	0.521159009103	0.606613029227	5	667	1	
71	0	30	step_1_no_load	1	2	2	370	
71	0	30	step_2_no_load	3	4	0.610227092493	0.574272497114	3	1153	0	
71	0	31	step_1_no_load	1	2	1	312	
71	0	31	step_2_no_load	3	4	0.606122691795	0.541819886458	3	1029	1	
71	0	32	step_1_no_load	1	2	1	296	
71	0	32	step_2_no_load	3	4	0.605616211083	0.522993086096	3	470	1	
71	0	33	step_1_no_load	1	2	1	260	
71	0	33	step_2_no_load	3	4	0.618000238621	0.542309898544	3	377	0	
71	0	34	step_1_no_load	1	2	1	467	
71	0	34	step_2_no_load	3	4	0.670290552209	0.538523758058	3	881	1	
71	0	35	step_1_no_load	1	2	1	296	
71	0	35	step_2_no_load	3	4	0.649776015006	0.594167768198	3	360	0	
71	0	36	step_1_no_load	1	2	2	236	
71	0	36	step_2_no_load	5	6	0.513210053121	0.527635087561	6	388	1	
71	0	37	step_1_no_load	1	2	2	243	
71	0	37	step_2_no_load	3	4	0.660658056664	0.598446394142	4	389	0	
71	0	38	step_1_no_load	1	2	2	949	
71	0	38	step_2_no_load	5	6	0.553931241266	0.539078491643	6	922	0	
71	0	39	step_1_no_load	1	2	2	727	
71	0	39	step_2_no_load	5	6	0.578640235206	0.557005857101	6	696	1	
71	0	40	step_1_no_load	1	2	2	301	
71	0	40	step_2_no_load	3	4	0.636994900683	0.607992802154	3	1218	1	
71	0	41	step_1_no_load	1	2	2	546	
71	0	41	step_2_no_load	5	6	0.583829055298	0.524862294848	6	746	1	
71	0	42	step_1_no_load	1	2	2	283	
71	0	42	step_2_no_load	3	4	0.606696263624	0.609164606591	3	822	1	
71	0	43	step_1_no_load	1	2	2	499	
71	0	43	step_2_no_load	3	4	0.581931546759	0.612705031264	3	1035	0	
71	0	44	step_1_no_load	1	2	2	707	
71	0	44	step_2_no_load	3	4	0.589653131867	0.611481438855	3	953	0	
71	0	45	step_1_no_load	1	2	1	303	
71	0	45	step_2_no_load	5	6	0.5288039409	0.579346234508	5	831	0	
71	0	46	step_1_no_load	1	2	1	782	
71	0	46	step_2_no_load	5	6	0.532238720495	0.55511883717	6	583	0	
71	0	47	step_1_no_load	1	2	2	495	
71	0	47	step_2_no_load	5	6	0.493112702321	0.546259467838	6	546	1	
71	0	48	step_1_no_load	1	2	2	390	
71	0	48	step_2_no_load	5	6	0.488280685105	0.534690828011	6	512	0	
71	0	49	step_1_no_load	1	2	1	844	
71	0	49	step_2_no_load	3	4	0.614679490594	0.610193185592	3	984	0	
71	0	50	step_1_no_load	1	2	2	487	
71	0	50	step_2_no_load	5	6	0.47381367271	0.481616544184	5	999	0	
71	0	51	step_1_no_load	1	2	2	280	
71	0	51	step_2_no_load	3	4	0.613357430892	0.564866799699	3	965	1	
71	0	52	step_1_no_load	1	2	2	553	
71	0	52	step_2_no_load	5	6	0.429622901875	0.513589895419	5	1442	1	
71	0	53	step_1_no_load	1	2	2	299	
71	0	53	step_2_no_load	3	4	0.630956764252	0.551457882502	3	759	1	
71	0	54	step_1_no_load	1	2	2	344	
71	0	54	step_2_no_load	5	6	0.491512498697	0.493362545513	5	1315	0	
71	0	55	step_1_no_load	1	2	2	285	
71	0	55	step_2_no_load	5	6	0.487025527704	0.526704292526	6	1097	0	
71	0	56	step_1_no_load	1	2	2	363	
71	0	56	step_2_no_load	5	6	0.459773408493	0.538512915562	5	609	1	
71	0	57	step_1_no_load	1	2	2	349	
71	0	57	step_2_no_load	5	6	0.466449077359	0.516475618243	5	334	1	
71	0	58	step_1_no_load	1	2	2	237	
71	0	58	step_2_no_load	5	6	0.478335218822	0.528376440027	5	436	1	
71	0	59	step_1_no_load	1	2	2	258	
71	0	59	step_2_no_load	3	4	0.608951267756	0.632500293208	3	620	1	
71	0	60	step_1_no_load	1	2	2	346	
71	0	60	step_2_no_load	5	6	0.491916707098	0.479287247283	5	429	1	
71	0	61	step_1_no_load	1	2	2	251	
71	0	61	step_2_no_load	3	4	0.602879526975	0.669587072502	3	330	1	
71	0	62	step_1_no_load	1	2	2	253	
71	0	62	step_2_no_load	3	4	0.622820395113	0.691137204746	3	403	1	
71	0	63	step_1_no_load	1	2	2	232	
71	0	63	step_2_no_load	5	6	0.53192660365	0.519445130796	5	343	1	
71	0	64	step_1_no_load	1	2	2	224	
71	0	64	step_2_no_load	3	4	0.626149195169	0.642369708469	3	291	0	
71	0	65	step_1_no_load	1	2	2	497	
71	0	65	step_2_no_load	3	4	0.619953360065	0.612660225018	4	385	1	
71	0	66	step_1_no_load	1	2	2	275	
71	0	66	step_2_no_load	5	6	0.573761869714	0.555324764318	5	1070	1	
71	0	67	step_1_no_load	1	2	2	306	
71	0	67	step_2_no_load	5	6	0.542076810516	0.538279387614	5	380	0	
71	0	68	step_1_no_load	1	2	1	518	
71	0	68	step_2_no_load	5	6	0.509127161919	0.523301545299	5	746	0	
71	0	69	step_1_no_load	1	2	2	383	
71	0	69	step_2_no_load	5	6	0.499137600991	0.560462111264	5	544	1	
71	0	70	step_1_no_load	1	2	2	293	
71	0	70	step_2_no_load	3	4	0.697741832068	0.637556284465	3	374	1	
71	0	71	step_1_no_load	1	2	2	354	
71	0	71	step_2_no_load	5	6	0.482863323776	0.546215110045	5	319	0	
71	0	72	step_1_no_load	1	2	1	565	
71	0	72	step_2_no_load	3	4	0.705884789502	0.626024641967	3	431	1	
71	0	73	step_1_no_load	1	2	1	278	
71	0	73	step_2_no_load	3	4	0.727961155836	0.657126403029	3	353	0	
71	0	74	step_1_no_load	1	2	2	255	
71	0	74	step_2_no_load	3	4	0.693624670847	0.614462146454	3	375	0	
71	0	75	step_1_no_load	1	2	2	452	
71	0	75	step_2_no_load	5	6	0.44832280175	0.483983914712	5	538	1	
71	0	76	step_1_no_load	1	2	2	270	
71	0	76	step_2_no_load	5	6	0.488583631821	0.518881389358	5	345	0	
71	0	77	step_1_no_load	1	2	2	297	
71	0	77	step_2_no_load	5	6	0.446809557226	0.538119616568	6	276	1	
71	0	78	step_1_no_load	1	2	2	333	
71	0	78	step_2_no_load	3	4	0.647586191228	0.536711448352	4	315	0	
71	0	79	step_1_no_load	1	2	1	365	
71	0	79	step_2_no_load	5	6	0.389124152368	0.540085062695	5	798	0	
71	0	80	step_1_no_load	1	2	1	344	
71	0	80	step_2_no_load	5	6	0.396016175285	0.49921021142	6	419	1	
71	0	81	step_1_no_load	1	2	1	337	
71	0	81	step_2_no_load	3	4	0.702400933084	0.529745690463	-1	-1	-1	
71	0	82	step_1_no_load	1	2	1	290	
71	0	82	step_2_no_load	3	4	0.688340116885	0.564729328387	4	339	1	
71	0	83	step_1_no_load	1	2	1	251	
71	0	83	step_2_no_load	3	4	0.726885136842	0.607907985871	4	299	0	
71	0	84	step_1_no_load	1	2	2	257	
71	0	84	step_2_no_load	5	6	0.385087938645	0.505586222209	6	406	0	
71	0	85	step_1_no_load	1	2	2	314	
71	0	85	step_2_no_load	3	4	0.712989604416	0.692384972752	3	326	1	
71	0	86	step_1_no_load	1	2	2	241	
71	0	86	step_2_no_load	5	6	0.345323068124	0.486462788728	5	278	0	
71	0	87	step_1_no_load	1	2	1	341	
71	0	87	step_2_no_load	3	4	0.690012761069	0.719375344246	4	297	1	
71	0	88	step_1_no_load	1	2	1	504	
71	0	88	step_2_no_load	5	6	0.377947492322	0.509563243675	6	325	0	
71	0	89	step_1_no_load	1	2	1	503	
71	0	89	step_2_no_load	5	6	0.415882489686	0.490019385174	5	418	1	
71	0	90	step_1_no_load	1	2	1	253	
71	0	90	step_2_no_load	3	4	0.688736868033	0.712247848046	3	218	1	
71	0	91	step_1_no_load	1	2	1	238	
71	0	91	step_2_no_load	3	4	0.657820521772	0.685023809334	3	208	0	
71	0	92	step_1_no_load	1	2	2	246	
71	0	92	step_2_no_load	3	4	0.679381608313	0.692406274724	3	234	1	
71	0	93	step_1_no_load	1	2	2	228	
71	0	93	step_2_no_load	5	6	0.439878153082	0.473273727684	5	364	1	
71	0	94	step_1_no_load	1	2	2	417	
71	0	94	step_2_no_load	5	6	0.429211756872	0.468637558205	5	333	0	
71	0	95	step_1_no_load	1	2	2	221	
71	0	95	step_2_no_load	5	6	0.427150666411	0.42505578884	6	297	1	
71	0	96	step_1_no_load	1	2	2	269	
71	0	96	step_2_no_load	5	6	0.383038640121	0.437558890646	6	280	0	
71	0	97	step_1_no_load	1	2	2	237	
71	0	97	step_2_no_load	5	6	0.392885664353	0.455601814112	6	278	0	
71	0	98	step_1_no_load	1	2	1	415	
71	0	98	step_2_no_load	3	4	0.646040060297	0.70287861952	3	725	0	
71	0	99	step_1_no_load	1	2	1	384	
71	0	99	step_2_no_load	3	4	0.645191748454	0.673709850038	4	301	1	
71	0	100	step_1_no_load	1	2	1	265	
71	0	100	step_2_no_load	5	6	0.4333505304	0.363162156005	6	243	0	
71	0	101	step_1_no_load	1	2	1	227	
71	0	101	step_2_no_load	3	4	0.655903528958	0.623812401974	3	269	1	
71	0	102	step_1_no_load	1	2	1	241	
71	0	102	step_2_no_load	3	4	0.663124617603	0.666304534392	3	206	1	
71	0	103	step_1_no_load	1	2	1	223	
71	0	103	step_2_no_load	5	6	0.481975449893	0.322834495838	5	230	1	
71	0	104	step_1_no_load	1	2	1	243	
71	0	104	step_2_no_load	5	6	0.521047445908	0.303696146503	5	242	0	
71	0	105	step_1_no_load	1	2	1	213	
71	0	105	step_2_no_load	3	4	0.722851301692	0.689135357059	3	247	1	
71	0	106	step_1_no_load	1	2	1	226	
71	0	106	step_2_no_load	3	4	0.699623252899	0.712883638252	3	292	1	
71	0	107	step_1_no_load	1	2	1	224	
71	0	107	step_2_no_load	3	4	0.677514185929	0.692607431435	3	481	1	
71	0	108	step_1_no_load	1	2	1	206	
71	0	108	step_2_no_load	5	6	0.526955028982	0.388185708856	5	232	1	
71	0	109	step_1_no_load	1	2	1	198	
71	0	109	step_2_no_load	3	4	0.68658494263	0.71632547018	3	211	1	
71	0	110	step_1_no_load	1	2	1	408	
71	0	110	step_2_no_load	5	6	0.432626681236	0.395544455384	5	485	0	
71	0	111	step_1_no_load	1	2	1	434	
71	0	111	step_2_no_load	3	4	0.634599547742	0.724852671171	4	279	0	
71	0	112	step_1_no_load	1	2	1	185	
71	0	112	step_2_no_load	3	4	0.635252945963	0.725701866094	4	82	1	
71	0	113	step_1_no_load	1	2	1	438	
71	0	113	step_2_no_load	3	4	0.634627459817	0.719324307956	3	450	1	
71	0	114	step_1_no_load	1	2	1	257	
71	0	114	step_2_no_load	3	4	0.657654904272	0.718213323791	3	242	1	
71	0	115	step_1_no_load	1	2	1	231	
71	0	115	step_2_no_load	3	4	0.645721217949	0.739704344621	3	263	0	
71	0	116	step_1_no_load	1	2	1	266	
71	0	116	step_2_no_load	3	4	0.680124293449	0.706736514943	4	202	1	
71	0	117	step_1_no_load	1	2	1	576	
71	0	117	step_2_no_load	5	6	0.374621793791	0.363056877927	5	490	1	
71	0	118	step_1_no_load	1	2	1	365	
71	0	118	step_2_no_load	3	4	0.690484235012	0.740051715856	3	601	1	
71	0	119	step_1_no_load	1	2	1	312	
71	0	119	step_2_no_load	3	4	0.661177321751	0.690424535099	3	396	1	
71	0	120	step_1_no_load	1	2	1	251	
71	0	120	step_2_no_load	3	4	0.666433355915	0.70587238626	3	297	1	
71	0	121	step_1_no_load	1	2	1	241	
71	0	121	step_2_no_load	3	4	0.671052306195	0.658856304095	3	221	1	
71	0	122	step_1_no_load	1	2	1	314	
71	0	122	step_2_no_load	5	6	0.329624572119	0.266650857402	5	207	1	
71	0	123	step_1_no_load	1	2	1	260	
71	0	123	step_2_no_load	5	6	0.337526896345	0.269780614928	5	242	0	
71	0	124	step_1_no_load	1	2	2	373	
71	0	124	step_2_no_load	5	6	0.309430836661	0.26095206597	5	1	0	
71	0	125	step_1_no_load	1	2	1	324	
71	0	125	step_2_no_load	5	6	0.303110862715	0.290374841566	6	319	0	
71	0	126	step_1_no_load	1	2	1	215	
71	0	126	step_2_no_load	3	4	0.600985760967	0.537863824328	3	193	1	
71	0	127	step_1_no_load	1	2	1	329	
71	0	127	step_2_no_load	3	4	0.646945556251	0.560824094575	3	357	1	
71	0	128	step_1_no_load	1	2	1	317	
71	0	128	step_2_no_load	3	4	0.620672334996	0.636905534066	3	336	1	
71	0	129	step_1_no_load	1	2	1	290	
71	0	129	step_2_no_load	3	4	0.632682846317	0.685297910719	3	379	1	
71	0	130	step_1_no_load	1	2	1	553	
71	0	130	step_2_no_load	3	4	0.630285316669	0.682031489739	3	401	0	
71	0	131	step_1_no_load	1	2	1	335	
71	0	131	step_2_no_load	3	4	0.638450601212	0.678044920845	4	274	0	
71	0	132	step_1_no_load	1	2	1	247	
71	0	132	step_2_no_load	5	6	0.315328810424	0.27986961048	6	286	0	
71	0	133	step_1_no_load	1	2	1	384	
71	0	133	step_2_no_load	3	4	0.691649444281	0.617383991623	3	315	1	
71	0	134	step_1_no_load	1	2	1	482	
71	0	134	step_2_no_load	3	4	0.685529359147	0.621945110858	3	363	0	
71	0	135	step_1_no_load	1	2	1	513	
71	0	135	step_2_no_load	3	4	0.700779221781	0.593710006149	3	386	0	
71	0	136	step_1_no_load	1	2	1	295	
71	0	136	step_2_no_load	3	4	0.674914008636	0.597814413435	3	301	1	
71	0	137	step_1_no_load	1	2	1	47	
71	0	137	step_2_no_load	3	4	0.668540846495	0.605896884497	3	372	1	
71	0	138	step_1_no_load	1	2	1	56	
71	0	138	step_2_no_load	3	4	0.688182193337	0.63240964674	3	417	1	
71	0	139	step_1_no_load	1	2	1	399	
71	0	139	step_2_no_load	3	4	0.696355985729	0.636630981281	3	351	1	
71	0	140	step_1_no_load	1	2	1	639	
71	0	140	step_2_no_load	3	4	0.637682840728	0.671213945178	-1	-1	-1	
71	0	141	step_1_no_load	1	2	1	333	
71	0	141	step_2_no_load	5	6	0.311809871418	0.390227133375	5	213	0	
71	0	142	step_1_no_load	1	2	1	320	
71	0	142	step_2_no_load	5	6	0.304203281606	0.397052682821	6	226	0	
71	0	143	step_1_no_load	1	2	1	278	
71	0	143	step_2_no_load	3	4	0.610219102298	0.661365099615	3	411	0	
71	0	144	step_1_no_load	1	2	2	297	
71	0	144	step_2_no_load	5	6	0.275932517017	0.389234194056	5	321	1	
71	0	145	step_1_no_load	1	2	2	240	
71	0	145	step_2_no_load	5	6	0.266265924094	0.355256413269	5	360	0	
71	0	146	step_1_no_load	1	2	2	239	
71	0	146	step_2_no_load	5	6	0.257861956214	0.320877500969	6	273	1	
71	0	147	step_1_no_load	1	2	2	0	
71	0	147	step_2_no_load	5	6	0.265578160642	0.352879785946	6	253	0	
71	0	148	step_1_no_load	1	2	1	290	
71	0	148	step_2_no_load	3	4	0.648050021239	0.619272702026	3	393	1	
71	0	149	step_1_no_load	1	2	1	276	
71	0	149	step_2_no_load	5	6	0.269951834184	0.300290206122	5	310	0	
71	0	150	step_1_no_load	1	2	1	368	
71	0	150	step_2_no_load	5	6	0.305587692243	0.306860041627	6	325	0	
71	0	151	step_1_no_load	1	2	1	167	
71	0	151	step_2_no_load	3	4	0.614159737668	0.59154759351	3	309	1	
71	0	152	step_1_no_load	1	2	1	273	
71	0	152	step_2_no_load	3	4	0.644204174791	0.595108765344	3	577	0	
71	0	153	step_1_no_load	1	2	1	493	
71	0	153	step_2_no_load	5	6	0.309356532263	0.343622632154	5	359	1	
71	0	154	step_1_no_load	1	2	1	309	
71	0	154	step_2_no_load	3	4	0.671672162443	0.638934099562	3	211	0	
71	0	155	step_1_no_load	1	2	2	413	
71	0	155	step_2_no_load	5	6	0.296093457977	0.372188990474	6	348	0	
71	0	156	step_1_no_load	1	2	2	251	
71	0	156	step_2_no_load	5	6	0.32564867104	0.368378667812	6	294	0	
71	0	157	step_1_no_load	1	2	2	284	
71	0	157	step_2_no_load	5	6	0.350909357271	0.324728201487	5	506	0	
71	0	158	step_1_no_load	1	2	2	887	
71	0	158	step_2_no_load	5	6	0.408728803896	0.334595868098	5	471	1	
71	0	159	step_1_no_load	1	2	2	227	
71	0	159	step_2_no_load	5	6	0.413026375257	0.321150411254	5	333	0	
71	0	160	step_1_no_load	1	2	1	281	
71	0	160	step_2_no_load	5	6	0.415052912783	0.355992626298	6	255	0	
71	0	161	step_1_no_load	1	2	1	303	
71	0	161	step_2_no_load	3	4	0.719896286569	0.516036498158	3	359	0	
71	0	162	step_1_no_load	1	2	1	354	
71	0	162	step_2_no_load	3	4	0.695144769903	0.566496468084	3	238	1	
71	0	163	step_1_no_load	1	2	1	300	
71	0	163	step_2_no_load	3	4	0.697095951435	0.5863391277	3	325	1	
71	0	164	step_1_no_load	1	2	1	265	
71	0	164	step_2_no_load	5	6	0.432761720497	0.430844125626	5	280	1	
71	0	165	step_1_no_load	1	2	1	214	
71	0	165	step_2_no_load	3	4	0.717506143195	0.538026607649	3	244	1	
71	0	166	step_1_no_load	1	2	1	188	
71	0	166	step_2_no_load	3	4	0.686594248975	0.549095060025	3	235	1	
71	0	167	step_1_no_load	1	2	1	248	
71	0	167	step_2_no_load	3	4	0.706271792549	0.585131062446	3	225	1	
71	0	168	step_1_no_load	1	2	1	249	
71	0	168	step_2_no_load	5	6	0.400817642375	0.335777599654	5	369	1	
71	0	169	step_1_no_load	1	2	1	219	
71	0	169	step_2_no_load	3	4	0.704981910944	0.586049140041	3	381	1	
71	0	170	step_1_no_load	1	2	1	244	
71	0	170	step_2_no_load	3	4	0.67334314737	0.57151385403	3	355	1	
71	0	171	step_1_no_load	1	2	1	249	
71	0	171	step_2_no_load	3	4	0.727248140829	0.553314431843	3	210	0	
71	0	172	step_1_no_load	1	2	2	270	
71	0	172	step_2_no_load	5	6	0.363617002148	0.490120307546	5	359	0	
71	0	173	step_1_no_load	1	2	2	215	
71	0	173	step_2_no_load	5	6	0.385349297983	0.462866379815	5	260	0	
71	0	174	step_1_no_load	1	2	1	212	
71	0	174	step_2_no_load	5	6	0.387867297446	0.46236234172	5	211	1	
71	0	175	step_1_no_load	1	2	1	249	
71	0	175	step_2_no_load	3	4	0.693968268443	0.52644949356	3	233	1	
71	0	176	step_1_no_load	1	2	1	255	
71	0	176	step_2_no_load	5	6	0.383231572002	0.500856457218	5	348	1	
71	0	177	step_1_no_load	1	2	1	372	
71	0	177	step_2_no_load	5	6	0.357425668099	0.4798184927	5	452	1	
71	0	178	step_1_no_load	1	2	1	465	
71	0	178	step_2_no_load	3	4	0.705993797498	0.493712351915	3	377	0	
71	0	179	step_1_no_load	1	2	2	500	
71	0	179	step_2_no_load	5	6	0.324685418097	0.493565996034	5	395	0	
71	0	180	step_1_no_load	1	2	1	277	
71	0	180	step_2_no_load	3	4	0.719795072986	0.482853857291	3	376	1	
71	0	181	step_1_no_load	1	2	1	331	
71	0	181	step_2_no_load	3	4	0.746910336326	0.508735114046	3	233	1	
71	0	182	step_1_no_load	1	2	1	242	
71	0	182	step_2_no_load	5	6	0.340533666308	0.49907747228	5	204	1	
71	0	183	step_1_no_load	1	2	1	322	
71	0	183	step_2_no_load	3	4	0.720388040749	0.502991759047	3	319	1	
71	0	184	step_1_no_load	1	2	1	315	
71	0	184	step_2_no_load	3	4	0.657291439324	0.460890977786	3	464	0	
71	0	185	step_1_no_load	1	2	2	352	
71	0	185	step_2_no_load	5	6	0.362611152222	0.482228039858	5	312	0	
71	0	186	step_1_no_load	1	2	2	433	
71	0	186	step_2_no_load	3	4	0.656308636836	0.46870859828	4	235	1	
71	0	187	step_1_no_load	1	2	2	349	
71	0	187	step_2_no_load	3	4	0.678211978625	0.443962917772	4	726	0	
71	0	188	step_1_no_load	1	2	1	245	
71	0	188	step_2_no_load	3	4	0.696362660087	0.471319680586	3	226	1	
71	0	189	step_1_no_load	1	2	1	413	
71	0	189	step_2_no_load	3	4	0.688353284054	0.448897869069	3	256	1	
71	0	190	step_1_no_load	1	2	1	498	
71	0	190	step_2_no_load	5	6	0.304557739386	0.505820429042	5	621	0	
71	0	191	step_1_no_load	1	2	1	749	
71	0	191	step_2_no_load	5	6	0.318839908867	0.512103523931	6	316	1	
71	0	192	step_1_no_load	1	2	1	242	
71	0	192	step_2_no_load	3	4	0.705517419189	0.450791310283	3	183	1	
71	0	193	step_1_no_load	1	2	1	220	
71	0	193	step_2_no_load	3	4	0.679792491164	0.440813209638	3	214	1	
71	0	194	step_1_no_load	1	2	1	378	
71	0	194	step_2_no_load	5	6	0.342437174514	0.505359594715	5	419	0	
71	0	195	step_1_no_load	1	2	1	684	
71	0	195	step_2_no_load	3	4	0.646280688878	0.466795336969	4	384	1	
71	0	196	step_1_no_load	1	2	1	235	
71	0	196	step_2_no_load	3	4	0.695101215304	0.421761207498	3	211	1	
71	0	197	step_1_no_load	1	2	1	233	
71	0	197	step_2_no_load	3	4	0.686552522522	0.422511153127	3	201	1	
71	0	198	step_1_no_load	1	2	1	191	
71	0	198	step_2_no_load	3	4	0.68660989813	0.397292432346	3	88	1	
71	0	199	step_1_no_load	1	2	1	218	
71	0	199	step_2_no_load	3	4	0.73697129762	0.39793773834	3	152	1	
71	0	200	step_1_no_load	1	2	1	244	
71	0	200	step_2_no_load	3	4	0.728996708473	0.372436949782	3	235	0	

Thu Jul 20 13:44:39 2017
