Wed Jul 19 17:37:36 2017	
70	0	1	step_1_no_load	1	2	2	941	
70	0	1	step_2_no_load	5	6	0.594299910136	0.598297890399	6	848	1	
70	0	2	step_1_no_load	1	2	2	566	
70	0	2	step_2_no_load	5	6	0.610961032466	0.580156942153	6	560	1	
70	0	3	step_1_no_load	1	2	2	465	
70	0	3	step_2_no_load	5	6	0.589215227351	0.584197065669	6	499	0	
70	0	4	step_1_no_load	1	2	2	484	
70	0	4	step_2_no_load	5	6	0.564086293706	0.597491569846	5	569	0	
70	0	5	step_1_no_load	1	2	2	428	
70	0	5	step_2_no_load	5	6	0.576104915614	0.623810210114	6	450	1	
70	0	6	step_1_no_load	1	2	2	457	
70	0	6	step_2_no_load	5	6	0.603642866427	0.585722686883	6	460	1	
70	0	7	step_1_no_load	1	2	2	68	
70	0	7	step_2_no_load	5	6	0.622642364361	0.568656746487	6	445	1	
70	0	8	step_1_no_load	1	2	2	343	
70	0	8	step_2_no_load	5	6	0.624210374623	0.59128639594	6	401	0	
70	0	9	step_1_no_load	1	2	2	290	
70	0	9	step_2_no_load	3	4	0.54429228266	0.496546708465	3	534	0	
70	0	10	step_1_no_load	1	2	2	0	
70	0	10	step_2_no_load	5	6	0.636063269715	0.652626043146	5	619	0	
70	0	11	step_1_no_load	1	2	2	472	
70	0	11	step_2_no_load	5	6	0.609191465743	0.69163818036	6	471	1	
70	0	12	step_1_no_load	1	2	2	286	
70	0	12	step_2_no_load	5	6	0.552770607849	0.682786328054	6	537	0	
70	0	13	step_1_no_load	1	2	2	350	
70	0	13	step_2_no_load	5	6	0.558313135925	0.653587098421	6	463	0	
70	0	14	step_1_no_load	1	2	1	282	
70	0	14	step_2_no_load	5	6	0.545555696267	0.629137942344	6	828	1	
70	0	15	step_1_no_load	1	2	1	299	
70	0	15	step_2_no_load	3	4	0.633564630036	0.505377237737	3	492	0	
70	0	16	step_1_no_load	1	2	1	181	
70	0	16	step_2_no_load	3	4	0.626326396372	0.510958036527	3	512	1	
70	0	17	step_1_no_load	1	2	1	470	
70	0	17	step_2_no_load	3	4	0.643116883134	0.535958400205	3	542	1	
70	0	18	step_1_no_load	1	2	1	524	
70	0	18	step_2_no_load	3	4	0.626895526976	0.517514133912	3	508	0	
70	0	19	step_1_no_load	1	2	1	290	
70	0	19	step_2_no_load	3	4	0.644773170243	0.498240186199	3	476	1	
70	0	20	step_1_no_load	1	2	1	440	
70	0	20	step_2_no_load	5	6	0.491720931314	0.636521555122	6	699	1	
70	0	21	step_1_no_load	1	2	1	544	
70	0	21	step_2_no_load	5	6	0.470207377245	0.630305464549	5	936	0	
70	0	22	step_1_no_load	1	2	1	404	
70	0	22	step_2_no_load	3	4	0.618527126547	0.506100011497	3	1121	1	
70	0	23	step_1_no_load	1	2	1	491	
70	0	23	step_2_no_load	3	4	0.604065470975	0.520606588181	3	692	1	
70	0	24	step_1_no_load	1	2	1	382	
70	0	24	step_2_no_load	3	4	0.5800912085	0.505388876622	3	689	0	
70	0	25	step_1_no_load	1	2	2	267	
70	0	25	step_2_no_load	3	4	0.629917901014	0.503316372362	3	776	1	
70	0	26	step_1_no_load	1	2	1	687	
70	0	26	step_2_no_load	3	4	0.640635035276	0.511744353778	3	760	1	
70	0	27	step_1_no_load	1	2	1	301	
70	0	27	step_2_no_load	3	4	0.642144756622	0.507272671939	3	630	1	
70	0	28	step_1_no_load	1	2	1	401	
70	0	28	step_2_no_load	5	6	0.553259388875	0.588356036098	6	729	1	
70	0	29	step_1_no_load	1	2	1	570	
70	0	29	step_2_no_load	5	6	0.561957580386	0.606613029227	6	582	0	
70	0	30	step_1_no_load	1	2	1	538	
70	0	30	step_2_no_load	3	4	0.610227092493	0.4919199548	3	666	1	
70	0	31	step_1_no_load	1	2	1	846	
70	0	31	step_2_no_load	3	4	0.606122691795	0.483156722265	3	827	0	
70	0	32	step_1_no_load	1	2	1	516	
70	0	32	step_2_no_load	3	4	0.605616211083	0.520318771114	3	515	0	
70	0	33	step_1_no_load	1	2	2	356	
70	0	33	step_2_no_load	5	6	0.542309898544	0.611700032906	5	1035	1	
70	0	34	step_1_no_load	1	2	2	446	
70	0	34	step_2_no_load	5	6	0.538523758058	0.575802910074	5	1020	1	
70	0	35	step_1_no_load	1	2	2	486	
70	0	35	step_2_no_load	3	4	0.649776015006	0.491437207585	3	491	1	
70	0	36	step_1_no_load	1	2	2	306	
70	0	36	step_2_no_load	3	4	0.661229326326	0.513210053121	4	843	1	
70	0	37	step_1_no_load	1	2	2	448	
70	0	37	step_2_no_load	5	6	0.598446394142	0.513822304161	5	740	0	
70	0	38	step_1_no_load	1	2	2	337	
70	0	38	step_2_no_load	5	6	0.595113730206	0.539078491643	5	421	1	
70	0	39	step_1_no_load	1	2	2	783	
70	0	39	step_2_no_load	3	4	0.634483337633	0.578640235206	4	767	1	
70	0	40	step_1_no_load	1	2	2	702	
70	0	40	step_2_no_load	5	6	0.607992802154	0.580760785074	5	638	0	
70	0	41	step_1_no_load	1	2	2	402	
70	0	41	step_2_no_load	5	6	0.588857868869	0.524862294848	6	829	1	
70	0	42	step_1_no_load	1	2	1	245	
70	0	42	step_2_no_load	5	6	0.609164606591	0.533857158543	6	633	1	
70	0	43	step_1_no_load	1	2	1	583	
70	0	43	step_2_no_load	3	4	0.581931546759	0.548128010644	3	1122	0	
70	0	44	step_1_no_load	1	2	1	722	
70	0	44	step_2_no_load	3	4	0.589653131867	0.537842745081	3	691	0	
70	0	45	step_1_no_load	1	2	1	409	
70	0	45	step_2_no_load	3	4	0.620699591043	0.5288039409	4	700	0	
70	0	46	step_1_no_load	1	2	2	472	
70	0	46	step_2_no_load	5	6	0.600964500555	0.55511883717	5	805	0	
70	0	47	step_1_no_load	1	2	2	289	
70	0	47	step_2_no_load	5	6	0.598724660986	0.546259467838	6	553	0	
70	0	48	step_1_no_load	1	2	2	541	
70	0	48	step_2_no_load	3	4	0.657624935632	0.488280685105	3	700	1	
70	0	49	step_1_no_load	1	2	1	891	
70	0	49	step_2_no_load	5	6	0.610193185592	0.512405963374	6	641	0	
70	0	50	step_1_no_load	1	2	1	523	
70	0	50	step_2_no_load	5	6	0.606862017918	0.481616544184	6	607	1	
70	0	51	step_1_no_load	1	2	2	327	
70	0	51	step_2_no_load	5	6	0.564866799699	0.508197321577	6	842	0	
70	0	52	step_1_no_load	1	2	2	337	
70	0	52	step_2_no_load	5	6	0.539065404057	0.513589895419	6	902	0	
70	0	53	step_1_no_load	1	2	2	486	
70	0	53	step_2_no_load	5	6	0.551457882502	0.475342927439	6	436	0	
70	0	54	step_1_no_load	1	2	2	322	
70	0	54	step_2_no_load	5	6	0.570223904064	0.493362545513	5	477	1	
70	0	55	step_1_no_load	1	2	2	515	
70	0	55	step_2_no_load	5	6	0.574045915747	0.526704292526	5	473	0	
70	0	56	step_1_no_load	1	2	2	318	
70	0	56	step_2_no_load	5	6	0.601856598146	0.538512915562	6	634	0	
70	0	57	step_1_no_load	1	2	1	0	
70	0	57	step_2_no_load	5	6	0.641849303307	0.516475618243	5	792	1	
70	0	58	step_1_no_load	1	2	1	535	
70	0	58	step_2_no_load	3	4	0.610896130115	0.478335218822	3	818	0	
70	0	59	step_1_no_load	1	2	1	448	
70	0	59	step_2_no_load	5	6	0.632500293208	0.537400760025	6	752	1	
70	0	60	step_1_no_load	1	2	1	257	
70	0	60	step_2_no_load	3	4	0.599559577859	0.491916707098	3	628	0	
70	0	61	step_1_no_load	1	2	1	873	
70	0	61	step_2_no_load	3	4	0.602879526975	0.464268875813	3	853	1	
70	0	62	step_1_no_load	1	2	1	428	
70	0	62	step_2_no_load	5	6	0.691137204746	0.533031417444	6	763	0	
70	0	63	step_1_no_load	1	2	1	338	
70	0	63	step_2_no_load	3	4	0.642623127313	0.53192660365	3	837	0	
70	0	64	step_1_no_load	1	2	1	335	
70	0	64	step_2_no_load	3	4	0.626149195169	0.555062911513	3	1004	1	
70	0	65	step_1_no_load	1	2	1	273	
70	0	65	step_2_no_load	3	4	0.619953360065	0.569109504048	3	596	1	
70	0	66	step_1_no_load	1	2	2	442	
70	0	66	step_2_no_load	5	6	0.606938648072	0.555324764318	6	555	0	
70	0	67	step_1_no_load	1	2	2	1	
70	0	67	step_2_no_load	3	4	0.674463681351	0.542076810516	3	790	1	
70	0	68	step_1_no_load	1	2	1	593	
70	0	68	step_2_no_load	3	4	0.719455209845	0.509127161919	3	783	0	
70	0	69	step_1_no_load	1	2	1	493	
70	0	69	step_2_no_load	5	6	0.622221685203	0.560462111264	5	830	1	
70	0	70	step_1_no_load	1	2	1	338	
70	0	70	step_2_no_load	3	4	0.697741832068	0.498834901463	4	718	1	
70	0	71	step_1_no_load	1	2	1	655	
70	0	71	step_2_no_load	3	4	0.706816191949	0.482863323776	4	705	0	
70	0	72	step_1_no_load	1	2	1	512	
70	0	72	step_2_no_load	5	6	0.626024641967	0.556486305476	5	657	0	
70	0	73	step_1_no_load	1	2	1	568	
70	0	73	step_2_no_load	3	4	0.727961155836	0.435957313805	3	723	0	
70	0	74	step_1_no_load	1	2	1	475	
70	0	74	step_2_no_load	5	6	0.614462146454	0.491044983779	5	556	0	
70	0	75	step_1_no_load	1	2	1	610	
70	0	75	step_2_no_load	5	6	0.615552849174	0.483983914712	6	1302	0	
70	0	76	step_1_no_load	1	2	1	277	
70	0	76	step_2_no_load	3	4	0.690117652944	0.488583631821	3	1020	1	
70	0	77	step_1_no_load	1	2	1	608	
70	0	77	step_2_no_load	3	4	0.679737625371	0.446809557226	3	1218	1	
70	0	78	step_1_no_load	1	2	1	513	
70	0	78	step_2_no_load	3	4	0.647586191228	0.435911167612	3	516	0	
70	0	79	step_1_no_load	1	2	1	250	
70	0	79	step_2_no_load	3	4	0.647841624544	0.389124152368	3	508	0	
70	0	80	step_1_no_load	1	2	2	391	
70	0	80	step_2_no_load	3	4	0.703969305517	0.396016175285	3	675	1	
70	0	81	step_1_no_load	1	2	2	315	
70	0	81	step_2_no_load	3	4	0.702400933084	0.419265522488	3	554	1	
70	0	82	step_1_no_load	1	2	2	531	
70	0	82	step_2_no_load	5	6	0.564729328387	0.482727017837	6	765	1	
70	0	83	step_1_no_load	1	2	2	352	
70	0	83	step_2_no_load	5	6	0.607907985871	0.483255412498	6	707	0	
70	0	84	step_1_no_load	1	2	2	515	
70	0	84	step_2_no_load	5	6	0.65843840156	0.505586222209	6	563	0	
70	0	85	step_1_no_load	1	2	2	336	
70	0	85	step_2_no_load	5	6	0.692384972752	0.485785534744	6	645	0	
70	0	86	step_1_no_load	1	2	2	237	
70	0	86	step_2_no_load	3	4	0.721207648497	0.345323068124	4	1038	0	
70	0	87	step_1_no_load	1	2	2	453	
70	0	87	step_2_no_load	5	6	0.719375344246	0.493867001103	6	930	1	
70	0	88	step_1_no_load	1	2	2	354	
70	0	88	step_2_no_load	5	6	0.717410082358	0.509563243675	6	814	0	
70	0	89	step_1_no_load	1	2	1	572	
70	0	89	step_2_no_load	3	4	0.660112261017	0.415882489686	4	838	1	
70	0	90	step_1_no_load	1	2	1	232	
70	0	90	step_2_no_load	5	6	0.712247848046	0.530126112124	5	729	1	
70	0	91	step_1_no_load	1	2	1	185	
70	0	91	step_2_no_load	5	6	0.685023809334	0.479087223222	5	868	1	
70	0	92	step_1_no_load	1	2	1	409	
70	0	92	step_2_no_load	5	6	0.692406274724	0.484260039873	5	699	1	
70	0	93	step_1_no_load	1	2	1	290	
70	0	93	step_2_no_load	3	4	0.662863370634	0.439878153082	4	775	0	
70	0	94	step_1_no_load	1	2	1	474	
70	0	94	step_2_no_load	3	4	0.668295023896	0.429211756872	4	780	1	
70	0	95	step_1_no_load	1	2	1	512	
70	0	95	step_2_no_load	3	4	0.640209855442	0.427150666411	4	794	0	
70	0	96	step_1_no_load	1	2	1	226	
70	0	96	step_2_no_load	5	6	0.693739812506	0.437558890646	5	754	0	
70	0	97	step_1_no_load	1	2	1	518	
70	0	97	step_2_no_load	3	4	0.651202057411	0.392885664353	4	726	0	
70	0	98	step_1_no_load	1	2	1	332	
70	0	98	step_2_no_load	3	4	0.646040060297	0.409778171713	3	806	1	
70	0	99	step_1_no_load	1	2	1	167	
70	0	99	step_2_no_load	5	6	0.673709850038	0.375249961522	6	512	0	
70	0	100	step_1_no_load	1	2	1	337	
70	0	100	step_2_no_load	3	4	0.66579920021	0.4333505304	3	1032	1	
70	0	101	step_1_no_load	1	2	1	279	
70	0	101	step_2_no_load	3	4	0.655903528958	0.497432607584	3	944	0	
70	0	102	step_1_no_load	1	2	2	855	
70	0	102	step_2_no_load	5	6	0.666304534392	0.326080462175	6	919	0	
70	0	103	step_1_no_load	1	2	2	385	
70	0	103	step_2_no_load	5	6	0.663997796029	0.322834495838	5	798	1	
70	0	104	step_1_no_load	1	2	2	613	
70	0	104	step_2_no_load	5	6	0.703870701136	0.303696146503	5	758	0	
70	0	105	step_1_no_load	1	2	2	399	
70	0	105	step_2_no_load	5	6	0.689135357059	0.352639603242	6	555	0	
70	0	106	step_1_no_load	1	2	2	551	
70	0	106	step_2_no_load	3	4	0.699623252899	0.508908032404	4	1021	1	
70	0	107	step_1_no_load	1	2	2	497	
70	0	107	step_2_no_load	5	6	0.692607431435	0.388257337796	5	866	1	
70	0	108	step_1_no_load	1	2	2	456	
70	0	108	step_2_no_load	5	6	0.695928523711	0.388185708856	5	747	0	
70	0	109	step_1_no_load	1	2	2	481	
70	0	109	step_2_no_load	5	6	0.71632547018	0.372328831887	6	661	0	
70	0	110	step_1_no_load	1	2	2	463	
70	0	110	step_2_no_load	5	6	0.729599891941	0.395544455384	5	847	0	
70	0	111	step_1_no_load	1	2	2	305	
70	0	111	step_2_no_load	5	6	0.724852671171	0.407158158569	6	520	0	
70	0	112	step_1_no_load	1	2	2	606	
70	0	112	step_2_no_load	5	6	0.725701866094	0.413393106784	5	960	1	
70	0	113	step_1_no_load	1	2	2	349	
70	0	113	step_2_no_load	5	6	0.719324307956	0.387112818105	5	506	1	
70	0	114	step_1_no_load	1	2	2	309	
70	0	114	step_2_no_load	5	6	0.718213323791	0.384736699284	5	531	1	
70	0	115	step_1_no_load	1	2	2	299	
70	0	115	step_2_no_load	3	4	0.645721217949	0.390027643099	4	1040	0	
70	0	116	step_1_no_load	1	2	2	330	
70	0	116	step_2_no_load	3	4	0.680124293449	0.378149844807	3	839	0	
70	0	117	step_1_no_load	1	2	2	312	
70	0	117	step_2_no_load	5	6	0.747012267642	0.363056877927	5	463	1	
70	0	118	step_1_no_load	1	2	2	275	
70	0	118	step_2_no_load	3	4	0.690484235012	0.357645851833	4	594	0	
70	0	119	step_1_no_load	1	2	2	326	
70	0	119	step_2_no_load	5	6	0.690424535099	0.358243439099	5	548	1	
70	0	120	step_1_no_load	1	2	2	280	
70	0	120	step_2_no_load	5	6	0.70587238626	0.333809617664	5	678	1	
70	0	121	step_1_no_load	1	2	2	348	
70	0	121	step_2_no_load	3	4	0.671052306195	0.352721767208	3	493	1	
70	0	122	step_1_no_load	1	2	2	280	
70	0	122	step_2_no_load	5	6	0.6136886145	0.266650857402	5	528	0	
70	0	123	step_1_no_load	1	2	2	450	
70	0	123	step_2_no_load	5	6	0.583607229978	0.269780614928	5	812	0	
70	0	124	step_1_no_load	1	2	2	375	
70	0	124	step_2_no_load	5	6	0.603013298253	0.26095206597	5	476	1	
70	0	125	step_1_no_load	1	2	2	330	
70	0	125	step_2_no_load	5	6	0.559596800931	0.290374841566	5	551	0	
70	0	126	step_1_no_load	1	2	1	411	
70	0	126	step_2_no_load	5	6	0.537863824328	0.267206368684	6	835	1	
70	0	127	step_1_no_load	1	2	1	320	
70	0	127	step_2_no_load	5	6	0.560824094575	0.273483952592	6	939	1	
70	0	128	step_1_no_load	1	2	1	652	
70	0	128	step_2_no_load	5	6	0.636905534066	0.260252451606	6	523	0	
70	0	129	step_1_no_load	1	2	1	290	
70	0	129	step_2_no_load	3	4	0.632682846317	0.271709703542	3	679	1	
70	0	130	step_1_no_load	1	2	1	186	
70	0	130	step_2_no_load	5	6	0.682031489739	0.267460866951	6	884	0	
70	0	131	step_1_no_load	1	2	1	226	
70	0	131	step_2_no_load	3	4	0.638450601212	0.311475039155	4	744	0	
70	0	132	step_1_no_load	1	2	1	539	
70	0	132	step_2_no_load	3	4	0.660013924697	0.315328810424	3	925	1	
70	0	133	step_1_no_load	1	2	1	500	
70	0	133	step_2_no_load	3	4	0.691649444281	0.312642735495	3	704	1	
70	0	134	step_1_no_load	1	2	1	576	
70	0	134	step_2_no_load	3	4	0.685529359147	0.302839427162	3	838	1	
70	0	135	step_1_no_load	1	2	1	1140	
70	0	135	step_2_no_load	3	4	0.700779221781	0.287118934166	4	1295	0	
70	0	136	step_1_no_load	1	2	1	514	
70	0	136	step_2_no_load	3	4	0.674914008636	0.284521085726	3	877	0	
70	0	137	step_1_no_load	1	2	1	386	
70	0	137	step_2_no_load	3	4	0.668540846495	0.325016613024	4	712	0	
70	0	138	step_1_no_load	1	2	2	231	
70	0	138	step_2_no_load	5	6	0.63240964674	0.366701525561	5	898	1	
70	0	139	step_1_no_load	1	2	2	317	
70	0	139	step_2_no_load	5	6	0.636630981281	0.325611400511	5	515	1	
70	0	140	step_1_no_load	1	2	2	373	
70	0	140	step_2_no_load	5	6	0.671213945178	0.348740542008	5	606	0	
70	0	141	step_1_no_load	1	2	2	336	
70	0	141	step_2_no_load	5	6	0.711987889705	0.390227133375	5	517	0	
70	0	142	step_1_no_load	1	2	2	349	
70	0	142	step_2_no_load	3	4	0.627356259123	0.304203281606	3	863	0	
70	0	143	step_1_no_load	1	2	2	407	
70	0	143	step_2_no_load	5	6	0.661365099615	0.410970957547	5	698	1	
70	0	144	step_1_no_load	1	2	2	396	
70	0	144	step_2_no_load	5	6	0.626443722248	0.389234194056	5	528	1	
70	0	145	step_1_no_load	1	2	2	383	
70	0	145	step_2_no_load	3	4	0.606515632748	0.266265924094	4	786	1	
70	0	146	step_1_no_load	1	2	2	354	
70	0	146	step_2_no_load	3	4	0.593778463268	0.257861956214	4	580	0	
70	0	147	step_1_no_load	1	2	2	352	
70	0	147	step_2_no_load	3	4	0.594861186319	0.265578160642	4	713	1	
70	0	148	step_1_no_load	1	2	2	590	
70	0	148	step_2_no_load	3	4	0.648050021239	0.305288021243	4	822	1	
70	0	149	step_1_no_load	1	2	2	264	
70	0	149	step_2_no_load	3	4	0.623203869836	0.269951834184	4	72	0	
70	0	150	step_1_no_load	1	2	2	408	
70	0	150	step_2_no_load	5	6	0.575985663078	0.306860041627	5	963	1	
70	0	151	step_1_no_load	1	2	2	559	
70	0	151	step_2_no_load	3	4	0.614159737668	0.348172164421	4	1161	0	
70	0	152	step_1_no_load	1	2	2	258	
70	0	152	step_2_no_load	5	6	0.595108765344	0.323194010514	5	628	0	
70	0	153	step_1_no_load	1	2	2	415	
70	0	153	step_2_no_load	5	6	0.613336203392	0.343622632154	5	615	0	
70	0	154	step_1_no_load	1	2	2	585	
70	0	154	step_2_no_load	5	6	0.638934099562	0.348349389262	6	678	0	
70	0	155	step_1_no_load	1	2	2	541	
70	0	155	step_2_no_load	5	6	0.632486591889	0.372188990474	5	617	1	
70	0	156	step_1_no_load	1	2	1	366	
70	0	156	step_2_no_load	3	4	0.734436160799	0.32564867104	4	807	1	
70	0	157	step_1_no_load	1	2	1	592	
70	0	157	step_2_no_load	3	4	0.720725456325	0.350909357271	4	795	1	
70	0	158	step_1_no_load	1	2	1	451	
70	0	158	step_2_no_load	5	6	0.532722108502	0.334595868098	5	706	0	
70	0	159	step_1_no_load	1	2	1	229	
70	0	159	step_2_no_load	3	4	0.697903160072	0.413026375257	4	615	1	
70	0	160	step_1_no_load	1	2	1	478	
70	0	160	step_2_no_load	5	6	0.521229931064	0.355992626298	5	727	0	
70	0	161	step_1_no_load	1	2	1	253	
70	0	161	step_2_no_load	5	6	0.516036498158	0.438878285506	6	625	0	
70	0	162	step_1_no_load	1	2	1	391	
70	0	162	step_2_no_load	3	4	0.695144769903	0.3926701003	4	769	1	
70	0	163	step_1_no_load	1	2	1	328	
70	0	163	step_2_no_load	5	6	0.5863391277	0.430920885959	5	963	0	
70	0	164	step_1_no_load	1	2	1	78	
70	0	164	step_2_no_load	3	4	0.692137394606	0.432761720497	4	663	0	
70	0	165	step_1_no_load	1	2	1	251	
70	0	165	step_2_no_load	3	4	0.717506143195	0.463777557969	4	560	0	
70	0	166	step_1_no_load	1	2	1	896	
70	0	166	step_2_no_load	3	4	0.686594248975	0.422282731054	4	701	0	
70	0	167	step_1_no_load	1	2	1	639	
70	0	167	step_2_no_load	5	6	0.585131062446	0.331115714939	5	1114	0	
70	0	168	step_1_no_load	1	2	2	881	
70	0	168	step_2_no_load	5	6	0.613361520676	0.335777599654	6	543	0	
70	0	169	step_1_no_load	1	2	2	428	
70	0	169	step_2_no_load	3	4	0.704981910944	0.42098542374	4	602	0	
70	0	170	step_1_no_load	1	2	2	350	
70	0	170	step_2_no_load	5	6	0.57151385403	0.364989630435	5	888	0	
70	0	171	step_1_no_load	1	2	2	308	
70	0	171	step_2_no_load	3	4	0.727248140829	0.386979310814	4	697	1	
70	0	172	step_1_no_load	1	2	2	442	
70	0	172	step_2_no_load	5	6	0.519090471457	0.490120307546	5	703	1	
70	0	173	step_1_no_load	1	2	2	285	
70	0	173	step_2_no_load	5	6	0.484428109849	0.462866379815	5	877	1	
70	0	174	step_1_no_load	1	2	2	255	
70	0	174	step_2_no_load	3	4	0.729877433725	0.387867297446	4	639	1	
70	0	175	step_1_no_load	1	2	2	336	
70	0	175	step_2_no_load	5	6	0.52644949356	0.484825491933	5	879	1	
70	0	176	step_1_no_load	1	2	2	313	
70	0	176	step_2_no_load	5	6	0.474046874473	0.500856457218	5	552	0	
70	0	177	step_1_no_load	1	2	1	222	
70	0	177	step_2_no_load	3	4	0.714070205704	0.357425668099	4	594	0	
70	0	178	step_1_no_load	1	2	1	233	
70	0	178	step_2_no_load	3	4	0.705993797498	0.36473828006	3	696	1	
70	0	179	step_1_no_load	1	2	1	338	
70	0	179	step_2_no_load	3	4	0.709345707515	0.324685418097	3	461	0	
70	0	180	step_1_no_load	1	2	1	254	
70	0	180	step_2_no_load	3	4	0.719795072986	0.341214611607	3	503	1	
70	0	181	step_1_no_load	1	2	1	287	
70	0	181	step_2_no_load	3	4	0.746910336326	0.342402764747	3	891	1	
70	0	182	step_1_no_load	1	2	1	320	
70	0	182	step_2_no_load	3	4	0.72717560423	0.340533666308	3	490	0	
70	0	183	step_1_no_load	1	2	1	201	
70	0	183	step_2_no_load	3	4	0.720388040749	0.350175837802	3	487	0	
70	0	184	step_1_no_load	1	2	1	261	
70	0	184	step_2_no_load	3	4	0.657291439324	0.362743255194	4	571	1	
70	0	185	step_1_no_load	1	2	1	210	
70	0	185	step_2_no_load	3	4	0.665622647081	0.362611152222	4	684	0	
70	0	186	step_1_no_load	1	2	1	405	
70	0	186	step_2_no_load	3	4	0.656308636836	0.332733011923	4	1135	1	
70	0	187	step_1_no_load	1	2	1	352	
70	0	187	step_2_no_load	3	4	0.678211978625	0.328890769988	4	697	1	
70	0	188	step_1_no_load	1	2	1	204	
70	0	188	step_2_no_load	3	4	0.696362660087	0.291508050861	4	490	1	
70	0	189	step_1_no_load	1	2	1	133	
70	0	189	step_2_no_load	3	4	0.688353284054	0.285168135955	4	597	0	
70	0	190	step_1_no_load	1	2	1	510	
70	0	190	step_2_no_load	5	6	0.433568856946	0.505820429042	5	660	0	
70	0	191	step_1_no_load	1	2	1	196	
70	0	191	step_2_no_load	5	6	0.435748387321	0.512103523931	6	674	1	
70	0	192	step_1_no_load	1	2	1	288	
70	0	192	step_2_no_load	3	4	0.705517419189	0.299297135717	4	740	0	
70	0	193	step_1_no_load	1	2	1	315	
70	0	193	step_2_no_load	3	4	0.679792491164	0.321008037746	4	828	0	
70	0	194	step_1_no_load	1	2	1	591	
70	0	194	step_2_no_load	5	6	0.433250459893	0.505359594715	-1	-1	-1	
70	0	195	step_1_no_load	1	2	2	430	
70	0	195	step_2_no_load	5	6	0.466795336969	0.494102184238	6	725	1	
70	0	196	step_1_no_load	1	2	2	903	
70	0	196	step_2_no_load	3	4	0.695101215304	0.365373286058	4	906	1	
70	0	197	step_1_no_load	1	2	2	527	
70	0	197	step_2_no_load	3	4	0.686552522522	0.316987700969	4	464	1	
70	0	198	step_1_no_load	1	2	2	456	
70	0	198	step_2_no_load	5	6	0.397292432346	0.485065498391	6	581	1	
70	0	199	step_1_no_load	1	2	2	272	
70	0	199	step_2_no_load	3	4	0.73697129762	0.292861528884	4	481	0	
70	0	200	step_1_no_load	1	2	2	325	
70	0	200	step_2_no_load	5	6	0.372436949782	0.507902534353	5	829	1	

Wed Jul 19 17:57:09 2017
