Sat Jul 22 12:16:27 2017	
72	0	1	step_1_no_load	1	2	1	383	
72	0	1	step_2_no_load	3	4	0.457620150462	0.594299910136	3	595	0	
72	0	2	step_1_no_load	1	2	1	375	
72	0	2	step_2_no_load	3	4	0.474613197709	0.610961032466	4	633	0	
72	0	3	step_1_no_load	1	2	2	995	
72	0	3	step_2_no_load	5	6	0.516002945397	0.584197065669	5	582	0	
72	0	4	step_1_no_load	1	2	2	277	
72	0	4	step_2_no_load	5	6	0.494597764192	0.597491569846	6	431	1	
72	0	5	step_1_no_load	1	2	2	299	
72	0	5	step_2_no_load	5	6	0.543908521457	0.623810210114	6	477	1	
72	0	6	step_1_no_load	1	2	2	292	
72	0	6	step_2_no_load	3	4	0.506877622204	0.603642866427	4	542	0	
72	0	7	step_1_no_load	1	2	2	264	
72	0	7	step_2_no_load	5	6	0.506408070053	0.568656746487	6	617	0	
72	0	8	step_1_no_load	1	2	2	435	
72	0	8	step_2_no_load	3	4	0.489816616396	0.624210374623	3	586	1	
72	0	9	step_1_no_load	1	2	2	567	
72	0	9	step_2_no_load	5	6	0.54429228266	0.598049061473	6	642	1	
72	0	10	step_1_no_load	1	2	2	1081	
72	0	10	step_2_no_load	5	6	0.576063520885	0.652626043146	6	901	0	
72	0	11	step_1_no_load	1	2	2	302	
72	0	11	step_2_no_load	5	6	0.59022801242	0.69163818036	5	503	0	
72	0	12	step_1_no_load	1	2	1	294	
72	0	12	step_2_no_load	5	6	0.597131918027	0.682786328054	6	881	1	
72	0	13	step_1_no_load	1	2	1	344	
72	0	13	step_2_no_load	5	6	0.595790490356	0.653587098421	5	337	1	
72	0	14	step_1_no_load	1	2	1	402	
72	0	14	step_2_no_load	5	6	0.611256675753	0.629137942344	5	585	1	
72	0	15	step_1_no_load	1	2	1	420	
72	0	15	step_2_no_load	5	6	0.633564630036	0.612260006668	6	840	0	
72	0	16	step_1_no_load	1	2	2	522	
72	0	16	step_2_no_load	5	6	0.626326396372	0.628091198119	5	415	1	
72	0	17	step_1_no_load	1	2	2	348	
72	0	17	step_2_no_load	5	6	0.643116883134	0.633350170016	5	810	1	
72	0	18	step_1_no_load	1	2	2	352	
72	0	18	step_2_no_load	5	6	0.626895526976	0.626834332012	5	513	0	
72	0	19	step_1_no_load	1	2	1	283	
72	0	19	step_2_no_load	3	4	0.498240186199	0.536502319591	4	895	1	
72	0	20	step_1_no_load	1	2	1	381	
72	0	20	step_2_no_load	3	4	0.478025448397	0.491720931314	3	535	1	
72	0	21	step_1_no_load	1	2	1	517	
72	0	21	step_2_no_load	3	4	0.49769376036	0.470207377245	3	521	0	
72	0	22	step_1_no_load	1	2	1	314	
72	0	22	step_2_no_load	3	4	0.506100011497	0.468700882609	3	265	0	
72	0	23	step_1_no_load	1	2	1	356	
72	0	23	step_2_no_load	3	4	0.520606588181	0.513759772011	4	493	1	
72	0	24	step_1_no_load	1	2	1	1104	
72	0	24	step_2_no_load	5	6	0.5800912085	0.582115115688	6	1154	1	
72	0	25	step_1_no_load	1	2	1	414	
72	0	25	step_2_no_load	3	4	0.503316372362	0.503605105412	4	720	0	
72	0	26	step_1_no_load	1	2	1	488	
72	0	26	step_2_no_load	3	4	0.511744353778	0.532884212818	3	490	0	
72	0	27	step_1_no_load	1	2	1	457	
72	0	27	step_2_no_load	5	6	0.642144756622	0.57860777711	6	799	1	
72	0	28	step_1_no_load	1	2	2	398	
72	0	28	step_2_no_load	5	6	0.647441527317	0.588356036098	6	619	1	
72	0	29	step_1_no_load	1	2	2	534	
72	0	29	step_2_no_load	5	6	0.618626354124	0.606613029227	6	544	1	
72	0	30	step_1_no_load	1	2	2	403	
72	0	30	step_2_no_load	5	6	0.610227092493	0.608245979832	6	506	1	
72	0	31	step_1_no_load	1	2	2	351	
72	0	31	step_2_no_load	5	6	0.606122691795	0.636602545794	6	487	1	
72	0	32	step_1_no_load	1	2	2	412	
72	0	32	step_2_no_load	5	6	0.605616211083	0.634585171267	6	500	1	
72	0	33	step_1_no_load	1	2	2	328	
72	0	33	step_2_no_load	5	6	0.618000238621	0.611700032906	6	551	1	
72	0	34	step_1_no_load	1	2	2	302	
72	0	34	step_2_no_load	3	4	0.454565258478	0.538523758058	3	590	1	
72	0	35	step_1_no_load	1	2	2	403	
72	0	35	step_2_no_load	5	6	0.649776015006	0.566827313385	6	442	0	
72	0	36	step_1_no_load	1	2	1	518	
72	0	36	step_2_no_load	3	4	0.513210053121	0.611274573488	3	475	1	
72	0	37	step_1_no_load	1	2	1	328	
72	0	37	step_2_no_load	3	4	0.543074626387	0.598446394142	3	341	0	
72	0	38	step_1_no_load	1	2	2	226	
72	0	38	step_2_no_load	5	6	0.651263699161	0.539078491643	6	569	1	
72	0	39	step_1_no_load	1	2	2	312	
72	0	39	step_2_no_load	3	4	0.578640235206	0.610601635554	3	663	0	
72	0	40	step_1_no_load	1	2	2	409	
72	0	40	step_2_no_load	5	6	0.636994900683	0.580760785074	6	564	0	
72	0	41	step_1_no_load	1	2	2	510	
72	0	41	step_2_no_load	5	6	0.633285941184	0.524862294848	5	564	1	
72	0	42	step_1_no_load	1	2	2	400	
72	0	42	step_2_no_load	5	6	0.606696263624	0.533857158543	5	500	0	
72	0	43	step_1_no_load	1	2	2	417	
72	0	43	step_2_no_load	5	6	0.581931546759	0.553703096215	6	609	1	
72	0	44	step_1_no_load	1	2	1	313	
72	0	44	step_2_no_load	3	4	0.537842745081	0.611481438855	3	386	0	
72	0	45	step_1_no_load	1	2	1	459	
72	0	45	step_2_no_load	3	4	0.5288039409	0.632991467829	4	380	0	
72	0	46	step_1_no_load	1	2	2	278	
72	0	46	step_2_no_load	5	6	0.654261318712	0.55511883717	6	354	1	
72	0	47	step_1_no_load	1	2	2	289	
72	0	47	step_2_no_load	5	6	0.634373567175	0.546259467838	6	421	0	
72	0	48	step_1_no_load	1	2	1	781	
72	0	48	step_2_no_load	3	4	0.488280685105	0.615767119776	3	496	0	
72	0	49	step_1_no_load	1	2	1	320	
72	0	49	step_2_no_load	3	4	0.489287375157	0.610193185592	4	382	1	
72	0	50	step_1_no_load	1	2	1	301	
72	0	50	step_2_no_load	3	4	0.47381367271	0.606862017918	4	425	1	
72	0	51	step_1_no_load	1	2	1	343	
72	0	51	step_2_no_load	5	6	0.613357430892	0.508197321577	6	332	1	
72	0	52	step_1_no_load	1	2	1	492	
72	0	52	step_2_no_load	5	6	0.613408921915	0.513589895419	6	598	0	
72	0	53	step_1_no_load	1	2	1	298	
72	0	53	step_2_no_load	5	6	0.630956764252	0.475342927439	6	544	1	
72	0	54	step_1_no_load	1	2	1	410	
72	0	54	step_2_no_load	3	4	0.491512498697	0.570223904064	4	823	0	
72	0	55	step_1_no_load	1	2	1	453	
72	0	55	step_2_no_load	5	6	0.639840796975	0.526704292526	6	675	0	
72	0	56	step_1_no_load	1	2	1	370	
72	0	56	step_2_no_load	3	4	0.459773408493	0.601856598146	3	500	1	
72	0	57	step_1_no_load	1	2	1	448	
72	0	57	step_2_no_load	3	4	0.466449077359	0.641849303307	3	497	0	
72	0	58	step_1_no_load	1	2	2	410	
72	0	58	step_2_no_load	5	6	0.610896130115	0.528376440027	6	468	0	
72	0	59	step_1_no_load	1	2	2	464	
72	0	59	step_2_no_load	5	6	0.608951267756	0.537400760025	5	462	0	
72	0	60	step_1_no_load	1	2	1	302	
72	0	60	step_2_no_load	3	4	0.491916707098	0.623687406259	3	482	1	
72	0	61	step_1_no_load	1	2	1	377	
72	0	61	step_2_no_load	5	6	0.602879526975	0.527144452559	6	607	0	
72	0	62	step_1_no_load	1	2	1	297	
72	0	62	step_2_no_load	3	4	0.50724109756	0.691137204746	3	418	0	
72	0	63	step_1_no_load	1	2	2	0	
72	0	63	step_2_no_load	5	6	0.642623127313	0.519445130796	5	441	0	
72	0	64	step_1_no_load	1	2	2	486	
72	0	64	step_2_no_load	5	6	0.626149195169	0.533849886794	6	504	1	
72	0	65	step_1_no_load	1	2	2	401	
72	0	65	step_2_no_load	5	6	0.619953360065	0.517687993213	6	455	1	
72	0	66	step_1_no_load	1	2	2	305	
72	0	66	step_2_no_load	5	6	0.630357351236	0.555324764318	6	428	1	
72	0	67	step_1_no_load	1	2	2	332	
72	0	67	step_2_no_load	5	6	0.674463681351	0.538279387614	6	502	1	
72	0	68	step_1_no_load	1	2	1	402	
72	0	68	step_2_no_load	3	4	0.509127161919	0.622963076372	3	380	0	
72	0	69	step_1_no_load	1	2	1	331	
72	0	69	step_2_no_load	3	4	0.499137600991	0.622221685203	4	357	0	
72	0	70	step_1_no_load	1	2	2	354	
72	0	70	step_2_no_load	5	6	0.697741832068	0.548075770764	5	293	1	
72	0	71	step_1_no_load	1	2	2	335	
72	0	71	step_2_no_load	5	6	0.706816191949	0.546215110045	5	506	1	
72	0	72	step_1_no_load	1	2	2	388	
72	0	72	step_2_no_load	5	6	0.705884789502	0.556486305476	5	469	1	
72	0	73	step_1_no_load	1	2	2	282	
72	0	73	step_2_no_load	5	6	0.727961155836	0.50185699984	5	313	1	
72	0	74	step_1_no_load	1	2	2	358	
72	0	74	step_2_no_load	5	6	0.693624670847	0.491044983779	5	256	1	
72	0	75	step_1_no_load	1	2	2	375	
72	0	75	step_2_no_load	5	6	0.697629587097	0.483983914712	5	387	0	
72	0	76	step_1_no_load	1	2	1	442	
72	0	76	step_2_no_load	5	6	0.690117652944	0.518881389358	6	292	1	
72	0	77	step_1_no_load	1	2	1	250	
72	0	77	step_2_no_load	3	4	0.446809557226	0.564257587118	4	527	0	
72	0	78	step_1_no_load	1	2	2	252	
72	0	78	step_2_no_load	5	6	0.647586191228	0.538654072849	6	410	1	
72	0	79	step_1_no_load	1	2	2	301	
72	0	79	step_2_no_load	5	6	0.647841624544	0.540085062695	6	388	0	
72	0	80	step_1_no_load	1	2	1	353	
72	0	80	step_2_no_load	5	6	0.703969305517	0.49921021142	5	563	0	
72	0	81	step_1_no_load	1	2	1	349	
72	0	81	step_2_no_load	3	4	0.419265522488	0.529745690463	4	486	0	
72	0	82	step_1_no_load	1	2	1	398	
72	0	82	step_2_no_load	3	4	0.395813831323	0.564729328387	3	416	0	
72	0	83	step_1_no_load	1	2	2	315	
72	0	83	step_2_no_load	5	6	0.726885136842	0.483255412498	6	327	1	
72	0	84	step_1_no_load	1	2	2	266	
72	0	84	step_2_no_load	3	4	0.385087938645	0.65843840156	4	313	1	
72	0	85	step_1_no_load	1	2	2	302	
72	0	85	step_2_no_load	5	6	0.712989604416	0.485785534744	6	370	0	
72	0	86	step_1_no_load	1	2	1	255	
72	0	86	step_2_no_load	5	6	0.721207648497	0.486462788728	6	431	0	
72	0	87	step_1_no_load	1	2	1	331	
72	0	87	step_2_no_load	5	6	0.690012761069	0.493867001103	5	684	1	
72	0	88	step_1_no_load	1	2	1	506	
72	0	88	step_2_no_load	3	4	0.377947492322	0.717410082358	3	654	0	
72	0	89	step_1_no_load	1	2	2	278	
72	0	89	step_2_no_load	5	6	0.660112261017	0.490019385174	5	357	0	
72	0	90	step_1_no_load	1	2	2	351	
72	0	90	step_2_no_load	5	6	0.688736868033	0.530126112124	6	426	1	
72	0	91	step_1_no_load	1	2	2	373	
72	0	91	step_2_no_load	5	6	0.657820521772	0.479087223222	6	373	0	
72	0	92	step_1_no_load	1	2	1	299	
72	0	92	step_2_no_load	3	4	0.444368850664	0.692406274724	3	374	0	
72	0	93	step_1_no_load	1	2	1	295	
72	0	93	step_2_no_load	5	6	0.662863370634	0.473273727684	6	337	1	
72	0	94	step_1_no_load	1	2	2	281	
72	0	94	step_2_no_load	5	6	0.668295023896	0.468637558205	6	446	1	
72	0	95	step_1_no_load	1	2	2	284	
72	0	95	step_2_no_load	3	4	0.427150666411	0.715495469274	3	575	0	
72	0	96	step_1_no_load	1	2	2	267	
72	0	96	step_2_no_load	3	4	0.383038640121	0.693739812506	4	394	0	
72	0	97	step_1_no_load	1	2	2	363	
72	0	97	step_2_no_load	5	6	0.651202057411	0.455601814112	6	348	0	
72	0	98	step_1_no_load	1	2	1	245	
72	0	98	step_2_no_load	5	6	0.646040060297	0.431479829356	5	519	1	
72	0	99	step_1_no_load	1	2	2	251	
72	0	99	step_2_no_load	5	6	0.645191748454	0.375249961522	5	295	1	
72	0	100	step_1_no_load	1	2	2	363	
72	0	100	step_2_no_load	5	6	0.66579920021	0.363162156005	5	326	0	
72	0	101	step_1_no_load	1	2	2	292	
72	0	101	step_2_no_load	5	6	0.655903528958	0.366879421891	6	301	1	
72	0	102	step_1_no_load	1	2	2	304	
72	0	102	step_2_no_load	5	6	0.663124617603	0.326080462175	6	384	0	
72	0	103	step_1_no_load	1	2	1	297	
72	0	103	step_2_no_load	3	4	0.481975449893	0.663997796029	3	472	0	
72	0	104	step_1_no_load	1	2	1	463	
72	0	104	step_2_no_load	5	6	0.743372642809	0.303696146503	6	313	0	
72	0	105	step_1_no_load	1	2	2	330	
72	0	105	step_2_no_load	5	6	0.722851301692	0.352639603242	5	281	1	
72	0	106	step_1_no_load	1	2	2	329	
72	0	106	step_2_no_load	5	6	0.699623252899	0.374131494222	5	349	1	
72	0	107	step_1_no_load	1	2	2	333	
72	0	107	step_2_no_load	5	6	0.677514185929	0.388257337796	5	389	0	
72	0	108	step_1_no_load	1	2	2	337	
72	0	108	step_2_no_load	5	6	0.681491063126	0.388185708856	6	375	0	
72	0	109	step_1_no_load	1	2	1	276	
72	0	109	step_2_no_load	3	4	0.479977531501	0.71632547018	3	564	0	
72	0	110	step_1_no_load	1	2	1	234	
72	0	110	step_2_no_load	5	6	0.65455226558	0.395544455384	6	362	0	
72	0	111	step_1_no_load	1	2	1	262	
72	0	111	step_2_no_load	3	4	0.384948378665	0.724852671171	4	583	1	
72	0	112	step_1_no_load	1	2	1	333	
72	0	112	step_2_no_load	3	4	0.392887565883	0.725701866094	4	341	1	
72	0	113	step_1_no_load	1	2	1	309	
72	0	113	step_2_no_load	3	4	0.370697120277	0.719324307956	4	285	1	
72	0	114	step_1_no_load	1	2	1	328	
72	0	114	step_2_no_load	3	4	0.380324086676	0.718213323791	4	308	1	
72	0	115	step_1_no_load	1	2	1	338	
72	0	115	step_2_no_load	3	4	0.390027643099	0.739704344621	4	369	0	
72	0	116	step_1_no_load	1	2	2	358	
72	0	116	step_2_no_load	5	6	0.680124293449	0.369438791876	5	509	1	
72	0	117	step_1_no_load	1	2	2	356	
72	0	117	step_2_no_load	5	6	0.671842537277	0.363056877927	5	408	0	
72	0	118	step_1_no_load	1	2	1	349	
72	0	118	step_2_no_load	3	4	0.357645851833	0.740051715856	4	376	0	
72	0	119	step_1_no_load	1	2	1	323	
72	0	119	step_2_no_load	3	4	0.357515098446	0.690424535099	3	324	0	
72	0	120	step_1_no_load	1	2	2	308	
72	0	120	step_2_no_load	3	4	0.370150243662	0.70587238626	4	799	1	
72	0	121	step_1_no_load	1	2	2	273	
72	0	121	step_2_no_load	3	4	0.352721767208	0.658856304095	4	462	1	
72	0	122	step_1_no_load	1	2	2	291	
72	0	122	step_2_no_load	3	4	0.329624572119	0.6136886145	4	612	1	
72	0	123	step_1_no_load	1	2	2	352	
72	0	123	step_2_no_load	5	6	0.664849878232	0.269780614928	5	878	1	
72	0	124	step_1_no_load	1	2	2	283	
72	0	124	step_2_no_load	5	6	0.624161788269	0.26095206597	5	369	1	
72	0	125	step_1_no_load	1	2	2	498	
72	0	125	step_2_no_load	5	6	0.633566302563	0.290374841566	5	424	0	
72	0	126	step_1_no_load	1	2	1	271	
72	0	126	step_2_no_load	3	4	0.300846667696	0.537863824328	4	391	0	
72	0	127	step_1_no_load	1	2	2	320	
72	0	127	step_2_no_load	3	4	0.274944938508	0.560824094575	4	305	1	
72	0	128	step_1_no_load	1	2	2	243	
72	0	128	step_2_no_load	5	6	0.620672334996	0.260252451606	6	484	0	
72	0	129	step_1_no_load	1	2	2	303	
72	0	129	step_2_no_load	3	4	0.271709703542	0.685297910719	4	501	0	
72	0	130	step_1_no_load	1	2	2	331	
72	0	130	step_2_no_load	3	4	0.274560758494	0.682031489739	4	631	0	
72	0	131	step_1_no_load	1	2	2	609	
72	0	131	step_2_no_load	3	4	0.311475039155	0.678044920845	3	641	1	
72	0	132	step_1_no_load	1	2	2	270	
72	0	132	step_2_no_load	5	6	0.660013924697	0.27986961048	5	413	1	
72	0	133	step_1_no_load	1	2	2	399	
72	0	133	step_2_no_load	3	4	0.312642735495	0.617383991623	3	593	0	
72	0	134	step_1_no_load	1	2	2	371	
72	0	134	step_2_no_load	3	4	0.302839427162	0.621945110858	3	616	1	
72	0	135	step_1_no_load	1	2	2	346	
72	0	135	step_2_no_load	3	4	0.287118934166	0.593710006149	4	368	0	
72	0	136	step_1_no_load	1	2	2	259	
72	0	136	step_2_no_load	5	6	0.674914008636	0.307766925452	5	747	0	
72	0	137	step_1_no_load	1	2	2	417	
72	0	137	step_2_no_load	5	6	0.668540846495	0.346433498467	6	875	1	
72	0	138	step_1_no_load	1	2	2	257	
72	0	138	step_2_no_load	3	4	0.307694123906	0.63240964674	3	666	1	
72	0	139	step_1_no_load	1	2	2	394	
72	0	139	step_2_no_load	3	4	0.323660750961	0.636630981281	3	596	0	
72	0	140	step_1_no_load	1	2	2	286	
72	0	140	step_2_no_load	5	6	0.637682840728	0.348740542008	6	421	0	
72	0	141	step_1_no_load	1	2	2	848	
72	0	141	step_2_no_load	5	6	0.616803346728	0.390227133375	5	487	0	
72	0	142	step_1_no_load	1	2	1	270	
72	0	142	step_2_no_load	3	4	0.304203281606	0.690276058009	4	433	1	
72	0	143	step_1_no_load	1	2	1	298	
72	0	143	step_2_no_load	3	4	0.313516825296	0.661365099615	4	256	1	
72	0	144	step_1_no_load	1	2	1	301	
72	0	144	step_2_no_load	5	6	0.639347300184	0.389234194056	6	337	0	
72	0	145	step_1_no_load	1	2	1	315	
72	0	145	step_2_no_load	3	4	0.266265924094	0.6669125229	4	595	0	
72	0	146	step_1_no_load	1	2	1	677	
72	0	146	step_2_no_load	5	6	0.593778463268	0.320877500969	5	438	0	
72	0	147	step_1_no_load	1	2	2	513	
72	0	147	step_2_no_load	5	6	0.594861186319	0.352879785946	5	506	0	
72	0	148	step_1_no_load	1	2	2	420	
72	0	148	step_2_no_load	3	4	0.305288021243	0.619272702026	4	784	0	
72	0	149	step_1_no_load	1	2	2	372	
72	0	149	step_2_no_load	3	4	0.269951834184	0.601870110183	3	540	0	
72	0	150	step_1_no_load	1	2	2	335	
72	0	150	step_2_no_load	5	6	0.605912419156	0.306860041627	6	943	0	
72	0	151	step_1_no_load	1	2	1	548	
72	0	151	step_2_no_load	3	4	0.348172164421	0.59154759351	3	339	0	
72	0	152	step_1_no_load	1	2	1	519	
72	0	152	step_2_no_load	3	4	0.307702500543	0.595108765344	4	469	1	
72	0	153	step_1_no_load	1	2	1	357	
72	0	153	step_2_no_load	5	6	0.681559292085	0.343622632154	5	841	1	
72	0	154	step_1_no_load	1	2	1	313	
72	0	154	step_2_no_load	3	4	0.316375537537	0.638934099562	4	461	1	
72	0	155	step_1_no_load	1	2	1	402	
72	0	155	step_2_no_load	5	6	0.716100930629	0.372188990474	5	659	1	
72	0	156	step_1_no_load	1	2	1	274	
72	0	156	step_2_no_load	3	4	0.32564867104	0.631048201903	4	698	1	
72	0	157	step_1_no_load	1	2	1	276	
72	0	157	step_2_no_load	3	4	0.350909357271	0.585191807512	4	378	1	
72	0	158	step_1_no_load	1	2	1	324	
72	0	158	step_2_no_load	5	6	0.694270715354	0.334595868098	6	481	0	
72	0	159	step_1_no_load	1	2	1	317	
72	0	159	step_2_no_load	3	4	0.413026375257	0.541222065796	4	1096	1	
72	0	160	step_1_no_load	1	2	1	272	
72	0	160	step_2_no_load	3	4	0.415052912783	0.521229931064	4	466	1	
72	0	161	step_1_no_load	1	2	1	277	
72	0	161	step_2_no_load	3	4	0.407025633682	0.516036498158	4	410	0	
72	0	162	step_1_no_load	1	2	2	235	
72	0	162	step_2_no_load	3	4	0.3926701003	0.566496468084	4	735	1	
72	0	163	step_1_no_load	1	2	2	285	
72	0	163	step_2_no_load	3	4	0.395221309311	0.5863391277	4	511	1	
72	0	164	step_1_no_load	1	2	2	387	
72	0	164	step_2_no_load	3	4	0.432761720497	0.585961845322	4	591	1	
72	0	165	step_1_no_load	1	2	2	399	
72	0	165	step_2_no_load	3	4	0.463777557969	0.538026607649	4	421	1	
72	0	166	step_1_no_load	1	2	2	373	
72	0	166	step_2_no_load	5	6	0.686594248975	0.356317216644	5	583	1	
72	0	167	step_1_no_load	1	2	2	396	
72	0	167	step_2_no_load	5	6	0.706271792549	0.331115714939	5	564	1	
72	0	168	step_1_no_load	1	2	2	308	
72	0	168	step_2_no_load	5	6	0.67192508984	0.335777599654	5	595	1	
72	0	169	step_1_no_load	1	2	2	311	
72	0	169	step_2_no_load	5	6	0.704981910944	0.365156560071	5	458	0	
72	0	170	step_1_no_load	1	2	1	281	
72	0	170	step_2_no_load	3	4	0.411067820436	0.57151385403	4	376	0	
72	0	171	step_1_no_load	1	2	1	318	
72	0	171	step_2_no_load	3	4	0.386979310814	0.553314431843	3	401	1	
72	0	172	step_1_no_load	1	2	1	380	
72	0	172	step_2_no_load	3	4	0.363617002148	0.519090471457	3	363	0	
72	0	173	step_1_no_load	1	2	2	279	
72	0	173	step_2_no_load	5	6	0.667027212577	0.462866379815	6	465	1	
72	0	174	step_1_no_load	1	2	2	369	
72	0	174	step_2_no_load	5	6	0.729877433725	0.46236234172	6	401	1	
72	0	175	step_1_no_load	1	2	2	278	
72	0	175	step_2_no_load	5	6	0.693968268443	0.484825491933	6	291	0	
72	0	176	step_1_no_load	1	2	1	408	
72	0	176	step_2_no_load	3	4	0.383231572002	0.474046874473	4	349	0	
72	0	177	step_1_no_load	1	2	1	258	
72	0	177	step_2_no_load	3	4	0.357425668099	0.501268576771	3	506	0	
72	0	178	step_1_no_load	1	2	2	2	
72	0	178	step_2_no_load	5	6	0.705993797498	0.49020858644	5	432	1	
72	0	179	step_1_no_load	1	2	2	254	
72	0	179	step_2_no_load	3	4	0.324685418097	0.457298770028	3	440	1	
72	0	180	step_1_no_load	1	2	2	286	
72	0	180	step_2_no_load	3	4	0.341214611607	0.482853857291	3	289	0	
72	0	181	step_1_no_load	1	2	2	238	
72	0	181	step_2_no_load	5	6	0.746910336326	0.480141179559	5	595	1	
72	0	182	step_1_no_load	1	2	2	237	
72	0	182	step_2_no_load	5	6	0.72717560423	0.49907747228	5	470	1	
72	0	183	step_1_no_load	1	2	2	266	
72	0	183	step_2_no_load	5	6	0.720388040749	0.492742497507	5	408	1	
72	0	184	step_1_no_load	1	2	2	302	
72	0	184	step_2_no_load	5	6	0.657291439324	0.480863422096	5	429	1	
72	0	185	step_1_no_load	1	2	2	402	
72	0	185	step_2_no_load	3	4	0.362611152222	0.479703516092	4	586	1	
72	0	186	step_1_no_load	1	2	2	291	
72	0	186	step_2_no_load	3	4	0.332733011923	0.46870859828	4	414	1	
72	0	187	step_1_no_load	1	2	2	292	
72	0	187	step_2_no_load	3	4	0.328890769988	0.443962917772	4	530	0	
72	0	188	step_1_no_load	1	2	1	285	
72	0	188	step_2_no_load	3	4	0.291508050861	0.471319680586	4	390	0	
72	0	189	step_1_no_load	1	2	2	307	
72	0	189	step_2_no_load	5	6	0.688353284054	0.534753756004	5	323	1	
72	0	190	step_1_no_load	1	2	2	352	
72	0	190	step_2_no_load	5	6	0.667655825994	0.505820429042	5	366	0	
72	0	191	step_1_no_load	1	2	1	279	
72	0	191	step_2_no_load	5	6	0.664271461991	0.512103523931	5	586	1	
72	0	192	step_1_no_load	1	2	1	256	
72	0	192	step_2_no_load	5	6	0.705517419189	0.493851022417	5	446	0	
72	0	193	step_1_no_load	1	2	1	281	
72	0	193	step_2_no_load	5	6	0.679792491164	0.504944704439	6	465	1	
72	0	194	step_1_no_load	1	2	1	331	
72	0	194	step_2_no_load	3	4	0.342437174514	0.433250459893	4	661	1	
72	0	195	step_1_no_load	1	2	1	284	
72	0	195	step_2_no_load	3	4	0.348571348505	0.466795336969	4	438	0	
72	0	196	step_1_no_load	1	2	1	315	
72	0	196	step_2_no_load	3	4	0.365373286058	0.421761207498	3	687	0	
72	0	197	step_1_no_load	1	2	1	306	
72	0	197	step_2_no_load	3	4	0.316987700969	0.422511153127	4	405	0	
72	0	198	step_1_no_load	1	2	2	309	
72	0	198	step_2_no_load	3	4	0.303352625941	0.397292432346	3	666	0	
72	0	199	step_1_no_load	1	2	2	272	
72	0	199	step_2_no_load	3	4	0.292861528884	0.39793773834	4	746	0	
72	0	200	step_1_no_load	1	2	1	295	
72	0	200	step_2_no_load	5	6	0.728996708473	0.507902534353	6	871	0	

Sat Jul 22 12:40:23 2017
