Sat Jul 22 15:16:00 2017	
73	0	1	step_1_no_load	1	2	1	835	
73	0	1	step_2_no_load	5	6	0.511789129507	0.594299910136	6	1167	1	
73	0	2	step_1_no_load	1	2	1	473	
73	0	2	step_2_no_load	5	6	0.533203491871	0.610961032466	6	721	0	
73	0	3	step_1_no_load	1	2	1	387	
73	0	3	step_2_no_load	3	4	0.584197065669	0.476767372206	3	944	0	
73	0	4	step_1_no_load	1	2	1	567	
73	0	4	step_2_no_load	3	4	0.597491569846	0.478607661228	3	478	0	
73	0	5	step_1_no_load	1	2	2	718	
73	0	5	step_2_no_load	5	6	0.543908521457	0.576104915614	6	705	0	
73	0	6	step_1_no_load	1	2	1	655	
73	0	6	step_2_no_load	3	4	0.585722686883	0.506877622204	3	1028	1	
73	0	7	step_1_no_load	1	2	1	255	
73	0	7	step_2_no_load	5	6	0.506408070053	0.622642364361	5	551	1	
73	0	8	step_1_no_load	1	2	1	478	
73	0	8	step_2_no_load	3	4	0.59128639594	0.489816616396	3	546	0	
73	0	9	step_1_no_load	1	2	1	839	
73	0	9	step_2_no_load	3	4	0.598049061473	0.496546708465	3	364	0	
73	0	10	step_1_no_load	1	2	2	1218	
73	0	10	step_2_no_load	5	6	0.576063520885	0.636063269715	6	513	1	
73	0	11	step_1_no_load	1	2	2	502	
73	0	11	step_2_no_load	5	6	0.59022801242	0.609191465743	6	441	1	
73	0	12	step_1_no_load	1	2	2	590	
73	0	12	step_2_no_load	3	4	0.682786328054	0.48457206759	4	417	0	
73	0	13	step_1_no_load	1	2	1	301	
73	0	13	step_2_no_load	3	4	0.653587098421	0.52012981853	3	425	0	
73	0	14	step_1_no_load	1	2	1	436	
73	0	14	step_2_no_load	3	4	0.629137942344	0.491234392147	3	379	1	
73	0	15	step_1_no_load	1	2	1	222	
73	0	15	step_2_no_load	3	4	0.612260006668	0.505377237737	3	408	1	
73	0	16	step_1_no_load	1	2	1	263	
73	0	16	step_2_no_load	3	4	0.628091198119	0.510958036527	3	655	1	
73	0	17	step_1_no_load	1	2	1	201	
73	0	17	step_2_no_load	3	4	0.633350170016	0.535958400205	3	693	0	
73	0	18	step_1_no_load	1	2	1	1093	
73	0	18	step_2_no_load	3	4	0.626834332012	0.517514133912	3	958	1	
73	0	19	step_1_no_load	1	2	1	222	
73	0	19	step_2_no_load	5	6	0.644773170243	0.536502319591	6	889	1	
73	0	20	step_1_no_load	1	2	1	405	
73	0	20	step_2_no_load	3	4	0.636521555122	0.478025448397	3	697	0	
73	0	21	step_1_no_load	1	2	1	330	
73	0	21	step_2_no_load	3	4	0.630305464549	0.49769376036	3	239	0	
73	0	22	step_1_no_load	1	2	2	394	
73	0	22	step_2_no_load	5	6	0.618527126547	0.468700882609	6	272	0	
73	0	23	step_1_no_load	1	2	1	300	
73	0	23	step_2_no_load	3	4	0.640163623731	0.520606588181	3	422	1	
73	0	24	step_1_no_load	1	2	1	653	
73	0	24	step_2_no_load	3	4	0.582115115688	0.505388876622	3	1012	0	
73	0	25	step_1_no_load	1	2	1	213	
73	0	25	step_2_no_load	5	6	0.629917901014	0.503605105412	5	347	0	
73	0	26	step_1_no_load	1	2	1	267	
73	0	26	step_2_no_load	3	4	0.592410219737	0.511744353778	3	693	1	
73	0	27	step_1_no_load	1	2	1	292	
73	0	27	step_2_no_load	3	4	0.57860777711	0.507272671939	3	496	0	
73	0	28	step_1_no_load	1	2	1	526	
73	0	28	step_2_no_load	3	4	0.588356036098	0.520177259699	3	493	1	
73	0	29	step_1_no_load	1	2	1	305	
73	0	29	step_2_no_load	3	4	0.606613029227	0.521159009103	3	467	0	
73	0	30	step_1_no_load	1	2	1	723	
73	0	30	step_2_no_load	3	4	0.608245979832	0.4919199548	3	514	0	
73	0	31	step_1_no_load	1	2	1	819	
73	0	31	step_2_no_load	5	6	0.606122691795	0.541819886458	5	286	0	
73	0	32	step_1_no_load	1	2	1	359	
73	0	32	step_2_no_load	5	6	0.605616211083	0.522993086096	5	305	1	
73	0	33	step_1_no_load	1	2	1	458	
73	0	33	step_2_no_load	3	4	0.611700032906	0.487664344039	3	556	0	
73	0	34	step_1_no_load	1	2	2	266	
73	0	34	step_2_no_load	3	4	0.575802910074	0.454565258478	4	710	0	
73	0	35	step_1_no_load	1	2	1	239	
73	0	35	step_2_no_load	3	4	0.566827313385	0.491437207585	3	417	1	
73	0	36	step_1_no_load	1	2	1	588	
73	0	36	step_2_no_load	5	6	0.661229326326	0.611274573488	6	716	1	
73	0	37	step_1_no_load	1	2	1	575	
73	0	37	step_2_no_load	3	4	0.513822304161	0.543074626387	3	975	1	
73	0	38	step_1_no_load	1	2	1	495	
73	0	38	step_2_no_load	5	6	0.651263699161	0.595113730206	6	831	0	
73	0	39	step_1_no_load	1	2	1	397	
73	0	39	step_2_no_load	5	6	0.634483337633	0.610601635554	5	305	1	
73	0	40	step_1_no_load	1	2	1	502	
73	0	40	step_2_no_load	5	6	0.636994900683	0.607992802154	6	977	0	
73	0	41	step_1_no_load	1	2	1	396	
73	0	41	step_2_no_load	3	4	0.524862294848	0.583829055298	3	1010	1	
73	0	42	step_1_no_load	1	2	1	485	
73	0	42	step_2_no_load	5	6	0.606696263624	0.609164606591	5	626	0	
73	0	43	step_1_no_load	1	2	1	446	
73	0	43	step_2_no_load	3	4	0.553703096215	0.548128010644	3	623	1	
73	0	44	step_1_no_load	1	2	1	415	
73	0	44	step_2_no_load	3	4	0.541854396676	0.537842745081	3	793	1	
73	0	45	step_1_no_load	1	2	1	600	
73	0	45	step_2_no_load	3	4	0.579346234508	0.5288039409	3	735	0	
73	0	46	step_1_no_load	1	2	1	505	
73	0	46	step_2_no_load	3	4	0.55511883717	0.532238720495	3	276	1	
73	0	47	step_1_no_load	1	2	1	589	
73	0	47	step_2_no_load	3	4	0.546259467838	0.493112702321	3	585	0	
73	0	48	step_1_no_load	1	2	2	480	
73	0	48	step_2_no_load	5	6	0.657624935632	0.615767119776	6	578	0	
73	0	49	step_1_no_load	1	2	1	320	
73	0	49	step_2_no_load	5	6	0.614679490594	0.610193185592	5	685	0	
73	0	50	step_1_no_load	1	2	1	428	
73	0	50	step_2_no_load	5	6	0.593458480934	0.606862017918	6	852	0	
73	0	51	step_1_no_load	1	2	1	495	
73	0	51	step_2_no_load	5	6	0.613357430892	0.564866799699	6	678	0	
73	0	52	step_1_no_load	1	2	2	462	
73	0	52	step_2_no_load	3	4	0.513589895419	0.429622901875	3	1445	0	
73	0	53	step_1_no_load	1	2	1	447	
73	0	53	step_2_no_load	3	4	0.475342927439	0.451905460347	3	556	0	
73	0	54	step_1_no_load	1	2	2	328	
73	0	54	step_2_no_load	5	6	0.652515308527	0.570223904064	6	728	1	
73	0	55	step_1_no_load	1	2	2	990	
73	0	55	step_2_no_load	5	6	0.639840796975	0.574045915747	6	306	1	
73	0	56	step_1_no_load	1	2	2	295	
73	0	56	step_2_no_load	5	6	0.60038825769	0.601856598146	6	367	0	
73	0	57	step_1_no_load	1	2	1	225	
73	0	57	step_2_no_load	3	4	0.516475618243	0.466449077359	3	337	1	
73	0	58	step_1_no_load	1	2	1	229	
73	0	58	step_2_no_load	5	6	0.610896130115	0.664682809182	6	978	1	
73	0	59	step_1_no_load	1	2	1	396	
73	0	59	step_2_no_load	5	6	0.608951267756	0.632500293208	6	1001	1	
73	0	60	step_1_no_load	1	2	1	573	
73	0	60	step_2_no_load	3	4	0.479287247283	0.491916707098	3	426	0	
73	0	61	step_1_no_load	1	2	1	461	
73	0	61	step_2_no_load	3	4	0.527144452559	0.464268875813	3	278	0	
73	0	62	step_1_no_load	1	2	2	279	
73	0	62	step_2_no_load	5	6	0.622820395113	0.691137204746	6	1032	1	
73	0	63	step_1_no_load	1	2	2	645	
73	0	63	step_2_no_load	5	6	0.642623127313	0.664284493458	6	707	0	
73	0	64	step_1_no_load	1	2	1	270	
73	0	64	step_2_no_load	3	4	0.533849886794	0.555062911513	3	521	1	
73	0	65	step_1_no_load	1	2	1	410	
73	0	65	step_2_no_load	5	6	0.619953360065	0.612660225018	6	850	1	
73	0	66	step_1_no_load	1	2	1	505	
73	0	66	step_2_no_load	3	4	0.555324764318	0.573761869714	3	684	1	
73	0	67	step_1_no_load	1	2	1	986	
73	0	67	step_2_no_load	3	4	0.538279387614	0.542076810516	3	1094	0	
73	0	68	step_1_no_load	1	2	1	637	
73	0	68	step_2_no_load	3	4	0.523301545299	0.509127161919	3	672	0	
73	0	69	step_1_no_load	1	2	2	798	
73	0	69	step_2_no_load	5	6	0.718756538957	0.622221685203	6	298	1	
73	0	70	step_1_no_load	1	2	2	301	
73	0	70	step_2_no_load	5	6	0.697741832068	0.637556284465	6	314	1	
73	0	71	step_1_no_load	1	2	1	246	
73	0	71	step_2_no_load	3	4	0.546215110045	0.482863323776	3	442	0	
73	0	72	step_1_no_load	1	2	2	247	
73	0	72	step_2_no_load	3	4	0.556486305476	0.47409116389	4	402	0	
73	0	73	step_1_no_load	1	2	2	292	
73	0	73	step_2_no_load	3	4	0.50185699984	0.435957313805	3	943	0	
73	0	74	step_1_no_load	1	2	2	651	
73	0	74	step_2_no_load	5	6	0.693624670847	0.614462146454	6	653	0	
73	0	75	step_1_no_load	1	2	1	258	
73	0	75	step_2_no_load	3	4	0.483983914712	0.44832280175	3	265	0	
73	0	76	step_1_no_load	1	2	1	1025	
73	0	76	step_2_no_load	5	6	0.690117652944	0.62770291155	-1	-1	-1	
73	0	77	step_1_no_load	1	2	2	618	
73	0	77	step_2_no_load	5	6	0.679737625371	0.564257587118	6	336	1	
73	0	78	step_1_no_load	1	2	2	342	
73	0	78	step_2_no_load	5	6	0.647586191228	0.536711448352	6	462	0	
73	0	79	step_1_no_load	1	2	1	231	
73	0	79	step_2_no_load	5	6	0.647841624544	0.513695512795	5	466	0	
73	0	80	step_1_no_load	1	2	1	412	
73	0	80	step_2_no_load	3	4	0.49921021142	0.396016175285	4	912	1	
73	0	81	step_1_no_load	1	2	1	602	
73	0	81	step_2_no_load	3	4	0.494116554432	0.419265522488	4	508	0	
73	0	82	step_1_no_load	1	2	1	233	
73	0	82	step_2_no_load	3	4	0.482727017837	0.395813831323	3	292	0	
73	0	83	step_1_no_load	1	2	2	303	
73	0	83	step_2_no_load	5	6	0.726885136842	0.607907985871	6	743	0	
73	0	84	step_1_no_load	1	2	2	359	
73	0	84	step_2_no_load	5	6	0.731466635793	0.65843840156	5	736	1	
73	0	85	step_1_no_load	1	2	2	370	
73	0	85	step_2_no_load	5	6	0.712989604416	0.692384972752	5	389	1	
73	0	86	step_1_no_load	1	2	2	285	
73	0	86	step_2_no_load	3	4	0.486462788728	0.345323068124	3	459	1	
73	0	87	step_1_no_load	1	2	1	552	
73	0	87	step_2_no_load	3	4	0.493867001103	0.40000499778	3	340	0	
73	0	88	step_1_no_load	1	2	2	378	
73	0	88	step_2_no_load	3	4	0.509563243675	0.377947492322	4	1047	1	
73	0	89	step_1_no_load	1	2	2	666	
73	0	89	step_2_no_load	3	4	0.490019385174	0.415882489686	3	840	0	
73	0	90	step_1_no_load	1	2	1	37	
73	0	90	step_2_no_load	3	4	0.530126112124	0.411459496853	4	581	1	
73	0	91	step_1_no_load	1	2	2	414	
73	0	91	step_2_no_load	5	6	0.657820521772	0.685023809334	6	1331	0	
73	0	92	step_1_no_load	1	2	2	663	
73	0	92	step_2_no_load	5	6	0.679381608313	0.692406274724	5	387	0	
73	0	93	step_1_no_load	1	2	1	407	
73	0	93	step_2_no_load	5	6	0.662863370634	0.70415710998	6	492	0	
73	0	94	step_1_no_load	1	2	1	254	
73	0	94	step_2_no_load	5	6	0.668295023896	0.719464414227	5	865	1	
73	0	95	step_1_no_load	1	2	1	560	
73	0	95	step_2_no_load	3	4	0.42505578884	0.427150666411	4	619	1	
73	0	96	step_1_no_load	1	2	1	240	
73	0	96	step_2_no_load	3	4	0.437558890646	0.383038640121	4	500	0	
73	0	97	step_1_no_load	1	2	2	678	
73	0	97	step_2_no_load	3	4	0.455601814112	0.392885664353	3	803	0	
73	0	98	step_1_no_load	1	2	2	335	
73	0	98	step_2_no_load	3	4	0.431479829356	0.409778171713	4	1259	1	
73	0	99	step_1_no_load	1	2	2	619	
73	0	99	step_2_no_load	5	6	0.645191748454	0.673709850038	5	951	1	
73	0	100	step_1_no_load	1	2	2	581	
73	0	100	step_2_no_load	5	6	0.66579920021	0.666227451505	5	699	1	
73	0	101	step_1_no_load	1	2	2	432	
73	0	101	step_2_no_load	3	4	0.366879421891	0.497432607584	3	607	0	
73	0	102	step_1_no_load	1	2	2	744	
73	0	102	step_2_no_load	5	6	0.663124617603	0.666304534392	6	801	0	
73	0	103	step_1_no_load	1	2	2	467	
73	0	103	step_2_no_load	3	4	0.322834495838	0.481975449893	3	440	0	
73	0	104	step_1_no_load	1	2	2	523	
73	0	104	step_2_no_load	3	4	0.303696146503	0.521047445908	-1	-1	-1	
73	0	105	step_1_no_load	1	2	1	693	
73	0	105	step_2_no_load	3	4	0.352639603242	0.514318365187	4	521	1	
73	0	106	step_1_no_load	1	2	1	934	
73	0	106	step_2_no_load	3	4	0.374131494222	0.508908032404	4	589	0	
73	0	107	step_1_no_load	1	2	2	375	
73	0	107	step_2_no_load	5	6	0.677514185929	0.692607431435	5	451	1	
73	0	108	step_1_no_load	1	2	2	400	
73	0	108	step_2_no_load	5	6	0.681491063126	0.695928523711	5	518	1	
73	0	109	step_1_no_load	1	2	2	640	
73	0	109	step_2_no_load	5	6	0.68658494263	0.71632547018	5	668	1	
73	0	110	step_1_no_load	1	2	2	655	
73	0	110	step_2_no_load	5	6	0.65455226558	0.729599891941	5	420	1	
73	0	111	step_1_no_load	1	2	2	349	
73	0	111	step_2_no_load	3	4	0.407158158569	0.384948378665	4	1408	0	
73	0	112	step_1_no_load	1	2	2	453	
73	0	112	step_2_no_load	5	6	0.635252945963	0.725701866094	5	647	0	
73	0	113	step_1_no_load	1	2	1	356	
73	0	113	step_2_no_load	3	4	0.387112818105	0.370697120277	4	421	1	
73	0	114	step_1_no_load	1	2	1	366	
73	0	114	step_2_no_load	3	4	0.384736699284	0.380324086676	4	426	0	
73	0	115	step_1_no_load	1	2	2	379	
73	0	115	step_2_no_load	5	6	0.645721217949	0.739704344621	5	455	1	
73	0	116	step_1_no_load	1	2	2	278	
73	0	116	step_2_no_load	3	4	0.369438791876	0.378149844807	4	1277	0	
73	0	117	step_1_no_load	1	2	2	568	
73	0	117	step_2_no_load	3	4	0.363056877927	0.374621793791	3	1019	0	
73	0	118	step_1_no_load	1	2	2	381	
73	0	118	step_2_no_load	5	6	0.690484235012	0.740051715856	5	624	1	
73	0	119	step_1_no_load	1	2	2	338	
73	0	119	step_2_no_load	5	6	0.661177321751	0.690424535099	5	562	1	
73	0	120	step_1_no_load	1	2	2	587	
73	0	120	step_2_no_load	5	6	0.666433355915	0.70587238626	5	547	0	
73	0	121	step_1_no_load	1	2	2	772	
73	0	121	step_2_no_load	5	6	0.671052306195	0.658856304095	5	372	0	
73	0	122	step_1_no_load	1	2	1	284	
73	0	122	step_2_no_load	3	4	0.266650857402	0.329624572119	4	468	1	
73	0	123	step_1_no_load	1	2	1	309	
73	0	123	step_2_no_load	3	4	0.269780614928	0.337526896345	4	502	1	
73	0	124	step_1_no_load	1	2	1	480	
73	0	124	step_2_no_load	5	6	0.624161788269	0.603013298253	5	1044	0	
73	0	125	step_1_no_load	1	2	1	659	
73	0	125	step_2_no_load	5	6	0.633566302563	0.559596800931	6	947	1	
73	0	126	step_1_no_load	1	2	1	561	
73	0	126	step_2_no_load	5	6	0.600985760967	0.537863824328	6	773	1	
73	0	127	step_1_no_load	1	2	1	557	
73	0	127	step_2_no_load	5	6	0.646945556251	0.560824094575	6	655	1	
73	0	128	step_1_no_load	1	2	1	526	
73	0	128	step_2_no_load	3	4	0.260252451606	0.250790232267	3	905	0	
73	0	129	step_1_no_load	1	2	2	681	
73	0	129	step_2_no_load	5	6	0.632682846317	0.685297910719	5	576	0	
73	0	130	step_1_no_load	1	2	1	637	
73	0	130	step_2_no_load	3	4	0.267460866951	0.274560758494	3	694	0	
73	0	131	step_1_no_load	1	2	1	295	
73	0	131	step_2_no_load	3	4	0.281500842289	0.311475039155	4	452	1	
73	0	132	step_1_no_load	1	2	1	279	
73	0	132	step_2_no_load	3	4	0.27986961048	0.315328810424	4	446	0	
73	0	133	step_1_no_load	1	2	2	361	
73	0	133	step_2_no_load	3	4	0.315608831386	0.312642735495	3	571	0	
73	0	134	step_1_no_load	1	2	2	213	
73	0	134	step_2_no_load	3	4	0.287393715313	0.302839427162	4	893	1	
73	0	135	step_1_no_load	1	2	1	856	
73	0	135	step_2_no_load	5	6	0.700779221781	0.593710006149	5	708	1	
73	0	136	step_1_no_load	1	2	1	481	
73	0	136	step_2_no_load	5	6	0.674914008636	0.597814413435	5	692	1	
73	0	137	step_1_no_load	1	2	1	406	
73	0	137	step_2_no_load	3	4	0.346433498467	0.325016613024	4	604	1	
73	0	138	step_1_no_load	1	2	1	486	
73	0	138	step_2_no_load	3	4	0.366701525561	0.307694123906	4	811	0	
73	0	139	step_1_no_load	1	2	2	527	
73	0	139	step_2_no_load	5	6	0.696355985729	0.636630981281	5	1188	1	
73	0	140	step_1_no_load	1	2	2	426	
73	0	140	step_2_no_load	5	6	0.637682840728	0.671213945178	5	337	1	
73	0	141	step_1_no_load	1	2	2	329	
73	0	141	step_2_no_load	5	6	0.616803346728	0.711987889705	5	368	0	
73	0	142	step_1_no_load	1	2	1	715	
73	0	142	step_2_no_load	3	4	0.397052682821	0.304203281606	4	735	0	
73	0	143	step_1_no_load	1	2	1	234	
73	0	143	step_2_no_load	3	4	0.410970957547	0.313516825296	3	790	1	
73	0	144	step_1_no_load	1	2	1	387	
73	0	144	step_2_no_load	3	4	0.389234194056	0.275932517017	3	440	1	
73	0	145	step_1_no_load	1	2	1	293	
73	0	145	step_2_no_load	3	4	0.355256413269	0.266265924094	3	427	1	
73	0	146	step_1_no_load	1	2	1	233	
73	0	146	step_2_no_load	3	4	0.320877500969	0.257861956214	3	340	0	
73	0	147	step_1_no_load	1	2	2	358	
73	0	147	step_2_no_load	5	6	0.594861186319	0.647798886916	5	657	0	
73	0	148	step_1_no_load	1	2	2	264	
73	0	148	step_2_no_load	5	6	0.648050021239	0.619272702026	6	242	0	
73	0	149	step_1_no_load	1	2	1	267	
73	0	149	step_2_no_load	3	4	0.300290206122	0.269951834184	3	533	0	
73	0	150	step_1_no_load	1	2	1	278	
73	0	150	step_2_no_load	3	4	0.306860041627	0.305587692243	4	246	0	
73	0	151	step_1_no_load	1	2	1	220	
73	0	151	step_2_no_load	3	4	0.310557101463	0.348172164421	3	776	0	
73	0	152	step_1_no_load	1	2	2	287	
73	0	152	step_2_no_load	3	4	0.323194010514	0.307702500543	3	593	0	
73	0	153	step_1_no_load	1	2	2	296	
73	0	153	step_2_no_load	5	6	0.681559292085	0.613336203392	6	933	1	
73	0	154	step_1_no_load	1	2	2	318	
73	0	154	step_2_no_load	5	6	0.671672162443	0.638934099562	6	369	1	
73	0	155	step_1_no_load	1	2	2	241	
73	0	155	step_2_no_load	5	6	0.716100930629	0.632486591889	6	361	0	
73	0	156	step_1_no_load	1	2	1	293	
73	0	156	step_2_no_load	3	4	0.368378667812	0.32564867104	4	782	0	
73	0	157	step_1_no_load	1	2	1	209	
73	0	157	step_2_no_load	3	4	0.324728201487	0.350909357271	3	317	0	
73	0	158	step_1_no_load	1	2	2	322	
73	0	158	step_2_no_load	5	6	0.694270715354	0.532722108502	6	909	0	
73	0	159	step_1_no_load	1	2	2	371	
73	0	159	step_2_no_load	5	6	0.697903160072	0.541222065796	5	512	1	
73	0	160	step_1_no_load	1	2	2	305	
73	0	160	step_2_no_load	3	4	0.355992626298	0.415052912783	3	375	1	
73	0	161	step_1_no_load	1	2	2	470	
73	0	161	step_2_no_load	5	6	0.719896286569	0.516036498158	5	436	1	
73	0	162	step_1_no_load	1	2	2	813	
73	0	162	step_2_no_load	3	4	0.455329532209	0.3926701003	4	1036	0	
73	0	163	step_1_no_load	1	2	2	645	
73	0	163	step_2_no_load	5	6	0.697095951435	0.5863391277	5	381	1	
73	0	164	step_1_no_load	1	2	2	392	
73	0	164	step_2_no_load	3	4	0.430844125626	0.432761720497	4	1120	0	
73	0	165	step_1_no_load	1	2	2	365	
73	0	165	step_2_no_load	3	4	0.347974240867	0.463777557969	3	1001	0	
73	0	166	step_1_no_load	1	2	2	401	
73	0	166	step_2_no_load	5	6	0.686594248975	0.549095060025	6	1003	1	
73	0	167	step_1_no_load	1	2	2	569	
73	0	167	step_2_no_load	5	6	0.706271792549	0.585131062446	6	584	1	
73	0	168	step_1_no_load	1	2	2	367	
73	0	168	step_2_no_load	5	6	0.67192508984	0.613361520676	6	648	1	
73	0	169	step_1_no_load	1	2	2	296	
73	0	169	step_2_no_load	5	6	0.704981910944	0.586049140041	6	583	0	
73	0	170	step_1_no_load	1	2	2	398	
73	0	170	step_2_no_load	5	6	0.67334314737	0.57151385403	6	62	1	
73	0	171	step_1_no_load	1	2	2	346	
73	0	171	step_2_no_load	5	6	0.727248140829	0.553314431843	6	341	1	
73	0	172	step_1_no_load	1	2	2	273	
73	0	172	step_2_no_load	5	6	0.668669556875	0.519090471457	6	627	1	
73	0	173	step_1_no_load	1	2	2	492	
73	0	173	step_2_no_load	5	6	0.667027212577	0.484428109849	6	666	0	
73	0	174	step_1_no_load	1	2	2	582	
73	0	174	step_2_no_load	5	6	0.729877433725	0.472729524832	6	721	0	
73	0	175	step_1_no_load	1	2	2	351	
73	0	175	step_2_no_load	3	4	0.484825491933	0.426185553904	3	1146	1	
73	0	176	step_1_no_load	1	2	1	818	
73	0	176	step_2_no_load	3	4	0.500856457218	0.383231572002	3	621	0	
73	0	177	step_1_no_load	1	2	2	555	
73	0	177	step_2_no_load	5	6	0.714070205704	0.501268576771	6	389	1	
73	0	178	step_1_no_load	1	2	2	449	
73	0	178	step_2_no_load	5	6	0.705993797498	0.493712351915	6	556	0	
73	0	179	step_1_no_load	1	2	2	408	
73	0	179	step_2_no_load	5	6	0.709345707515	0.457298770028	6	535	1	
73	0	180	step_1_no_load	1	2	2	298	
73	0	180	step_2_no_load	3	4	0.489345734128	0.341214611607	4	576	0	
73	0	181	step_1_no_load	1	2	2	410	
73	0	181	step_2_no_load	3	4	0.480141179559	0.342402764747	3	740	0	
73	0	182	step_1_no_load	1	2	2	425	
73	0	182	step_2_no_load	5	6	0.72717560423	0.506773281362	6	720	1	
73	0	183	step_1_no_load	1	2	2	488	
73	0	183	step_2_no_load	5	6	0.720388040749	0.502991759047	6	702	1	
73	0	184	step_1_no_load	1	2	2	392	
73	0	184	step_2_no_load	5	6	0.657291439324	0.460890977786	6	581	0	
73	0	185	step_1_no_load	1	2	1	694	
73	0	185	step_2_no_load	3	4	0.482228039858	0.362611152222	3	443	1	
73	0	186	step_1_no_load	1	2	1	607	
73	0	186	step_2_no_load	5	6	0.656308636836	0.46870859828	6	1180	0	
73	0	187	step_1_no_load	1	2	1	321	
73	0	187	step_2_no_load	3	4	0.498596507669	0.328890769988	4	1095	0	
73	0	188	step_1_no_load	1	2	1	902	
73	0	188	step_2_no_load	3	4	0.548350535247	0.291508050861	4	1216	1	
73	0	189	step_1_no_load	1	2	1	548	
73	0	189	step_2_no_load	5	6	0.688353284054	0.448897869069	6	1091	1	
73	0	190	step_1_no_load	1	2	1	302	
73	0	190	step_2_no_load	3	4	0.505820429042	0.304557739386	3	349	1	
73	0	191	step_1_no_load	1	2	1	404	
73	0	191	step_2_no_load	5	6	0.664271461991	0.435748387321	6	1067	1	
73	0	192	step_1_no_load	1	2	1	614	
73	0	192	step_2_no_load	3	4	0.493851022417	0.299297135717	4	457	1	
73	0	193	step_1_no_load	1	2	1	357	
73	0	193	step_2_no_load	5	6	0.679792491164	0.440813209638	6	836	0	
73	0	194	step_1_no_load	1	2	1	306	
73	0	194	step_2_no_load	3	4	0.505359594715	0.342437174514	3	263	0	
73	0	195	step_1_no_load	1	2	1	297	
73	0	195	step_2_no_load	3	4	0.494102184238	0.348571348505	3	355	0	
73	0	196	step_1_no_load	1	2	2	417	
73	0	196	step_2_no_load	3	4	0.496717662777	0.365373286058	4	1330	0	
73	0	197	step_1_no_load	1	2	2	343	
73	0	197	step_2_no_load	5	6	0.686552522522	0.422511153127	6	637	1	
73	0	198	step_1_no_load	1	2	2	462	
73	0	198	step_2_no_load	3	4	0.485065498391	0.303352625941	4	266	0	
73	0	199	step_1_no_load	1	2	2	346	
73	0	199	step_2_no_load	5	6	0.73697129762	0.39793773834	6	566	0	
73	0	200	step_1_no_load	1	2	1	380	
73	0	200	step_2_no_load	3	4	0.507902534353	0.299128796668	3	684	0	

Sat Jul 22 15:33:40 2017
