Mon Jul 24 13:48:31 2017	
74	0	1	step_1_no_load	1	2	1	1208	
74	0	1	step_2_no_load	3	4	0.457620150462	0.511789129507	3	1469	1	
74	0	2	step_1_no_load	1	2	1	870	
74	0	2	step_2_no_load	3	4	0.474613197709	0.533203491871	3	362	0	
74	0	3	step_1_no_load	1	2	2	502	
74	0	3	step_2_no_load	5	6	0.584197065669	0.589215227351	5	777	0	
74	0	4	step_1_no_load	1	2	2	355	
74	0	4	step_2_no_load	5	6	0.597491569846	0.564086293706	6	306	0	
74	0	5	step_1_no_load	1	2	1	455	
74	0	5	step_2_no_load	5	6	0.623810210114	0.576104915614	-1	-1	-1	
74	0	6	step_1_no_load	1	2	1	1270	
74	0	6	step_2_no_load	3	4	0.506877622204	0.490454120702	4	1083	0	
74	0	7	step_1_no_load	1	2	1	665	
74	0	7	step_2_no_load	5	6	0.568656746487	0.622642364361	5	644	1	
74	0	8	step_1_no_load	1	2	1	403	
74	0	8	step_2_no_load	3	4	0.489816616396	0.499203529332	3	230	0	
74	0	9	step_1_no_load	1	2	1	471	
74	0	9	step_2_no_load	3	4	0.496546708465	0.54429228266	4	318	0	
74	0	10	step_1_no_load	1	2	2	578	
74	0	10	step_2_no_load	5	6	0.652626043146	0.636063269715	6	145	0	
74	0	11	step_1_no_load	1	2	2	586	
74	0	11	step_2_no_load	3	4	0.477013315682	0.59022801242	3	838	1	
74	0	12	step_1_no_load	1	2	2	446	
74	0	12	step_2_no_load	5	6	0.682786328054	0.552770607849	5	466	1	
74	0	13	step_1_no_load	1	2	2	345	
74	0	13	step_2_no_load	5	6	0.653587098421	0.558313135925	5	547	0	
74	0	14	step_1_no_load	1	2	2	1079	
74	0	14	step_2_no_load	5	6	0.629137942344	0.545555696267	6	357	1	
74	0	15	step_1_no_load	1	2	2	322	
74	0	15	step_2_no_load	5	6	0.612260006668	0.570419113221	6	298	1	
74	0	16	step_1_no_load	1	2	2	459	
74	0	16	step_2_no_load	3	4	0.510958036527	0.626326396372	4	266	1	
74	0	17	step_1_no_load	1	2	1	289	
74	0	17	step_2_no_load	3	4	0.535958400205	0.643116883134	4	431	1	
74	0	18	step_1_no_load	1	2	1	276	
74	0	18	step_2_no_load	3	4	0.517514133912	0.626895526976	4	299	1	
74	0	19	step_1_no_load	1	2	2	1139	
74	0	19	step_2_no_load	5	6	0.619895761657	0.536502319591	6	1105	0	
74	0	20	step_1_no_load	1	2	1	527	
74	0	20	step_2_no_load	3	4	0.478025448397	0.60665343963	3	378	1	
74	0	21	step_1_no_load	1	2	1	436	
74	0	21	step_2_no_load	3	4	0.49769376036	0.611328949295	3	530	0	
74	0	22	step_1_no_load	1	2	1	410	
74	0	22	step_2_no_load	5	6	0.621949894727	0.468700882609	6	386	0	
74	0	23	step_1_no_load	1	2	2	377	
74	0	23	step_2_no_load	3	4	0.520606588181	0.604065470975	4	1241	0	
74	0	24	step_1_no_load	1	2	2	406	
74	0	24	step_2_no_load	3	4	0.505388876622	0.5800912085	3	348	0	
74	0	25	step_1_no_load	1	2	1	363	
74	0	25	step_2_no_load	3	4	0.503316372362	0.629917901014	-1	-1	-1	
74	0	26	step_1_no_load	1	2	2	609	
74	0	26	step_2_no_load	3	4	0.511744353778	0.640635035276	4	599	0	
74	0	27	step_1_no_load	1	2	1	342	
74	0	27	step_2_no_load	5	6	0.57860777711	0.54756089792	6	1184	1	
74	0	28	step_1_no_load	1	2	1	347	
74	0	28	step_2_no_load	3	4	0.520177259699	0.647441527317	4	660	0	
74	0	29	step_1_no_load	1	2	1	254	
74	0	29	step_2_no_load	3	4	0.521159009103	0.618626354124	3	1029	1	
74	0	30	step_1_no_load	1	2	1	316	
74	0	30	step_2_no_load	5	6	0.608245979832	0.574272497114	5	313	1	
74	0	31	step_1_no_load	1	2	1	322	
74	0	31	step_2_no_load	3	4	0.483156722265	0.606122691795	3	315	1	
74	0	32	step_1_no_load	1	2	1	325	
74	0	32	step_2_no_load	3	4	0.520318771114	0.605616211083	3	323	0	
74	0	33	step_1_no_load	1	2	2	533	
74	0	33	step_2_no_load	3	4	0.487664344039	0.618000238621	4	1487	0	
74	0	34	step_1_no_load	1	2	2	303	
74	0	34	step_2_no_load	5	6	0.575802910074	0.538523758058	5	341	1	
74	0	35	step_1_no_load	1	2	2	306	
74	0	35	step_2_no_load	5	6	0.566827313385	0.594167768198	5	345	1	
74	0	36	step_1_no_load	1	2	1	405	
74	0	36	step_2_no_load	3	4	0.513210053121	0.661229326326	4	892	0	
74	0	37	step_1_no_load	1	2	2	300	
74	0	37	step_2_no_load	5	6	0.513822304161	0.598446394142	5	468	1	
74	0	38	step_1_no_load	1	2	2	545	
74	0	38	step_2_no_load	5	6	0.539078491643	0.595113730206	5	433	1	
74	0	39	step_1_no_load	1	2	2	373	
74	0	39	step_2_no_load	5	6	0.557005857101	0.610601635554	5	395	1	
74	0	40	step_1_no_load	1	2	2	400	
74	0	40	step_2_no_load	5	6	0.580760785074	0.607992802154	5	370	1	
74	0	41	step_1_no_load	1	2	2	365	
74	0	41	step_2_no_load	5	6	0.524862294848	0.588857868869	5	302	1	
74	0	42	step_1_no_load	1	2	1	289	
74	0	42	step_2_no_load	5	6	0.533857158543	0.609164606591	5	894	0	
74	0	43	step_1_no_load	1	2	1	364	
74	0	43	step_2_no_load	3	4	0.548128010644	0.581931546759	4	244	1	
74	0	44	step_1_no_load	1	2	1	426	
74	0	44	step_2_no_load	3	4	0.537842745081	0.589653131867	4	340	1	
74	0	45	step_1_no_load	1	2	1	606	
74	0	45	step_2_no_load	5	6	0.579346234508	0.632991467829	6	370	1	
74	0	46	step_1_no_load	1	2	1	401	
74	0	46	step_2_no_load	3	4	0.532238720495	0.654261318712	3	1119	0	
74	0	47	step_1_no_load	1	2	2	608	
74	0	47	step_2_no_load	5	6	0.546259467838	0.598724660986	5	425	0	
74	0	48	step_1_no_load	1	2	2	1129	
74	0	48	step_2_no_load	3	4	0.488280685105	0.657624935632	3	1354	1	
74	0	49	step_1_no_load	1	2	2	364	
74	0	49	step_2_no_load	5	6	0.512405963374	0.610193185592	5	476	0	
74	0	50	step_1_no_load	1	2	2	1041	
74	0	50	step_2_no_load	3	4	0.47381367271	0.593458480934	-1	-1	-1	
74	0	51	step_1_no_load	1	2	2	497	
74	0	51	step_2_no_load	5	6	0.508197321577	0.564866799699	6	278	0	
74	0	52	step_1_no_load	1	2	2	402	
74	0	52	step_2_no_load	3	4	0.429622901875	0.613408921915	3	342	1	
74	0	53	step_1_no_load	1	2	2	453	
74	0	53	step_2_no_load	3	4	0.451905460347	0.630956764252	3	242	0	
74	0	54	step_1_no_load	1	2	2	433	
74	0	54	step_2_no_load	5	6	0.493362545513	0.570223904064	6	742	0	
74	0	55	step_1_no_load	1	2	1	292	
74	0	55	step_2_no_load	3	4	0.487025527704	0.639840796975	3	909	0	
74	0	56	step_1_no_load	1	2	1	417	
74	0	56	step_2_no_load	3	4	0.459773408493	0.60038825769	4	327	1	
74	0	57	step_1_no_load	1	2	1	365	
74	0	57	step_2_no_load	3	4	0.466449077359	0.586335094239	4	311	1	
74	0	58	step_1_no_load	1	2	1	364	
74	0	58	step_2_no_load	5	6	0.528376440027	0.664682809182	6	295	1	
74	0	59	step_1_no_load	1	2	1	430	
74	0	59	step_2_no_load	3	4	0.480274332693	0.608951267756	4	360	1	
74	0	60	step_1_no_load	1	2	1	536	
74	0	60	step_2_no_load	3	4	0.491916707098	0.599559577859	4	297	0	
74	0	61	step_1_no_load	1	2	2	310	
74	0	61	step_2_no_load	5	6	0.527144452559	0.669587072502	5	880	0	
74	0	62	step_1_no_load	1	2	2	0	
74	0	62	step_2_no_load	5	6	0.533031417444	0.691137204746	6	367	1	
74	0	63	step_1_no_load	1	2	2	173	
74	0	63	step_2_no_load	5	6	0.519445130796	0.664284493458	6	269	1	
74	0	64	step_1_no_load	1	2	2	533	
74	0	64	step_2_no_load	3	4	0.555062911513	0.626149195169	4	435	1	
74	0	65	step_1_no_load	1	2	2	339	
74	0	65	step_2_no_load	5	6	0.517687993213	0.612660225018	6	240	0	
74	0	66	step_1_no_load	1	2	1	453	
74	0	66	step_2_no_load	3	4	0.573761869714	0.630357351236	3	1340	0	
74	0	67	step_1_no_load	1	2	1	326	
74	0	67	step_2_no_load	5	6	0.538279387614	0.597650193897	6	1367	1	
74	0	68	step_1_no_load	1	2	2	1121	
74	0	68	step_2_no_load	3	4	0.509127161919	0.719455209845	4	736	0	
74	0	69	step_1_no_load	1	2	2	834	
74	0	69	step_2_no_load	3	4	0.499137600991	0.718756538957	3	652	1	
74	0	70	step_1_no_load	1	2	2	409	
74	0	70	step_2_no_load	5	6	0.548075770764	0.637556284465	5	257	0	
74	0	71	step_1_no_load	1	2	2	233	
74	0	71	step_2_no_load	3	4	0.482863323776	0.706816191949	3	281	0	
74	0	72	step_1_no_load	1	2	1	405	
74	0	72	step_2_no_load	3	4	0.47409116389	0.705884789502	4	773	0	
74	0	73	step_1_no_load	1	2	1	447	
74	0	73	step_2_no_load	3	4	0.435957313805	0.727961155836	3	343	1	
74	0	74	step_1_no_load	1	2	1	472	
74	0	74	step_2_no_load	5	6	0.491044983779	0.614462146454	5	460	1	
74	0	75	step_1_no_load	1	2	1	529	
74	0	75	step_2_no_load	3	4	0.44832280175	0.697629587097	3	584	1	
74	0	76	step_1_no_load	1	2	1	320	
74	0	76	step_2_no_load	3	4	0.488583631821	0.690117652944	4	1320	1	
74	0	77	step_1_no_load	1	2	1	403	
74	0	77	step_2_no_load	3	4	0.446809557226	0.679737625371	4	1168	1	
74	0	78	step_1_no_load	1	2	2	1416	
74	0	78	step_2_no_load	5	6	0.538654072849	0.536711448352	6	818	1	
74	0	79	step_1_no_load	1	2	2	399	
74	0	79	step_2_no_load	5	6	0.540085062695	0.513695512795	6	241	0	
74	0	80	step_1_no_load	1	2	2	406	
74	0	80	step_2_no_load	3	4	0.396016175285	0.703969305517	4	385	1	
74	0	81	step_1_no_load	1	2	2	458	
74	0	81	step_2_no_load	5	6	0.494116554432	0.529745690463	6	819	0	
74	0	82	step_1_no_load	1	2	1	461	
74	0	82	step_2_no_load	5	6	0.482727017837	0.564729328387	5	860	0	
74	0	83	step_1_no_load	1	2	1	396	
74	0	83	step_2_no_load	3	4	0.382772464038	0.726885136842	4	255	0	
74	0	84	step_1_no_load	1	2	1	242	
74	0	84	step_2_no_load	3	4	0.385087938645	0.731466635793	3	274	0	
74	0	85	step_1_no_load	1	2	2	392	
74	0	85	step_2_no_load	3	4	0.384458259121	0.712989604416	4	584	1	
74	0	86	step_1_no_load	1	2	2	324	
74	0	86	step_2_no_load	5	6	0.486462788728	0.691782850001	6	248	0	
74	0	87	step_1_no_load	1	2	2	583	
74	0	87	step_2_no_load	5	6	0.493867001103	0.719375344246	5	352	0	
74	0	88	step_1_no_load	1	2	2	403	
74	0	88	step_2_no_load	5	6	0.509563243675	0.717410082358	6	413	1	
74	0	89	step_1_no_load	1	2	2	402	
74	0	89	step_2_no_load	5	6	0.490019385174	0.690772436485	6	416	0	
74	0	90	step_1_no_load	1	2	1	399	
74	0	90	step_2_no_load	3	4	0.411459496853	0.688736868033	4	786	1	
74	0	91	step_1_no_load	1	2	1	517	
74	0	91	step_2_no_load	3	4	0.43534164751	0.657820521772	4	513	1	
74	0	92	step_1_no_load	1	2	1	496	
74	0	92	step_2_no_load	3	4	0.444368850664	0.679381608313	4	758	1	
74	0	93	step_1_no_load	1	2	2	667	
74	0	93	step_2_no_load	5	6	0.473273727684	0.70415710998	5	696	1	
74	0	94	step_1_no_load	1	2	2	427	
74	0	94	step_2_no_load	3	4	0.429211756872	0.668295023896	3	342	1	
74	0	95	step_1_no_load	1	2	2	673	
74	0	95	step_2_no_load	5	6	0.42505578884	0.715495469274	5	476	1	
74	0	96	step_1_no_load	1	2	2	245	
74	0	96	step_2_no_load	5	6	0.437558890646	0.693739812506	5	513	0	
74	0	97	step_1_no_load	1	2	1	448	
74	0	97	step_2_no_load	3	4	0.392885664353	0.651202057411	3	1190	0	
74	0	98	step_1_no_load	1	2	1	655	
74	0	98	step_2_no_load	5	6	0.431479829356	0.70287861952	6	360	1	
74	0	99	step_1_no_load	1	2	1	261	
74	0	99	step_2_no_load	5	6	0.375249961522	0.673709850038	6	261	1	
74	0	100	step_1_no_load	1	2	1	373	
74	0	100	step_2_no_load	3	4	0.4333505304	0.66579920021	4	491	0	
74	0	101	step_1_no_load	1	2	2	424	
74	0	101	step_2_no_load	3	4	0.497432607584	0.655903528958	4	680	0	
74	0	102	step_1_no_load	1	2	2	475	
74	0	102	step_2_no_load	5	6	0.326080462175	0.666304534392	5	434	0	
74	0	103	step_1_no_load	1	2	2	984	
74	0	103	step_2_no_load	5	6	0.322834495838	0.663997796029	6	707	1	
74	0	104	step_1_no_load	1	2	2	1347	
74	0	104	step_2_no_load	3	4	0.521047445908	0.743372642809	4	515	1	
74	0	105	step_1_no_load	1	2	2	419	
74	0	105	step_2_no_load	5	6	0.352639603242	0.689135357059	6	278	1	
74	0	106	step_1_no_load	1	2	1	707	
74	0	106	step_2_no_load	5	6	0.374131494222	0.712883638252	6	1484	1	
74	0	107	step_1_no_load	1	2	1	482	
74	0	107	step_2_no_load	3	4	0.565220528809	0.677514185929	4	364	1	
74	0	108	step_1_no_load	1	2	1	495	
74	0	108	step_2_no_load	3	4	0.526955028982	0.681491063126	4	240	1	
74	0	109	step_1_no_load	1	2	2	234	
74	0	109	step_2_no_load	3	4	0.479977531501	0.68658494263	4	809	1	
74	0	110	step_1_no_load	1	2	2	459	
74	0	110	step_2_no_load	3	4	0.432626681236	0.65455226558	4	464	1	
74	0	111	step_1_no_load	1	2	2	393	
74	0	111	step_2_no_load	3	4	0.384948378665	0.634599547742	4	584	1	
74	0	112	step_1_no_load	1	2	1	487	
74	0	112	step_2_no_load	3	4	0.392887565883	0.635252945963	4	1011	0	
74	0	113	step_1_no_load	1	2	1	341	
74	0	113	step_2_no_load	5	6	0.387112818105	0.719324307956	5	431	0	
74	0	114	step_1_no_load	1	2	1	0	
74	0	114	step_2_no_load	3	4	0.380324086676	0.657654904272	3	55	1	
74	0	115	step_1_no_load	1	2	1	383	
74	0	115	step_2_no_load	3	4	0.390027643099	0.645721217949	3	457	1	
74	0	116	step_1_no_load	1	2	1	820	
74	0	116	step_2_no_load	3	4	0.378149844807	0.680124293449	3	624	0	
74	0	117	step_1_no_load	1	2	2	406	
74	0	117	step_2_no_load	3	4	0.374621793791	0.671842537277	4	673	1	
74	0	118	step_1_no_load	1	2	2	849	
74	0	118	step_2_no_load	5	6	0.362977115924	0.740051715856	6	241	1	
74	0	119	step_1_no_load	1	2	2	583	
74	0	119	step_2_no_load	5	6	0.358243439099	0.690424535099	6	224	1	
74	0	120	step_1_no_load	1	2	1	560	
74	0	120	step_2_no_load	3	4	0.370150243662	0.666433355915	3	922	1	
74	0	121	step_1_no_load	1	2	1	492	
74	0	121	step_2_no_load	3	4	0.352721767208	0.671052306195	3	559	0	
74	0	122	step_1_no_load	1	2	1	300	
74	0	122	step_2_no_load	3	4	0.329624572119	0.672193618854	4	470	1	
74	0	123	step_1_no_load	1	2	1	403	
74	0	123	step_2_no_load	5	6	0.269780614928	0.583607229978	6	366	0	
74	0	124	step_1_no_load	1	2	1	293	
74	0	124	step_2_no_load	5	6	0.26095206597	0.603013298253	6	452	1	
74	0	125	step_1_no_load	1	2	1	282	
74	0	125	step_2_no_load	5	6	0.290374841566	0.559596800931	6	276	1	
74	0	126	step_1_no_load	1	2	1	419	
74	0	126	step_2_no_load	3	4	0.300846667696	0.600985760967	4	474	0	
74	0	127	step_1_no_load	1	2	2	552	
74	0	127	step_2_no_load	5	6	0.273483952592	0.560824094575	6	492	1	
74	0	128	step_1_no_load	1	2	2	615	
74	0	128	step_2_no_load	5	6	0.260252451606	0.636905534066	6	654	1	
74	0	129	step_1_no_load	1	2	2	688	
74	0	129	step_2_no_load	3	4	0.271709703542	0.632682846317	4	530	1	
74	0	130	step_1_no_load	1	2	1	1053	
74	0	130	step_2_no_load	3	4	0.274560758494	0.630285316669	3	662	1	
74	0	131	step_1_no_load	1	2	1	405	
74	0	131	step_2_no_load	3	4	0.311475039155	0.638450601212	3	406	0	
74	0	132	step_1_no_load	1	2	1	291	
74	0	132	step_2_no_load	3	4	0.315328810424	0.660013924697	4	531	1	
74	0	133	step_1_no_load	1	2	1	373	
74	0	133	step_2_no_load	3	4	0.312642735495	0.691649444281	4	515	1	
74	0	134	step_1_no_load	1	2	1	619	
74	0	134	step_2_no_load	5	6	0.287393715313	0.621945110858	6	825	0	
74	0	135	step_1_no_load	1	2	-1	-1	
74	0	136	step_1_no_load	1	2	2	1500	
74	0	136	step_2_no_load	5	6	0.307766925452	0.597814413435	-1	-1	-1	
74	0	137	step_1_no_load	1	2	1	627	
74	0	137	step_2_no_load	3	4	0.325016613024	0.668540846495	4	411	1	
74	0	138	step_1_no_load	1	2	1	338	
74	0	138	step_2_no_load	5	6	0.366701525561	0.63240964674	6	357	1	
74	0	139	step_1_no_load	1	2	1	376	
74	0	139	step_2_no_load	3	4	0.323660750961	0.696355985729	4	578	1	
74	0	140	step_1_no_load	1	2	2	494	
74	0	140	step_2_no_load	3	4	0.328174526491	0.637682840728	4	481	1	
74	0	141	step_1_no_load	1	2	2	584	
74	0	141	step_2_no_load	5	6	0.390227133375	0.711987889705	6	802	1	
74	0	142	step_1_no_load	1	2	2	529	
74	0	142	step_2_no_load	5	6	0.397052682821	0.690276058009	6	840	1	
74	0	143	step_1_no_load	1	2	2	777	
74	0	143	step_2_no_load	5	6	0.410970957547	0.661365099615	6	418	0	
74	0	144	step_1_no_load	1	2	1	545	
74	0	144	step_2_no_load	3	4	0.275932517017	0.639347300184	4	970	1	
74	0	145	step_1_no_load	1	2	1	638	
74	0	145	step_2_no_load	3	4	0.266265924094	0.606515632748	4	428	1	
74	0	146	step_1_no_load	1	2	1	849	
74	0	146	step_2_no_load	3	4	0.257861956214	0.593778463268	4	582	0	
74	0	147	step_1_no_load	1	2	2	455	
74	0	147	step_2_no_load	5	6	0.352879785946	0.647798886916	5	1052	0	
74	0	148	step_1_no_load	1	2	2	316	
74	0	148	step_2_no_load	5	6	0.311162711725	0.619272702026	6	483	1	
74	0	149	step_1_no_load	1	2	2	525	
74	0	149	step_2_no_load	3	4	0.269951834184	0.623203869836	4	423	1	
74	0	150	step_1_no_load	1	2	2	547	
74	0	150	step_2_no_load	5	6	0.306860041627	0.575985663078	6	478	1	
74	0	151	step_1_no_load	1	2	1	1207	
74	0	151	step_2_no_load	3	4	0.348172164421	0.614159737668	4	925	1	
74	0	152	step_1_no_load	1	2	1	658	
74	0	152	step_2_no_load	3	4	0.307702500543	0.644204174791	4	914	1	
74	0	153	step_1_no_load	1	2	1	606	
74	0	153	step_2_no_load	3	4	0.309356532263	0.681559292085	4	661	1	
74	0	154	step_1_no_load	1	2	2	539	
74	0	154	step_2_no_load	5	6	0.348349389262	0.638934099562	5	605	0	
74	0	155	step_1_no_load	1	2	2	271	
74	0	155	step_2_no_load	5	6	0.372188990474	0.632486591889	6	373	0	
74	0	156	step_1_no_load	1	2	1	516	
74	0	156	step_2_no_load	3	4	0.32564867104	0.734436160799	4	780	1	
74	0	157	step_1_no_load	1	2	1	533	
74	0	157	step_2_no_load	5	6	0.324728201487	0.585191807512	6	293	1	
74	0	158	step_1_no_load	1	2	1	741	
74	0	158	step_2_no_load	3	4	0.408728803896	0.694270715354	4	313	1	
74	0	159	step_1_no_load	1	2	2	419	
74	0	159	step_2_no_load	5	6	0.321150411254	0.541222065796	5	1216	0	
74	0	160	step_1_no_load	1	2	2	249	
74	0	160	step_2_no_load	5	6	0.355992626298	0.521229931064	6	274	0	
74	0	161	step_1_no_load	1	2	2	732	
74	0	161	step_2_no_load	5	6	0.438878285506	0.516036498158	5	429	1	
74	0	162	step_1_no_load	1	2	2	450	
74	0	162	step_2_no_load	5	6	0.455329532209	0.566496468084	5	714	1	
74	0	163	step_1_no_load	1	2	2	450	
74	0	163	step_2_no_load	3	4	0.395221309311	0.697095951435	3	1143	0	
74	0	164	step_1_no_load	1	2	1	339	
74	0	164	step_2_no_load	3	4	0.432761720497	0.692137394606	4	674	1	
74	0	165	step_1_no_load	1	2	1	370	
74	0	165	step_2_no_load	5	6	0.347974240867	0.538026607649	6	408	1	
74	0	166	step_1_no_load	1	2	1	862	
74	0	166	step_2_no_load	5	6	0.356317216644	0.549095060025	6	508	1	
74	0	167	step_1_no_load	1	2	1	272	
74	0	167	step_2_no_load	3	4	0.38753671275	0.706271792549	4	823	1	
74	0	168	step_1_no_load	1	2	2	1057	
74	0	168	step_2_no_load	5	6	0.335777599654	0.613361520676	5	1372	1	
74	0	169	step_1_no_load	1	2	2	378	
74	0	169	step_2_no_load	5	6	0.365156560071	0.586049140041	6	1245	1	
74	0	170	step_1_no_load	1	2	1	462	
74	0	170	step_2_no_load	5	6	0.364989630435	0.57151385403	6	810	0	
74	0	171	step_1_no_load	1	2	2	298	
74	0	171	step_2_no_load	5	6	0.425122034074	0.553314431843	6	767	0	
74	0	172	step_1_no_load	1	2	1	260	
74	0	172	step_2_no_load	3	4	0.363617002148	0.668669556875	3	310	0	
74	0	173	step_1_no_load	1	2	1	243	
74	0	173	step_2_no_load	3	4	0.385349297983	0.667027212577	4	399	1	
74	0	174	step_1_no_load	1	2	1	419	
74	0	174	step_2_no_load	3	4	0.387867297446	0.729877433725	4	261	1	
74	0	175	step_1_no_load	1	2	1	613	
74	0	175	step_2_no_load	3	4	0.426185553904	0.693968268443	4	284	1	
74	0	176	step_1_no_load	1	2	2	398	
74	0	176	step_2_no_load	5	6	0.500856457218	0.474046874473	6	1337	1	
74	0	177	step_1_no_load	1	2	2	478	
74	0	177	step_2_no_load	5	6	0.4798184927	0.501268576771	6	555	1	
74	0	178	step_1_no_load	1	2	2	808	
74	0	178	step_2_no_load	5	6	0.49020858644	0.493712351915	6	606	0	
74	0	179	step_1_no_load	1	2	2	715	
74	0	179	step_2_no_load	3	4	0.324685418097	0.709345707515	4	912	1	
74	0	180	step_1_no_load	1	2	2	430	
74	0	180	step_2_no_load	5	6	0.489345734128	0.482853857291	6	497	1	
74	0	181	step_1_no_load	1	2	2	488	
74	0	181	step_2_no_load	3	4	0.342402764747	0.746910336326	4	690	1	
74	0	182	step_1_no_load	1	2	1	981	
74	0	182	step_2_no_load	3	4	0.340533666308	0.72717560423	4	1076	1	
74	0	183	step_1_no_load	1	2	1	702	
74	0	183	step_2_no_load	5	6	0.492742497507	0.502991759047	6	384	0	
74	0	184	step_1_no_load	1	2	2	357	
74	0	184	step_2_no_load	5	6	0.480863422096	0.460890977786	6	875	0	
74	0	185	step_1_no_load	1	2	2	345	
74	0	185	step_2_no_load	5	6	0.482228039858	0.479703516092	5	395	1	
74	0	186	step_1_no_load	1	2	2	496	
74	0	186	step_2_no_load	5	6	0.484672582719	0.46870859828	5	865	0	
74	0	187	step_1_no_load	1	2	1	778	
74	0	187	step_2_no_load	3	4	0.328890769988	0.678211978625	4	1295	1	
74	0	188	step_1_no_load	1	2	1	950	
74	0	188	step_2_no_load	3	4	0.291508050861	0.696362660087	4	667	1	
74	0	189	step_1_no_load	1	2	1	757	
74	0	189	step_2_no_load	3	4	0.285168135955	0.688353284054	4	261	1	
74	0	190	step_1_no_load	1	2	1	398	
74	0	190	step_2_no_load	5	6	0.505820429042	0.433568856946	5	1018	0	
74	0	191	step_1_no_load	1	2	2	367	
74	0	191	step_2_no_load	5	6	0.512103523931	0.435748387321	5	1164	0	
74	0	192	step_1_no_load	1	2	2	435	
74	0	192	step_2_no_load	3	4	0.299297135717	0.705517419189	4	886	1	
74	0	193	step_1_no_load	1	2	2	464	
74	0	193	step_2_no_load	5	6	0.504944704439	0.440813209638	6	453	1	
74	0	194	step_1_no_load	1	2	2	772	
74	0	194	step_2_no_load	3	4	0.342437174514	0.655261361454	4	563	1	
74	0	195	step_1_no_load	1	2	2	641	
74	0	195	step_2_no_load	5	6	0.494102184238	0.466795336969	5	1105	1	
74	0	196	step_1_no_load	1	2	2	653	
74	0	196	step_2_no_load	3	4	0.365373286058	0.695101215304	4	1204	1	
74	0	197	step_1_no_load	1	2	2	763	
74	0	197	step_2_no_load	5	6	0.47786945426	0.422511153127	5	586	0	
74	0	198	step_1_no_load	1	2	2	537	
74	0	198	step_2_no_load	3	4	0.303352625941	0.68660989813	4	820	1	
74	0	199	step_1_no_load	1	2	2	412	
74	0	199	step_2_no_load	5	6	0.529438031858	0.39793773834	6	467	0	
74	0	200	step_1_no_load	1	2	2	339	
74	0	200	step_2_no_load	5	6	0.507902534353	0.372436949782	5	447	0	

Mon Jul 24 14:10:09 2017
