Mon Jul 24 17:39:31 2017	
76	0	1	step_1_no_load	1	2	1	793	
76	0	1	step_2_no_load	3	4	0.598297890399	0.594299910136	3	661	1	
76	0	2	step_1_no_load	1	2	1	578	
76	0	2	step_2_no_load	3	4	0.580156942153	0.610961032466	3	618	0	
76	0	3	step_1_no_load	1	2	2	599	
76	0	3	step_2_no_load	3	4	0.584197065669	0.589215227351	4	839	0	
76	0	4	step_1_no_load	1	2	1	605	
76	0	4	step_2_no_load	3	4	0.597491569846	0.564086293706	3	804	1	
76	0	5	step_1_no_load	1	2	1	695	
76	0	5	step_2_no_load	3	4	0.623810210114	0.576104915614	3	853	0	
76	0	6	step_1_no_load	1	2	1	655	
76	0	6	step_2_no_load	3	4	0.585722686883	0.603642866427	4	697	0	
76	0	7	step_1_no_load	1	2	1	644	
76	0	7	step_2_no_load	3	4	0.568656746487	0.622642364361	3	858	1	
76	0	8	step_1_no_load	1	2	1	689	
76	0	8	step_2_no_load	5	6	0.489816616396	0.499203529332	6	712	1	
76	0	9	step_1_no_load	1	2	1	523	
76	0	9	step_2_no_load	5	6	0.496546708465	0.54429228266	6	816	1	
76	0	10	step_1_no_load	1	2	1	422	
76	0	10	step_2_no_load	3	4	0.652626043146	0.636063269715	4	1183	1	
76	0	11	step_1_no_load	1	2	1	632	
76	0	11	step_2_no_load	3	4	0.69163818036	0.609191465743	3	994	0	
76	0	12	step_1_no_load	1	2	1	544	
76	0	12	step_2_no_load	3	4	0.682786328054	0.552770607849	4	1138	1	
76	0	13	step_1_no_load	1	2	1	1129	
76	0	13	step_2_no_load	5	6	0.52012981853	0.595790490356	6	1167	0	
76	0	14	step_1_no_load	1	2	1	933	
76	0	14	step_2_no_load	3	4	0.629137942344	0.545555696267	4	1181	1	
76	0	15	step_1_no_load	1	2	1	819	
76	0	15	step_2_no_load	3	4	0.612260006668	0.570419113221	4	706	1	
76	0	16	step_1_no_load	1	2	1	834	
76	0	16	step_2_no_load	3	4	0.628091198119	0.553308964466	4	800	1	
76	0	17	step_1_no_load	1	2	1	573	
76	0	17	step_2_no_load	3	4	0.633350170016	0.562895132605	4	678	0	
76	0	18	step_1_no_load	1	2	1	569	
76	0	18	step_2_no_load	5	6	0.517514133912	0.626895526976	6	1363	1	
76	0	19	step_1_no_load	1	2	1	1425	
76	0	19	step_2_no_load	5	6	0.498240186199	0.644773170243	6	734	0	
76	0	20	step_1_no_load	1	2	2	580	
76	0	20	step_2_no_load	3	4	0.636521555122	0.491720931314	3	1138	1	
76	0	21	step_1_no_load	1	2	1	1410	
76	0	21	step_2_no_load	3	4	0.630305464549	0.470207377245	3	992	1	
76	0	22	step_1_no_load	1	2	1	673	
76	0	22	step_2_no_load	3	4	0.621949894727	0.468700882609	3	340	0	
76	0	23	step_1_no_load	1	2	1	402	
76	0	23	step_2_no_load	3	4	0.640163623731	0.513759772011	4	430	0	
76	0	24	step_1_no_load	1	2	1	1441	
76	0	24	step_2_no_load	3	4	0.582115115688	0.503316199018	3	472	0	
76	0	25	step_1_no_load	1	2	1	465	
76	0	25	step_2_no_load	3	4	0.565698722896	0.503605105412	4	537	0	
76	0	26	step_1_no_load	1	2	2	895	
76	0	26	step_2_no_load	5	6	0.511744353778	0.640635035276	6	763	0	
76	0	27	step_1_no_load	1	2	1	445	
76	0	27	step_2_no_load	3	4	0.57860777711	0.54756089792	3	952	1	
76	0	28	step_1_no_load	1	2	1	1327	
76	0	28	step_2_no_load	5	6	0.520177259699	0.647441527317	6	730	1	
76	0	29	step_1_no_load	1	2	2	533	
76	0	29	step_2_no_load	5	6	0.521159009103	0.618626354124	6	568	1	
76	0	30	step_1_no_load	1	2	2	471	
76	0	30	step_2_no_load	5	6	0.4919199548	0.610227092493	6	568	1	
76	0	31	step_1_no_load	1	2	2	401	
76	0	31	step_2_no_load	5	6	0.483156722265	0.606122691795	6	316	0	
76	0	32	step_1_no_load	1	2	1	63	
76	0	32	step_2_no_load	3	4	0.634585171267	0.522993086096	3	655	1	
76	0	33	step_1_no_load	1	2	1	564	
76	0	33	step_2_no_load	5	6	0.487664344039	0.618000238621	5	449	1	
76	0	34	step_1_no_load	1	2	1	401	
76	0	34	step_2_no_load	5	6	0.454565258478	0.670290552209	5	397	1	
76	0	35	step_1_no_load	1	2	1	418	
76	0	35	step_2_no_load	3	4	0.566827313385	0.594167768198	3	356	1	
76	0	36	step_1_no_load	1	2	1	475	
76	0	36	step_2_no_load	3	4	0.527635087561	0.611274573488	3	376	0	
76	0	37	step_1_no_load	1	2	1	510	
76	0	37	step_2_no_load	3	4	0.513822304161	0.598446394142	4	382	1	
76	0	38	step_1_no_load	1	2	1	424	
76	0	38	step_2_no_load	5	6	0.553931241266	0.651263699161	6	1333	1	
76	0	39	step_1_no_load	1	2	2	529	
76	0	39	step_2_no_load	5	6	0.578640235206	0.634483337633	5	762	1	
76	0	40	step_1_no_load	1	2	2	526	
76	0	40	step_2_no_load	5	6	0.5691386571	0.636994900683	5	530	1	
76	0	41	step_1_no_load	1	2	2	628	
76	0	41	step_2_no_load	3	4	0.524862294848	0.588857868869	4	769	1	
76	0	42	step_1_no_load	1	2	2	729	
76	0	42	step_2_no_load	3	4	0.533857158543	0.609164606591	4	641	0	
76	0	43	step_1_no_load	1	2	1	1068	
76	0	43	step_2_no_load	3	4	0.553703096215	0.612705031264	4	1093	1	
76	0	44	step_1_no_load	1	2	1	394	
76	0	44	step_2_no_load	5	6	0.537842745081	0.589653131867	5	1007	0	
76	0	45	step_1_no_load	1	2	2	905	
76	0	45	step_2_no_load	5	6	0.5288039409	0.620699591043	6	742	1	
76	0	46	step_1_no_load	1	2	2	681	
76	0	46	step_2_no_load	5	6	0.532238720495	0.654261318712	6	474	0	
76	0	47	step_1_no_load	1	2	1	966	
76	0	47	step_2_no_load	3	4	0.546259467838	0.598724660986	3	698	0	
76	0	48	step_1_no_load	1	2	1	651	
76	0	48	step_2_no_load	3	4	0.534690828011	0.615767119776	3	914	0	
76	0	49	step_1_no_load	1	2	1	380	
76	0	49	step_2_no_load	3	4	0.512405963374	0.610193185592	4	374	1	
76	0	50	step_1_no_load	1	2	1	511	
76	0	50	step_2_no_load	3	4	0.481616544184	0.606862017918	4	426	1	
76	0	51	step_1_no_load	1	2	1	450	
76	0	51	step_2_no_load	3	4	0.508197321577	0.564866799699	4	428	0	
76	0	52	step_1_no_load	1	2	2	892	
76	0	52	step_2_no_load	3	4	0.513589895419	0.539065404057	4	721	1	
76	0	53	step_1_no_load	1	2	2	650	
76	0	53	step_2_no_load	5	6	0.451905460347	0.630956764252	5	696	1	
76	0	54	step_1_no_load	1	2	2	607	
76	0	54	step_2_no_load	5	6	0.491512498697	0.652515308527	5	921	1	
76	0	55	step_1_no_load	1	2	2	972	
76	0	55	step_2_no_load	5	6	0.487025527704	0.639840796975	5	1480	0	
76	0	56	step_1_no_load	1	2	1	1367	
76	0	56	step_2_no_load	3	4	0.538512915562	0.601856598146	3	1064	1	
76	0	57	step_1_no_load	1	2	1	431	
76	0	57	step_2_no_load	3	4	0.516475618243	0.641849303307	3	459	1	
76	0	58	step_1_no_load	1	2	1	341	
76	0	58	step_2_no_load	3	4	0.528376440027	0.664682809182	3	438	0	
76	0	59	step_1_no_load	1	2	2	1111	
76	0	59	step_2_no_load	3	4	0.537400760025	0.632500293208	4	881	1	
76	0	60	step_1_no_load	1	2	2	693	
76	0	60	step_2_no_load	3	4	0.479287247283	0.623687406259	3	1130	0	
76	0	61	step_1_no_load	1	2	2	372	
76	0	61	step_2_no_load	3	4	0.527144452559	0.669587072502	4	397	0	
76	0	62	step_1_no_load	1	2	-1	-1	
76	0	63	step_1_no_load	1	2	1	502	
76	0	63	step_2_no_load	5	6	0.53192660365	0.642623127313	6	733	1	
76	0	64	step_1_no_load	1	2	1	607	
76	0	64	step_2_no_load	3	4	0.533849886794	0.642369708469	3	792	0	
76	0	65	step_1_no_load	1	2	2	685	
76	0	65	step_2_no_load	5	6	0.569109504048	0.619953360065	6	911	0	
76	0	66	step_1_no_load	1	2	1	851	
76	0	66	step_2_no_load	3	4	0.555324764318	0.606938648072	4	826	1	
76	0	67	step_1_no_load	1	2	1	649	
76	0	67	step_2_no_load	5	6	0.542076810516	0.674463681351	6	965	0	
76	0	68	step_1_no_load	1	2	1	938	
76	0	68	step_2_no_load	3	4	0.523301545299	0.622963076372	3	677	1	
76	0	69	step_1_no_load	1	2	1	659	
76	0	69	step_2_no_load	5	6	0.499137600991	0.718756538957	6	694	0	
76	0	70	step_1_no_load	1	2	2	386	
76	0	70	step_2_no_load	5	6	0.498834901463	0.697741832068	6	689	1	
76	0	71	step_1_no_load	1	2	2	520	
76	0	71	step_2_no_load	5	6	0.482863323776	0.706816191949	6	435	1	
76	0	72	step_1_no_load	1	2	2	425	
76	0	72	step_2_no_load	5	6	0.47409116389	0.705884789502	6	365	1	
76	0	73	step_1_no_load	1	2	2	329	
76	0	73	step_2_no_load	3	4	0.50185699984	0.657126403029	4	268	0	
76	0	74	step_1_no_load	1	2	1	869	
76	0	74	step_2_no_load	3	4	0.491044983779	0.614462146454	3	873	0	
76	0	75	step_1_no_load	1	2	2	723	
76	0	75	step_2_no_load	3	4	0.483983914712	0.615552849174	3	751	1	
76	0	76	step_1_no_load	1	2	2	475	
76	0	76	step_2_no_load	5	6	0.488583631821	0.690117652944	5	394	1	
76	0	77	step_1_no_load	1	2	2	374	
76	0	77	step_2_no_load	5	6	0.446809557226	0.679737625371	5	462	0	
76	0	78	step_1_no_load	1	2	2	713	
76	0	78	step_2_no_load	5	6	0.435911167612	0.647586191228	6	782	0	
76	0	79	step_1_no_load	1	2	1	391	
76	0	79	step_2_no_load	5	6	0.389124152368	0.647841624544	5	674	0	
76	0	80	step_1_no_load	1	2	1	305	
76	0	80	step_2_no_load	5	6	0.396016175285	0.703969305517	6	1132	1	
76	0	81	step_1_no_load	1	2	1	850	
76	0	81	step_2_no_load	3	4	0.494116554432	0.529745690463	3	597	1	
76	0	82	step_1_no_load	1	2	1	337	
76	0	82	step_2_no_load	5	6	0.395813831323	0.688340116885	6	503	0	
76	0	83	step_1_no_load	1	2	1	634	
76	0	83	step_2_no_load	5	6	0.382772464038	0.726885136842	5	1156	1	
76	0	84	step_1_no_load	1	2	1	574	
76	0	84	step_2_no_load	5	6	0.385087938645	0.731466635793	5	812	0	
76	0	85	step_1_no_load	1	2	2	672	
76	0	85	step_2_no_load	5	6	0.384458259121	0.712989604416	5	872	0	
76	0	86	step_1_no_load	1	2	2	270	
76	0	86	step_2_no_load	5	6	0.345323068124	0.721207648497	6	280	1	
76	0	87	step_1_no_load	1	2	2	589	
76	0	87	step_2_no_load	5	6	0.40000499778	0.690012761069	6	419	1	
76	0	88	step_1_no_load	1	2	2	320	
76	0	88	step_2_no_load	3	4	0.509563243675	0.717410082358	4	319	1	
76	0	89	step_1_no_load	1	2	2	328	
76	0	89	step_2_no_load	5	6	0.415882489686	0.660112261017	6	265	1	
76	0	90	step_1_no_load	1	2	2	255	
76	0	90	step_2_no_load	5	6	0.411459496853	0.688736868033	6	682	1	
76	0	91	step_1_no_load	1	2	2	315	
76	0	91	step_2_no_load	3	4	0.479087223222	0.685023809334	4	323	0	
76	0	92	step_1_no_load	1	2	1	645	
76	0	92	step_2_no_load	3	4	0.484260039873	0.692406274724	3	1010	0	
76	0	93	step_1_no_load	1	2	1	982	
76	0	93	step_2_no_load	5	6	0.439878153082	0.662863370634	5	1470	1	
76	0	94	step_1_no_load	1	2	1	764	
76	0	94	step_2_no_load	3	4	0.468637558205	0.719464414227	4	1056	0	
76	0	95	step_1_no_load	1	2	1	536	
76	0	95	step_2_no_load	3	4	0.42505578884	0.715495469274	3	1112	0	
76	0	96	step_1_no_load	1	2	2	519	
76	0	96	step_2_no_load	5	6	0.383038640121	0.663095813561	6	1059	0	
76	0	97	step_1_no_load	1	2	2	331	
76	0	97	step_2_no_load	3	4	0.455601814112	0.681272614291	-1	-1	-1	
76	0	98	step_1_no_load	1	2	1	685	
76	0	98	step_2_no_load	5	6	0.409778171713	0.646040060297	5	1159	0	
76	0	99	step_1_no_load	1	2	1	947	
76	0	99	step_2_no_load	3	4	0.375249961522	0.673709850038	4	793	1	
76	0	100	step_1_no_load	1	2	1	781	
76	0	100	step_2_no_load	3	4	0.363162156005	0.666227451505	4	870	0	
76	0	101	step_1_no_load	1	2	1	606	
76	0	101	step_2_no_load	3	4	0.366879421891	0.623812401974	3	470	0	
76	0	102	step_1_no_load	1	2	1	630	
76	0	102	step_2_no_load	3	4	0.326080462175	0.666304534392	3	560	1	
76	0	103	step_1_no_load	1	2	2	577	
76	0	103	step_2_no_load	5	6	0.481975449893	0.69058998368	6	815	1	
76	0	104	step_1_no_load	1	2	2	588	
76	0	104	step_2_no_load	5	6	0.521047445908	0.743372642809	6	754	1	
76	0	105	step_1_no_load	1	2	2	372	
76	0	105	step_2_no_load	5	6	0.514318365187	0.722851301692	6	541	1	
76	0	106	step_1_no_load	1	2	2	350	
76	0	106	step_2_no_load	5	6	0.508908032404	0.699623252899	6	529	0	
76	0	107	step_1_no_load	1	2	1	483	
76	0	107	step_2_no_load	5	6	0.565220528809	0.677514185929	6	1078	1	
76	0	108	step_1_no_load	1	2	1	455	
76	0	108	step_2_no_load	3	4	0.388185708856	0.695928523711	3	853	1	
76	0	109	step_1_no_load	1	2	1	657	
76	0	109	step_2_no_load	3	4	0.372328831887	0.71632547018	3	701	0	
76	0	110	step_1_no_load	1	2	1	919	
76	0	110	step_2_no_load	3	4	0.395544455384	0.729599891941	4	888	0	
76	0	111	step_1_no_load	1	2	2	624	
76	0	111	step_2_no_load	5	6	0.384948378665	0.634599547742	5	806	0	
76	0	112	step_1_no_load	1	2	2	534	
76	0	112	step_2_no_load	5	6	0.392887565883	0.635252945963	6	311	1	
76	0	113	step_1_no_load	1	2	2	541	
76	0	113	step_2_no_load	3	4	0.387112818105	0.719324307956	4	464	1	
76	0	114	step_1_no_load	1	2	2	737	
76	0	114	step_2_no_load	3	4	0.384736699284	0.718213323791	3	469	0	
76	0	115	step_1_no_load	1	2	1	571	
76	0	115	step_2_no_load	3	4	0.357661171116	0.739704344621	3	557	0	
76	0	116	step_1_no_load	1	2	1	651	
76	0	116	step_2_no_load	3	4	0.369438791876	0.706736514943	4	515	0	
76	0	117	step_1_no_load	1	2	2	575	
76	0	117	step_2_no_load	5	6	0.374621793791	0.671842537277	6	543	1	
76	0	118	step_1_no_load	1	2	2	365	
76	0	118	step_2_no_load	5	6	0.357645851833	0.690484235012	6	412	1	
76	0	119	step_1_no_load	1	2	2	388	
76	0	119	step_2_no_load	3	4	0.358243439099	0.690424535099	4	479	1	
76	0	120	step_1_no_load	1	2	2	557	
76	0	120	step_2_no_load	3	4	0.333809617664	0.70587238626	3	915	0	
76	0	121	step_1_no_load	1	2	2	595	
76	0	121	step_2_no_load	5	6	0.352721767208	0.671052306195	6	444	0	
76	0	122	step_1_no_load	1	2	1	447	
76	0	122	step_2_no_load	3	4	0.266650857402	0.6136886145	3	1293	0	
76	0	123	step_1_no_load	1	2	2	807	
76	0	123	step_2_no_load	5	6	0.337526896345	0.664849878232	6	773	1	
76	0	124	step_1_no_load	1	2	2	794	
76	0	124	step_2_no_load	3	4	0.26095206597	0.603013298253	3	883	0	
76	0	125	step_1_no_load	1	2	2	611	
76	0	125	step_2_no_load	5	6	0.303110862715	0.633566302563	-1	-1	-1	
76	0	126	step_1_no_load	1	2	2	553	
76	0	126	step_2_no_load	5	6	0.300846667696	0.600985760967	6	951	1	
76	0	127	step_1_no_load	1	2	1	639	
76	0	127	step_2_no_load	5	6	0.274944938508	0.646945556251	6	953	1	
76	0	128	step_1_no_load	1	2	1	1135	
76	0	128	step_2_no_load	3	4	0.260252451606	0.636905534066	3	795	0	
76	0	129	step_1_no_load	1	2	1	536	
76	0	129	step_2_no_load	5	6	0.271709703542	0.632682846317	6	808	1	
76	0	130	step_1_no_load	1	2	1	725	
76	0	130	step_2_no_load	5	6	0.274560758494	0.630285316669	6	675	0	
76	0	131	step_1_no_load	1	2	2	855	
76	0	131	step_2_no_load	3	4	0.281500842289	0.678044920845	4	801	1	
76	0	132	step_1_no_load	1	2	2	578	
76	0	132	step_2_no_load	5	6	0.315328810424	0.660013924697	5	675	0	
76	0	133	step_1_no_load	1	2	2	412	
76	0	133	step_2_no_load	5	6	0.312642735495	0.691649444281	6	837	1	
76	0	134	step_1_no_load	1	2	2	469	
76	0	134	step_2_no_load	5	6	0.302839427162	0.685529359147	6	684	0	
76	0	135	step_1_no_load	1	2	1	664	
76	0	135	step_2_no_load	3	4	0.300079459047	0.593710006149	3	375	1	
76	0	136	step_1_no_load	1	2	1	382	
76	0	136	step_2_no_load	3	4	0.307766925452	0.597814413435	3	605	0	
76	0	137	step_1_no_load	1	2	1	427	
76	0	137	step_2_no_load	3	4	0.346433498467	0.605896884497	4	7	1	
76	0	138	step_1_no_load	1	2	1	368	
76	0	138	step_2_no_load	3	4	0.366701525561	0.63240964674	3	282	0	
76	0	139	step_1_no_load	1	2	2	390	
76	0	139	step_2_no_load	3	4	0.325611400511	0.636630981281	4	560	1	
76	0	140	step_1_no_load	1	2	2	500	
76	0	140	step_2_no_load	5	6	0.328174526491	0.637682840728	5	780	1	
76	0	141	step_1_no_load	1	2	1	382	
76	0	141	step_2_no_load	3	4	0.390227133375	0.711987889705	4	453	1	
76	0	142	step_1_no_load	1	2	2	420	
76	0	142	step_2_no_load	5	6	0.304203281606	0.627356259123	5	397	0	
76	0	143	step_1_no_load	1	2	2	310	
76	0	143	step_2_no_load	3	4	0.410970957547	0.661365099615	3	611	1	
76	0	144	step_1_no_load	1	2	1	501	
76	0	144	step_2_no_load	3	4	0.389234194056	0.626443722248	3	832	0	
76	0	145	step_1_no_load	1	2	1	378	
76	0	145	step_2_no_load	3	4	0.355256413269	0.6669125229	4	403	0	
76	0	146	step_1_no_load	1	2	2	573	
76	0	146	step_2_no_load	3	4	0.320877500969	0.681611991725	4	486	1	
76	0	147	step_1_no_load	1	2	2	335	
76	0	147	step_2_no_load	5	6	0.265578160642	0.594861186319	6	355	1	
76	0	148	step_1_no_load	1	2	2	284	
76	0	148	step_2_no_load	3	4	0.311162711725	0.619272702026	3	515	1	
76	0	149	step_1_no_load	1	2	2	581	
76	0	149	step_2_no_load	5	6	0.269951834184	0.623203869836	6	1056	1	
76	0	150	step_1_no_load	1	2	2	493	
76	0	150	step_2_no_load	3	4	0.306860041627	0.575985663078	3	907	0	
76	0	151	step_1_no_load	1	2	2	736	
76	0	151	step_2_no_load	3	4	0.310557101463	0.59154759351	3	887	0	
76	0	152	step_1_no_load	1	2	1	424	
76	0	152	step_2_no_load	3	4	0.323194010514	0.595108765344	3	719	0	
76	0	153	step_1_no_load	1	2	1	859	
76	0	153	step_2_no_load	3	4	0.343622632154	0.613336203392	4	933	1	
76	0	154	step_1_no_load	1	2	1	421	
76	0	154	step_2_no_load	5	6	0.316375537537	0.671672162443	5	1485	0	
76	0	155	step_1_no_load	1	2	2	394	
76	0	155	step_2_no_load	5	6	0.296093457977	0.716100930629	6	333	0	
76	0	156	step_1_no_load	1	2	2	345	
76	0	156	step_2_no_load	5	6	0.32564867104	0.734436160799	6	724	1	
76	0	157	step_1_no_load	1	2	2	642	
76	0	157	step_2_no_load	3	4	0.324728201487	0.585191807512	3	814	1	
76	0	158	step_1_no_load	1	2	1	430	
76	0	158	step_2_no_load	5	6	0.408728803896	0.694270715354	6	1234	1	
76	0	159	step_1_no_load	1	2	1	599	
76	0	159	step_2_no_load	5	6	0.413026375257	0.697903160072	6	1156	0	
76	0	160	step_1_no_load	1	2	1	910	
76	0	160	step_2_no_load	3	4	0.355992626298	0.521229931064	3	1397	0	
76	0	161	step_1_no_load	1	2	2	703	
76	0	161	step_2_no_load	5	6	0.407025633682	0.719896286569	6	967	1	
76	0	162	step_1_no_load	1	2	2	303	
76	0	162	step_2_no_load	5	6	0.3926701003	0.695144769903	6	647	0	
76	0	163	step_1_no_load	1	2	1	460	
76	0	163	step_2_no_load	3	4	0.430920885959	0.5863391277	3	748	0	
76	0	164	step_1_no_load	1	2	2	464	
76	0	164	step_2_no_load	3	4	0.430844125626	0.585961845322	3	1060	0	
76	0	165	step_1_no_load	1	2	2	514	
76	0	165	step_2_no_load	3	4	0.347974240867	0.538026607649	3	1352	0	
76	0	166	step_1_no_load	1	2	2	424	
76	0	166	step_2_no_load	5	6	0.422282731054	0.686594248975	6	614	1	
76	0	167	step_1_no_load	1	2	2	437	
76	0	167	step_2_no_load	5	6	0.38753671275	0.706271792549	6	531	1	
76	0	168	step_1_no_load	1	2	2	305	
76	0	168	step_2_no_load	5	6	0.400817642375	0.67192508984	5	637	1	
76	0	169	step_1_no_load	1	2	2	440	
76	0	169	step_2_no_load	5	6	0.42098542374	0.704981910944	5	551	0	
76	0	170	step_1_no_load	1	2	2	352	
76	0	170	step_2_no_load	5	6	0.411067820436	0.67334314737	6	773	1	
76	0	171	step_1_no_load	1	2	2	488	
76	0	171	step_2_no_load	5	6	0.386979310814	0.727248140829	6	953	0	
76	0	172	step_1_no_load	1	2	2	383	
76	0	172	step_2_no_load	5	6	0.363617002148	0.668669556875	5	697	0	
76	0	173	step_1_no_load	1	2	1	866	
76	0	173	step_2_no_load	3	4	0.462866379815	0.484428109849	3	711	1	
76	0	174	step_1_no_load	1	2	1	506	
76	0	174	step_2_no_load	3	4	0.46236234172	0.472729524832	3	777	1	
76	0	175	step_1_no_load	1	2	1	329	
76	0	175	step_2_no_load	3	4	0.484825491933	0.52644949356	3	425	1	
76	0	176	step_1_no_load	1	2	1	503	
76	0	176	step_2_no_load	3	4	0.500856457218	0.474046874473	3	480	0	
76	0	177	step_1_no_load	1	2	1	396	
76	0	177	step_2_no_load	3	4	0.4798184927	0.501268576771	4	631	1	
76	0	178	step_1_no_load	1	2	1	437	
76	0	178	step_2_no_load	3	4	0.49020858644	0.493712351915	4	581	1	
76	0	179	step_1_no_load	1	2	1	332	
76	0	179	step_2_no_load	5	6	0.324685418097	0.709345707515	6	463	0	
76	0	180	step_1_no_load	1	2	2	356	
76	0	180	step_2_no_load	3	4	0.489345734128	0.482853857291	3	1133	1	
76	0	181	step_1_no_load	1	2	2	367	
76	0	181	step_2_no_load	5	6	0.342402764747	0.746910336326	6	739	1	
76	0	182	step_1_no_load	1	2	1	507	
76	0	182	step_2_no_load	3	4	0.49907747228	0.506773281362	3	585	0	
76	0	183	step_1_no_load	1	2	2	498	
76	0	183	step_2_no_load	5	6	0.350175837802	0.720388040749	6	539	1	
76	0	184	step_1_no_load	1	2	2	469	
76	0	184	step_2_no_load	5	6	0.362743255194	0.657291439324	6	950	0	
76	0	185	step_1_no_load	1	2	1	526	
76	0	185	step_2_no_load	3	4	0.482228039858	0.479703516092	3	907	1	
76	0	186	step_1_no_load	1	2	1	388	
76	0	186	step_2_no_load	5	6	0.332733011923	0.656308636836	6	598	1	
76	0	187	step_1_no_load	1	2	1	722	
76	0	187	step_2_no_load	3	4	0.498596507669	0.443962917772	4	571	0	
76	0	188	step_1_no_load	1	2	1	607	
76	0	188	step_2_no_load	3	4	0.548350535247	0.471319680586	3	607	1	
76	0	189	step_1_no_load	1	2	1	563	
76	0	189	step_2_no_load	3	4	0.534753756004	0.448897869069	3	694	0	
76	0	190	step_1_no_load	1	2	1	545	
76	0	190	step_2_no_load	3	4	0.505820429042	0.433568856946	4	536	1	
76	0	191	step_1_no_load	1	2	2	432	
76	0	191	step_2_no_load	3	4	0.512103523931	0.435748387321	4	620	0	
76	0	192	step_1_no_load	1	2	2	655	
76	0	192	step_2_no_load	5	6	0.299297135717	0.705517419189	6	731	1	
76	0	193	step_1_no_load	1	2	2	444	
76	0	193	step_2_no_load	3	4	0.504944704439	0.440813209638	3	927	0	
76	0	194	step_1_no_load	1	2	2	443	
76	0	194	step_2_no_load	5	6	0.342437174514	0.655261361454	6	897	1	
76	0	195	step_1_no_load	1	2	2	363	
76	0	195	step_2_no_load	5	6	0.348571348505	0.646280688878	6	1017	1	
76	0	196	step_1_no_load	1	2	2	358	
76	0	196	step_2_no_load	5	6	0.365373286058	0.695101215304	6	922	0	
76	0	197	step_1_no_load	1	2	2	404	
76	0	197	step_2_no_load	5	6	0.316987700969	0.686552522522	5	999	1	
76	0	198	step_1_no_load	1	2	2	416	
76	0	198	step_2_no_load	5	6	0.303352625941	0.68660989813	5	994	0	
76	0	199	step_1_no_load	1	2	2	304	
76	0	199	step_2_no_load	5	6	0.292861528884	0.73697129762	6	979	1	
76	0	200	step_1_no_load	1	2	1	447	
76	0	200	step_2_no_load	3	4	0.507902534353	0.372436949782	3	763	0	

Mon Jul 24 17:58:13 2017
