Tue Oct 18 15:51:15 2016	
31	0	1	step_1_no_load	1	2	1	688	
31	0	1	step_2_no_load	3	4	0.598297890399	0.594299910136	3	379	0	
31	0	2	step_1_no_load	1	2	2	455	
31	0	2	step_2_no_load	5	6	0.533203491871	0.474613197709	6	338	0	
31	0	3	step_1_no_load	1	2	1	229	
31	0	3	step_2_no_load	5	6	0.516002945397	0.476767372206	5	305	0	
31	0	4	step_1_no_load	1	2	1	259	
31	0	4	step_2_no_load	3	4	0.597491569846	0.564086293706	3	245	1	
31	0	5	step_1_no_load	1	2	1	298	
31	0	5	step_2_no_load	5	6	0.543908521457	0.495568760483	5	233	1	
31	0	6	step_1_no_load	1	2	1	241	
31	0	6	step_2_no_load	5	6	0.490454120702	0.506877622204	5	225	1	
31	0	7	step_1_no_load	1	2	1	604	
31	0	7	step_2_no_load	3	4	0.568656746487	0.622642364361	3	798	0	
31	0	8	step_1_no_load	1	2	1	352	
31	0	8	step_2_no_load	3	4	0.59128639594	0.624210374623	3	696	0	
31	0	9	step_1_no_load	1	2	1	284	
31	0	9	step_2_no_load	3	4	0.598049061473	0.641106877158	3	588	1	
31	0	10	step_1_no_load	1	2	1	288	
31	0	10	step_2_no_load	5	6	0.576063520885	0.482364178155	5	660	0	
31	0	11	step_1_no_load	1	2	1	352	
31	0	11	step_2_no_load	5	6	0.59022801242	0.477013315682	6	783	1	
31	0	12	step_1_no_load	1	2	1	369	
31	0	12	step_2_no_load	3	4	0.682786328054	0.552770607849	3	631	1	
31	0	13	step_1_no_load	1	2	1	380	
31	0	13	step_2_no_load	3	4	0.653587098421	0.558313135925	3	656	0	
31	0	14	step_1_no_load	1	2	1	373	
31	0	14	step_2_no_load	3	4	0.629137942344	0.545555696267	4	934	1	
31	0	15	step_1_no_load	1	2	1	449	
31	0	15	step_2_no_load	3	4	0.612260006668	0.570419113221	4	674	1	
31	0	16	step_1_no_load	1	2	1	423	
31	0	16	step_2_no_load	3	4	0.628091198119	0.553308964466	4	578	1	
31	0	17	step_1_no_load	1	2	1	426	
31	0	17	step_2_no_load	3	4	0.633350170016	0.562895132605	4	619	1	
31	0	18	step_1_no_load	1	2	1	397	
31	0	18	step_2_no_load	3	4	0.626834332012	0.553554620302	4	435	1	
31	0	19	step_1_no_load	1	2	1	417	
31	0	19	step_2_no_load	3	4	0.619895761657	0.536502319591	4	528	0	
31	0	20	step_1_no_load	1	2	1	254	
31	0	20	step_2_no_load	3	4	0.636521555122	0.491720931314	4	445	0	
31	0	21	step_1_no_load	1	2	1	268	
31	0	21	step_2_no_load	3	4	0.630305464549	0.470207377245	4	857	1	
31	0	22	step_1_no_load	1	2	1	260	
31	0	22	step_2_no_load	3	4	0.621949894727	0.468700882609	4	535	1	
31	0	23	step_1_no_load	1	2	1	295	
31	0	23	step_2_no_load	3	4	0.640163623731	0.513759772011	4	442	1	
31	0	24	step_1_no_load	1	2	1	371	
31	0	24	step_2_no_load	3	4	0.582115115688	0.503316199018	4	523	0	
31	0	25	step_1_no_load	1	2	1	288	
31	0	25	step_2_no_load	5	6	0.629917901014	0.503316372362	6	1147	0	
31	0	26	step_1_no_load	1	2	1	299	
31	0	26	step_2_no_load	3	4	0.592410219737	0.532884212818	4	688	1	
31	0	27	step_1_no_load	1	2	1	259	
31	0	27	step_2_no_load	3	4	0.57860777711	0.54756089792	4	653	1	
31	0	28	step_1_no_load	1	2	1	373	
31	0	28	step_2_no_load	3	4	0.588356036098	0.553259388875	4	751	1	
31	0	29	step_1_no_load	1	2	1	351	
31	0	29	step_2_no_load	3	4	0.606613029227	0.561957580386	4	628	0	
31	0	30	step_1_no_load	1	2	1	245	
31	0	30	step_2_no_load	3	4	0.608245979832	0.574272497114	4	680	0	
31	0	31	step_1_no_load	1	2	1	291	
31	0	31	step_2_no_load	3	4	0.636602545794	0.541819886458	3	762	1	
31	0	32	step_1_no_load	1	2	1	336	
31	0	32	step_2_no_load	5	6	0.605616211083	0.520318771114	6	1252	1	
31	0	33	step_1_no_load	1	2	1	647	
31	0	33	step_2_no_load	3	4	0.611700032906	0.542309898544	3	655	1	
31	0	34	step_1_no_load	1	2	1	365	
31	0	34	step_2_no_load	3	4	0.575802910074	0.538523758058	3	612	1	
31	0	35	step_1_no_load	1	2	1	294	
31	0	35	step_2_no_load	5	6	0.649776015006	0.491437207585	5	1080	1	
31	0	36	step_1_no_load	1	2	1	327	
31	0	36	step_2_no_load	3	4	0.527635087561	0.611274573488	3	680	0	
31	0	37	step_1_no_load	1	2	1	313	
31	0	37	step_2_no_load	3	4	0.513822304161	0.598446394142	4	475	0	
31	0	38	step_1_no_load	1	2	1	270	
31	0	38	step_2_no_load	5	6	0.651263699161	0.553931241266	5	445	1	
31	0	39	step_1_no_load	1	2	1	270	
31	0	39	step_2_no_load	3	4	0.557005857101	0.610601635554	4	604	0	
31	0	40	step_1_no_load	1	2	1	277	
31	0	40	step_2_no_load	3	4	0.580760785074	0.607992802154	3	550	0	
31	0	41	step_1_no_load	1	2	1	239	
31	0	41	step_2_no_load	3	4	0.524862294848	0.588857868869	4	799	1	
31	0	42	step_1_no_load	1	2	1	283	
31	0	42	step_2_no_load	3	4	0.533857158543	0.609164606591	4	466	0	
31	0	43	step_1_no_load	1	2	1	248	
31	0	43	step_2_no_load	3	4	0.553703096215	0.612705031264	3	390	1	
31	0	44	step_1_no_load	1	2	1	224	
31	0	44	step_2_no_load	3	4	0.541854396676	0.611481438855	3	384	1	
31	0	45	step_1_no_load	1	2	1	271	
31	0	45	step_2_no_load	3	4	0.579346234508	0.632991467829	3	537	1	
31	0	46	step_1_no_load	1	2	1	254	
31	0	46	step_2_no_load	5	6	0.654261318712	0.532238720495	5	390	1	
31	0	47	step_1_no_load	1	2	1	242	
31	0	47	step_2_no_load	5	6	0.634373567175	0.493112702321	5	534	1	
31	0	48	step_1_no_load	1	2	1	255	
31	0	48	step_2_no_load	3	4	0.534690828011	0.615767119776	3	465	1	
31	0	49	step_1_no_load	1	2	1	233	
31	0	49	step_2_no_load	3	4	0.512405963374	0.610193185592	3	301	0	
31	0	50	step_1_no_load	1	2	1	289	
31	0	50	step_2_no_load	3	4	0.481616544184	0.606862017918	4	426	0	
31	0	51	step_1_no_load	1	2	1	216	
31	0	51	step_2_no_load	3	4	0.508197321577	0.564866799699	3	373	0	
31	0	52	step_1_no_load	1	2	1	330	
31	0	52	step_2_no_load	5	6	0.613408921915	0.429622901875	5	486	0	
31	0	53	step_1_no_load	1	2	1	229	
31	0	53	step_2_no_load	5	6	0.630956764252	0.451905460347	6	525	0	
31	0	54	step_1_no_load	1	2	2	418	
31	0	54	step_2_no_load	5	6	0.652515308527	0.491512498697	5	723	0	
31	0	55	step_1_no_load	1	2	2	640	
31	0	55	step_2_no_load	5	6	0.639840796975	0.487025527704	6	517	1	
31	0	56	step_1_no_load	1	2	2	431	
31	0	56	step_2_no_load	5	6	0.60038825769	0.459773408493	6	578	0	
31	0	57	step_1_no_load	1	2	1	729	
31	0	57	step_2_no_load	5	6	0.586335094239	0.466449077359	6	450	1	
31	0	58	step_1_no_load	1	2	1	429	
31	0	58	step_2_no_load	5	6	0.610896130115	0.478335218822	6	366	0	
31	0	59	step_1_no_load	1	2	1	350	
31	0	59	step_2_no_load	3	4	0.537400760025	0.632500293208	4	465	0	
31	0	60	step_1_no_load	1	2	1	307	
31	0	60	step_2_no_load	3	4	0.479287247283	0.623687406259	3	351	0	
31	0	61	step_1_no_load	1	2	2	478	
31	0	61	step_2_no_load	5	6	0.602879526975	0.464268875813	5	881	1	
31	0	62	step_1_no_load	1	2	2	372	
31	0	62	step_2_no_load	5	6	0.622820395113	0.50724109756	5	610	1	
31	0	63	step_1_no_load	1	2	2	269	
31	0	63	step_2_no_load	5	6	0.642623127313	0.53192660365	6	436	0	
31	0	64	step_1_no_load	1	2	2	354	
31	0	64	step_2_no_load	5	6	0.626149195169	0.555062911513	5	782	0	
31	0	65	step_1_no_load	1	2	2	246	
31	0	65	step_2_no_load	3	4	0.517687993213	0.612660225018	4	325	0	
31	0	66	step_1_no_load	1	2	2	335	
31	0	66	step_2_no_load	5	6	0.630357351236	0.573761869714	5	520	1	
31	0	67	step_1_no_load	1	2	2	362	
31	0	67	step_2_no_load	3	4	0.538279387614	0.597650193897	4	1121	1	
31	0	68	step_1_no_load	1	2	1	749	
31	0	68	step_2_no_load	3	4	0.523301545299	0.622963076372	3	694	1	
31	0	69	step_1_no_load	1	2	1	330	
31	0	69	step_2_no_load	3	4	0.560462111264	0.622221685203	3	301	1	
31	0	70	step_1_no_load	1	2	2	351	
31	0	70	step_2_no_load	5	6	0.697741832068	0.498834901463	5	319	1	
31	0	71	step_1_no_load	1	2	1	290	
31	0	71	step_2_no_load	3	4	0.546215110045	0.639174917797	4	288	1	
31	0	72	step_1_no_load	1	2	1	363	
31	0	72	step_2_no_load	3	4	0.556486305476	0.626024641967	3	311	1	
31	0	73	step_1_no_load	1	2	2	251	
31	0	73	step_2_no_load	3	4	0.50185699984	0.657126403029	3	320	0	
31	0	74	step_1_no_load	1	2	2	222	
31	0	74	step_2_no_load	5	6	0.693624670847	0.453420386428	6	229	1	
31	0	75	step_1_no_load	1	2	2	264	
31	0	75	step_2_no_load	3	4	0.483983914712	0.615552849174	3	259	1	
31	0	76	step_1_no_load	1	2	1	261	
31	0	76	step_2_no_load	3	4	0.518881389358	0.62770291155	3	219	1	
31	0	77	step_1_no_load	1	2	1	210	
31	0	77	step_2_no_load	3	4	0.538119616568	0.564257587118	3	190	1	
31	0	78	step_1_no_load	1	2	2	158	
31	0	78	step_2_no_load	5	6	0.647586191228	0.435911167612	6	196	0	
31	0	79	step_1_no_load	1	2	2	0	
31	0	79	step_2_no_load	5	6	0.647841624544	0.389124152368	5	366	0	
31	0	80	step_1_no_load	1	2	2	225	
31	0	80	step_2_no_load	5	6	0.703969305517	0.396016175285	5	243	1	
31	0	81	step_1_no_load	1	2	2	279	
31	0	81	step_2_no_load	5	6	0.702400933084	0.419265522488	6	238	1	
31	0	82	step_1_no_load	1	2	1	308	
31	0	82	step_2_no_load	3	4	0.482727017837	0.564729328387	3	201	0	
31	0	83	step_1_no_load	1	2	1	399	
31	0	83	step_2_no_load	3	4	0.483255412498	0.607907985871	4	356	0	
31	0	84	step_1_no_load	1	2	1	556	
31	0	84	step_2_no_load	3	4	0.505586222209	0.65843840156	3	269	0	
31	0	85	step_1_no_load	1	2	1	229	
31	0	85	step_2_no_load	5	6	0.712989604416	0.384458259121	6	203	0	
31	0	86	step_1_no_load	1	2	1	268	
31	0	86	step_2_no_load	5	6	0.721207648497	0.345323068124	5	217	1	
31	0	87	step_1_no_load	1	2	2	370	
31	0	87	step_2_no_load	3	4	0.493867001103	0.719375344246	3	224	1	
31	0	88	step_1_no_load	1	2	2	257	
31	0	88	step_2_no_load	5	6	0.696773608304	0.377947492322	5	236	1	
31	0	89	step_1_no_load	1	2	2	230	
31	0	89	step_2_no_load	5	6	0.660112261017	0.415882489686	6	182	0	
31	0	90	step_1_no_load	1	2	2	265	
31	0	90	step_2_no_load	3	4	0.530126112124	0.712247848046	3	205	0	
31	0	91	step_1_no_load	1	2	2	256	
31	0	91	step_2_no_load	5	6	0.657820521772	0.43534164751	5	209	1	
31	0	92	step_1_no_load	1	2	2	258	
31	0	92	step_2_no_load	5	6	0.679381608313	0.444368850664	5	207	1	
31	0	93	step_1_no_load	1	2	2	298	
31	0	93	step_2_no_load	3	4	0.473273727684	0.70415710998	4	240	0	
31	0	94	step_1_no_load	1	2	2	262	
31	0	94	step_2_no_load	3	4	0.468637558205	0.719464414227	3	227	0	
31	0	95	step_1_no_load	1	2	2	279	
31	0	95	step_2_no_load	3	4	0.42505578884	0.715495469274	3	359	0	
31	0	96	step_1_no_load	1	2	2	661	
31	0	96	step_2_no_load	5	6	0.663095813561	0.383038640121	5	377	0	
31	0	97	step_1_no_load	1	2	2	266	
31	0	97	step_2_no_load	3	4	0.455601814112	0.681272614291	4	229	1	
31	0	98	step_1_no_load	1	2	2	265	
31	0	98	step_2_no_load	3	4	0.431479829356	0.70287861952	4	247	1	
31	0	99	step_1_no_load	1	2	2	139	
31	0	99	step_2_no_load	5	6	0.645191748454	0.397561363605	6	200	1	
31	0	100	step_1_no_load	1	2	2	187	
31	0	100	step_2_no_load	3	4	0.363162156005	0.666227451505	4	218	1	
31	0	101	step_1_no_load	1	2	2	288	
31	0	101	step_2_no_load	5	6	0.655903528958	0.497432607584	6	221	1	
31	0	102	step_1_no_load	1	2	2	256	
31	0	102	step_2_no_load	5	6	0.663124617603	0.494584754513	6	291	1	
31	0	103	step_1_no_load	1	2	2	259	
31	0	103	step_2_no_load	5	6	0.69058998368	0.481975449893	6	225	1	
31	0	104	step_1_no_load	1	2	2	283	
31	0	104	step_2_no_load	5	6	0.743372642809	0.521047445908	6	203	0	
31	0	105	step_1_no_load	1	2	1	294	
31	0	105	step_2_no_load	3	4	0.352639603242	0.689135357059	3	200	1	
31	0	106	step_1_no_load	1	2	2	264	
31	0	106	step_2_no_load	5	6	0.699623252899	0.508908032404	6	454	1	
31	0	107	step_1_no_load	1	2	1	287	
31	0	107	step_2_no_load	5	6	0.677514185929	0.565220528809	5	254	1	
31	0	108	step_1_no_load	1	2	1	527	
31	0	108	step_2_no_load	3	4	0.388185708856	0.695928523711	3	357	0	
31	0	109	step_1_no_load	1	2	1	947	
31	0	109	step_2_no_load	3	4	0.372328831887	0.71632547018	3	337	0	
31	0	110	step_1_no_load	1	2	2	432	
31	0	110	step_2_no_load	3	4	0.395544455384	0.729599891941	4	302	1	
31	0	111	step_1_no_load	1	2	2	279	
31	0	111	step_2_no_load	5	6	0.634599547742	0.384948378665	6	281	0	
31	0	112	step_1_no_load	1	2	2	271	
31	0	112	step_2_no_load	5	6	0.635252945963	0.392887565883	5	365	1	
31	0	113	step_1_no_load	1	2	1	291	
31	0	113	step_2_no_load	5	6	0.634627459817	0.370697120277	5	232	1	
31	0	114	step_1_no_load	1	2	1	215	
31	0	114	step_2_no_load	3	4	0.384736699284	0.718213323791	4	227	0	
31	0	115	step_1_no_load	1	2	1	330	
31	0	115	step_2_no_load	5	6	0.645721217949	0.390027643099	5	320	1	
31	0	116	step_1_no_load	1	2	2	362	
31	0	116	step_2_no_load	3	4	0.369438791876	0.706736514943	4	300	1	
31	0	117	step_1_no_load	1	2	2	505	
31	0	117	step_2_no_load	3	4	0.363056877927	0.747012267642	4	561	0	
31	0	118	step_1_no_load	1	2	2	327	
31	0	118	step_2_no_load	5	6	0.690484235012	0.357645851833	6	466	1	
31	0	119	step_1_no_load	1	2	1	375	
31	0	119	step_2_no_load	3	4	0.358243439099	0.690424535099	3	372	0	
31	0	120	step_1_no_load	1	2	1	364	
31	0	120	step_2_no_load	3	4	0.333809617664	0.70587238626	3	423	1	
31	0	121	step_1_no_load	1	2	2	318	
31	0	121	step_2_no_load	5	6	0.671052306195	0.352721767208	6	341	0	
31	0	122	step_1_no_load	1	2	2	269	
31	0	122	step_2_no_load	5	6	0.672193618854	0.329624572119	6	564	0	
31	0	123	step_1_no_load	1	2	1	343	
31	0	123	step_2_no_load	3	4	0.269780614928	0.583607229978	3	267	0	
31	0	124	step_1_no_load	1	2	2	424	
31	0	124	step_2_no_load	5	6	0.624161788269	0.309430836661	6	374	0	
31	0	125	step_1_no_load	1	2	1	463	
31	0	125	step_2_no_load	5	6	0.633566302563	0.303110862715	6	1050	0	
31	0	126	step_1_no_load	1	2	1	413	
31	0	126	step_2_no_load	5	6	0.600985760967	0.300846667696	5	396	1	
31	0	127	step_1_no_load	1	2	1	256	
31	0	127	step_2_no_load	5	6	0.646945556251	0.274944938508	5	419	1	
31	0	128	step_1_no_load	1	2	1	438	
31	0	128	step_2_no_load	3	4	0.260252451606	0.636905534066	3	426	0	
31	0	129	step_1_no_load	1	2	1	265	
31	0	129	step_2_no_load	3	4	0.268213321963	0.685297910719	4	383	1	
31	0	130	step_1_no_load	1	2	1	300	
31	0	130	step_2_no_load	3	4	0.267460866951	0.682031489739	4	321	1	
31	0	131	step_1_no_load	1	2	1	318	
31	0	131	step_2_no_load	5	6	0.638450601212	0.311475039155	6	350	1	
31	0	132	step_1_no_load	1	2	1	393	
31	0	132	step_2_no_load	3	4	0.27986961048	0.668578020634	4	401	1	
31	0	133	step_1_no_load	1	2	2	223	
31	0	133	step_2_no_load	5	6	0.691649444281	0.312642735495	5	240	0	
31	0	134	step_1_no_load	1	2	1	294	
31	0	134	step_2_no_load	5	6	0.685529359147	0.302839427162	6	278	1	
31	0	135	step_1_no_load	1	2	2	754	
31	0	135	step_2_no_load	3	4	0.300079459047	0.593710006149	3	858	1	
31	0	136	step_1_no_load	1	2	2	303	
31	0	136	step_2_no_load	3	4	0.307766925452	0.597814413435	3	416	1	
31	0	137	step_1_no_load	1	2	2	239	
31	0	137	step_2_no_load	3	4	0.346433498467	0.605896884497	3	314	1	
31	0	138	step_1_no_load	1	2	2	279	
31	0	138	step_2_no_load	5	6	0.688182193337	0.307694123906	5	255	1	
31	0	139	step_1_no_load	1	2	2	341	
31	0	139	step_2_no_load	5	6	0.696355985729	0.323660750961	6	673	1	
31	0	140	step_1_no_load	1	2	2	725	
31	0	140	step_2_no_load	5	6	0.637682840728	0.328174526491	6	703	1	
31	0	141	step_1_no_load	1	2	-1	-1	
31	0	142	step_1_no_load	1	2	2	1001	
31	0	142	step_2_no_load	5	6	0.627356259123	0.304203281606	6	833	0	
31	0	143	step_1_no_load	1	2	-1	-1	
31	0	144	step_1_no_load	1	2	-1	-1	
31	0	145	step_1_no_load	1	2	-1	-1	
31	0	146	step_1_no_load	1	2	-1	-1	
31	0	147	step_1_no_load	1	2	-1	-1	
31	0	148	step_1_no_load	1	2	-1	-1	
31	0	149	step_1_no_load	1	2	-1	-1	
31	0	150	step_1_no_load	1	2	2	460	
31	0	150	step_2_no_load	5	6	0.605912419156	0.305587692243	6	719	0	
31	0	151	step_1_no_load	1	2	-1	-1	
31	0	152	step_1_no_load	1	2	1	332	
31	0	152	step_2_no_load	3	4	0.323194010514	0.595108765344	3	566	0	
31	0	153	step_1_no_load	1	2	2	426	
31	0	153	step_2_no_load	5	6	0.681559292085	0.309356532263	6	482	0	
31	0	154	step_1_no_load	1	2	2	415	
31	0	154	step_2_no_load	3	4	0.348349389262	0.638934099562	3	464	0	
31	0	155	step_1_no_load	1	2	-1	-1	
31	0	156	step_1_no_load	1	2	2	806	
31	0	156	step_2_no_load	5	6	0.734436160799	0.32564867104	5	622	1	
31	0	157	step_1_no_load	1	2	1	577	
31	0	157	step_2_no_load	3	4	0.324728201487	0.585191807512	3	487	0	
31	0	158	step_1_no_load	1	2	2	442	
31	0	158	step_2_no_load	5	6	0.694270715354	0.408728803896	6	206	0	
31	0	159	step_1_no_load	1	2	2	283	
31	0	159	step_2_no_load	5	6	0.697903160072	0.413026375257	6	385	0	
31	0	160	step_1_no_load	1	2	2	321	
31	0	160	step_2_no_load	5	6	0.710728171711	0.415052912783	6	365	1	
31	0	161	step_1_no_load	1	2	2	507	
31	0	161	step_2_no_load	5	6	0.719896286569	0.407025633682	6	363	1	
31	0	162	step_1_no_load	1	2	2	430	
31	0	162	step_2_no_load	3	4	0.455329532209	0.566496468084	3	271	1	
31	0	163	step_1_no_load	1	2	1	446	
31	0	163	step_2_no_load	5	6	0.697095951435	0.395221309311	5	311	0	
31	0	164	step_1_no_load	1	2	2	504	
31	0	164	step_2_no_load	5	6	0.692137394606	0.432761720497	6	457	0	
31	0	165	step_1_no_load	1	2	2	293	
31	0	165	step_2_no_load	3	4	0.347974240867	0.538026607649	4	712	0	
31	0	166	step_1_no_load	1	2	1	417	
31	0	166	step_2_no_load	5	6	0.686594248975	0.422282731054	6	579	0	
31	0	167	step_1_no_load	1	2	2	335	
31	0	167	step_2_no_load	5	6	0.706271792549	0.38753671275	5	228	0	
31	0	168	step_1_no_load	1	2	2	404	
31	0	168	step_2_no_load	5	6	0.67192508984	0.400817642375	6	470	1	
31	0	169	step_1_no_load	1	2	2	480	
31	0	169	step_2_no_load	3	4	0.365156560071	0.586049140041	4	375	0	
31	0	170	step_1_no_load	1	2	2	507	
31	0	170	step_2_no_load	5	6	0.67334314737	0.411067820436	6	474	0	
31	0	171	step_1_no_load	1	2	2	367	
31	0	171	step_2_no_load	5	6	0.727248140829	0.386979310814	6	309	0	
31	0	172	step_1_no_load	1	2	2	456	
31	0	172	step_2_no_load	5	6	0.668669556875	0.363617002148	6	436	1	
31	0	173	step_1_no_load	1	2	2	430	
31	0	173	step_2_no_load	5	6	0.667027212577	0.385349297983	6	561	0	
31	0	174	step_1_no_load	1	2	2	454	
31	0	174	step_2_no_load	5	6	0.729877433725	0.387867297446	6	499	1	
31	0	175	step_1_no_load	1	2	-1	-1	
31	0	176	step_1_no_load	1	2	-1	-1	
31	0	177	step_1_no_load	1	2	2	677	
31	0	177	step_2_no_load	3	4	0.4798184927	0.501268576771	4	655	0	
31	0	178	step_1_no_load	1	2	2	333	
31	0	178	step_2_no_load	5	6	0.705993797498	0.36473828006	6	339	0	
31	0	179	step_1_no_load	1	2	2	521	
31	0	179	step_2_no_load	3	4	0.493565996034	0.457298770028	4	464	1	
31	0	180	step_1_no_load	1	2	2	301	
31	0	180	step_2_no_load	3	4	0.489345734128	0.482853857291	4	523	0	
31	0	181	step_1_no_load	1	2	2	262	
31	0	181	step_2_no_load	3	4	0.480141179559	0.508735114046	4	437	0	
31	0	182	step_1_no_load	1	2	2	244	
31	0	182	step_2_no_load	5	6	0.72717560423	0.340533666308	5	234	0	
31	0	183	step_1_no_load	1	2	1	327	
31	0	183	step_2_no_load	3	4	0.492742497507	0.502991759047	3	655	0	
31	0	184	step_1_no_load	1	2	1	442	
31	0	184	step_2_no_load	5	6	0.657291439324	0.362743255194	6	302	0	
31	0	185	step_1_no_load	1	2	1	250	
31	0	185	step_2_no_load	3	4	0.482228039858	0.479703516092	3	224	1	
31	0	186	step_1_no_load	1	2	1	352	
31	0	186	step_2_no_load	3	4	0.484672582719	0.46870859828	3	294	0	
31	0	187	step_1_no_load	1	2	1	320	
31	0	187	step_2_no_load	5	6	0.678211978625	0.328890769988	5	211	1	
31	0	188	step_1_no_load	1	2	1	231	
31	0	188	step_2_no_load	3	4	0.548350535247	0.471319680586	3	89	1	
31	0	189	step_1_no_load	1	2	1	335	
31	0	189	step_2_no_load	3	4	0.534753756004	0.448897869069	3	442	0	
31	0	190	step_1_no_load	1	2	2	272	
31	0	190	step_2_no_load	3	4	0.505820429042	0.433568856946	3	305	0	
31	0	191	step_1_no_load	1	2	2	265	
31	0	191	step_2_no_load	5	6	0.664271461991	0.318839908867	6	250	0	
31	0	192	step_1_no_load	1	2	2	256	
31	0	192	step_2_no_load	5	6	0.705517419189	0.299297135717	6	101	0	
31	0	193	step_1_no_load	1	2	2	329	
31	0	193	step_2_no_load	5	6	0.679792491164	0.321008037746	5	359	0	
31	0	194	step_1_no_load	1	2	2	644	
31	0	194	step_2_no_load	5	6	0.655261361454	0.342437174514	6	605	1	
31	0	195	step_1_no_load	1	2	2	206	
31	0	195	step_2_no_load	5	6	0.646280688878	0.348571348505	6	56	0	
31	0	196	step_1_no_load	1	2	1	326	
31	0	196	step_2_no_load	3	4	0.496717662777	0.421761207498	4	425	0	
31	0	197	step_1_no_load	1	2	1	269	
31	0	197	step_2_no_load	3	4	0.47786945426	0.422511153127	3	284	0	
31	0	198	step_1_no_load	1	2	1	212	
31	0	198	step_2_no_load	5	6	0.68660989813	0.303352625941	5	290	1	
31	0	199	step_1_no_load	1	2	1	223	
31	0	199	step_2_no_load	3	4	0.529438031858	0.39793773834	3	214	0	
31	0	200	step_1_no_load	1	2	1	332	
31	0	200	step_2_no_load	5	6	0.728996708473	0.299128796668	6	564	0	

Tue Oct 18 16:09:58 2016
