Tue Oct 25 13:13:26 2016	
32	0	1	step_1_no_load	1	2	1	462	
32	0	1	step_2_no_load	3	4	0.511789129507	0.457620150462	3	797	1	
32	0	2	step_1_no_load	1	2	1	567	
32	0	2	step_2_no_load	3	4	0.533203491871	0.474613197709	3	802	0	
32	0	3	step_1_no_load	1	2	1	406	
32	0	3	step_2_no_load	3	4	0.516002945397	0.476767372206	4	428	0	
32	0	4	step_1_no_load	1	2	2	316	
32	0	4	step_2_no_load	3	4	0.494597764192	0.478607661228	3	857	1	
32	0	5	step_1_no_load	1	2	2	282	
32	0	5	step_2_no_load	3	4	0.543908521457	0.495568760483	3	760	1	
32	0	6	step_1_no_load	1	2	2	415	
32	0	6	step_2_no_load	5	6	0.585722686883	0.603642866427	5	768	1	
32	0	7	step_1_no_load	1	2	2	260	
32	0	7	step_2_no_load	5	6	0.568656746487	0.622642364361	5	526	1	
32	0	8	step_1_no_load	1	2	2	338	
32	0	8	step_2_no_load	5	6	0.59128639594	0.624210374623	5	285	1	
32	0	9	step_1_no_load	1	2	2	407	
32	0	9	step_2_no_load	5	6	0.598049061473	0.641106877158	5	408	0	
32	0	10	step_1_no_load	1	2	2	264	
32	0	10	step_2_no_load	5	6	0.652626043146	0.636063269715	6	303	0	
32	0	11	step_1_no_load	1	2	1	275	
32	0	11	step_2_no_load	5	6	0.69163818036	0.609191465743	5	285	1	
32	0	12	step_1_no_load	1	2	1	297	
32	0	12	step_2_no_load	3	4	0.597131918027	0.48457206759	3	382	0	
32	0	13	step_1_no_load	1	2	2	240	
32	0	13	step_2_no_load	5	6	0.653587098421	0.558313135925	5	413	1	
32	0	14	step_1_no_load	1	2	2	399	
32	0	14	step_2_no_load	5	6	0.629137942344	0.545555696267	-1	-1	-1	
32	0	15	step_1_no_load	1	2	2	264	
32	0	15	step_2_no_load	5	6	0.612260006668	0.570419113221	5	364	0	
32	0	16	step_1_no_load	1	2	2	274	
32	0	16	step_2_no_load	5	6	0.628091198119	0.553308964466	5	1211	0	
32	0	17	step_1_no_load	1	2	2	432	
32	0	17	step_2_no_load	3	4	0.643116883134	0.535958400205	4	169	1	
32	0	18	step_1_no_load	1	2	1	224	
32	0	18	step_2_no_load	3	4	0.626895526976	0.517514133912	4	336	1	
32	0	19	step_1_no_load	1	2	1	263	
32	0	19	step_2_no_load	3	4	0.644773170243	0.498240186199	4	318	0	
32	0	20	step_1_no_load	1	2	1	218	
32	0	20	step_2_no_load	5	6	0.636521555122	0.491720931314	5	206	1	
32	0	21	step_1_no_load	1	2	1	339	
32	0	21	step_2_no_load	3	4	0.611328949295	0.49769376036	4	622	0	
32	0	22	step_1_no_load	1	2	2	241	
32	0	22	step_2_no_load	5	6	0.621949894727	0.468700882609	5	326	1	
32	0	23	step_1_no_load	1	2	2	0	
32	0	23	step_2_no_load	5	6	0.640163623731	0.513759772011	5	780	1	
32	0	24	step_1_no_load	1	2	2	205	
32	0	24	step_2_no_load	3	4	0.5800912085	0.505388876622	3	1093	0	
32	0	25	step_1_no_load	1	2	2	214	
32	0	25	step_2_no_load	5	6	0.565698722896	0.503605105412	5	347	1	
32	0	26	step_1_no_load	1	2	2	304	
32	0	26	step_2_no_load	5	6	0.592410219737	0.532884212818	5	472	1	
32	0	27	step_1_no_load	1	2	2	279	
32	0	27	step_2_no_load	5	6	0.57860777711	0.54756089792	5	421	1	
32	0	28	step_1_no_load	1	2	2	262	
32	0	28	step_2_no_load	5	6	0.588356036098	0.553259388875	5	343	1	
32	0	29	step_1_no_load	1	2	2	258	
32	0	29	step_2_no_load	3	4	0.618626354124	0.521159009103	3	276	0	
32	0	30	step_1_no_load	1	2	2	270	
32	0	30	step_2_no_load	5	6	0.608245979832	0.574272497114	5	328	1	
32	0	31	step_1_no_load	1	2	2	238	
32	0	31	step_2_no_load	5	6	0.636602545794	0.541819886458	5	1236	1	
32	0	32	step_1_no_load	1	2	2	254	
32	0	32	step_2_no_load	5	6	0.634585171267	0.522993086096	5	545	1	
32	0	33	step_1_no_load	1	2	2	258	
32	0	33	step_2_no_load	5	6	0.611700032906	0.542309898544	5	395	1	
32	0	34	step_1_no_load	1	2	2	229	
32	0	34	step_2_no_load	5	6	0.575802910074	0.538523758058	5	264	1	
32	0	35	step_1_no_load	1	2	2	225	
32	0	35	step_2_no_load	5	6	0.566827313385	0.594167768198	5	283	1	
32	0	36	step_1_no_load	1	2	2	317	
32	0	36	step_2_no_load	5	6	0.527635087561	0.611274573488	5	342	1	
32	0	37	step_1_no_load	1	2	2	298	
32	0	37	step_2_no_load	5	6	0.513822304161	0.598446394142	5	330	0	
32	0	38	step_1_no_load	1	2	2	276	
32	0	38	step_2_no_load	3	4	0.651263699161	0.553931241266	4	473	1	
32	0	39	step_1_no_load	1	2	2	329	
32	0	39	step_2_no_load	3	4	0.634483337633	0.578640235206	4	789	1	
32	0	40	step_1_no_load	1	2	1	351	
32	0	40	step_2_no_load	3	4	0.636994900683	0.5691386571	4	885	1	
32	0	41	step_1_no_load	1	2	1	282	
32	0	41	step_2_no_load	5	6	0.524862294848	0.588857868869	5	1220	0	
32	0	42	step_1_no_load	1	2	1	279	
32	0	42	step_2_no_load	3	4	0.606696263624	0.553461946234	4	376	0	
32	0	43	step_1_no_load	1	2	1	277	
32	0	43	step_2_no_load	5	6	0.553703096215	0.612705031264	6	912	0	
32	0	44	step_1_no_load	1	2	1	242	
32	0	44	step_2_no_load	3	4	0.589653131867	0.537842745081	4	522	1	
32	0	45	step_1_no_load	1	2	1	262	
32	0	45	step_2_no_load	5	6	0.579346234508	0.632991467829	6	762	1	
32	0	46	step_1_no_load	1	2	1	257	
32	0	46	step_2_no_load	3	4	0.654261318712	0.532238720495	4	920	1	
32	0	47	step_1_no_load	1	2	1	298	
32	0	47	step_2_no_load	5	6	0.546259467838	0.598724660986	6	1046	0	
32	0	48	step_1_no_load	1	2	1	279	
32	0	48	step_2_no_load	3	4	0.657624935632	0.488280685105	4	659	0	
32	0	49	step_1_no_load	1	2	1	322	
32	0	49	step_2_no_load	3	4	0.614679490594	0.489287375157	4	549	1	
32	0	50	step_1_no_load	1	2	1	286	
32	0	50	step_2_no_load	3	4	0.593458480934	0.47381367271	4	569	0	
32	0	51	step_1_no_load	1	2	1	543	
32	0	51	step_2_no_load	5	6	0.508197321577	0.564866799699	6	1057	1	
32	0	52	step_1_no_load	1	2	2	196	
32	0	52	step_2_no_load	5	6	0.513589895419	0.539065404057	6	376	0	
32	0	53	step_1_no_load	1	2	1	217	
32	0	53	step_2_no_load	5	6	0.475342927439	0.551457882502	6	1219	0	
32	0	54	step_1_no_load	1	2	1	184	
32	0	54	step_2_no_load	3	4	0.652515308527	0.491512498697	3	895	0	
32	0	55	step_1_no_load	1	2	1	454	
32	0	55	step_2_no_load	3	4	0.639840796975	0.487025527704	4	465	0	
32	0	56	step_1_no_load	1	2	2	298	
32	0	56	step_2_no_load	5	6	0.538512915562	0.601856598146	5	262	0	
32	0	57	step_1_no_load	1	2	2	332	
32	0	57	step_2_no_load	5	6	0.516475618243	0.641849303307	6	298	0	
32	0	58	step_1_no_load	1	2	1	212	
32	0	58	step_2_no_load	5	6	0.528376440027	0.664682809182	5	330	1	
32	0	59	step_1_no_load	1	2	1	475	
32	0	59	step_2_no_load	5	6	0.537400760025	0.632500293208	5	920	1	
32	0	60	step_1_no_load	1	2	2	212	
32	0	60	step_2_no_load	5	6	0.479287247283	0.623687406259	5	535	0	
32	0	61	step_1_no_load	1	2	1	235	
32	0	61	step_2_no_load	3	4	0.602879526975	0.464268875813	3	425	1	
32	0	62	step_1_no_load	1	2	1	236	
32	0	62	step_2_no_load	3	4	0.622820395113	0.50724109756	3	495	1	
32	0	63	step_1_no_load	1	2	1	129	
32	0	63	step_2_no_load	3	4	0.642623127313	0.53192660365	3	335	1	
32	0	64	step_1_no_load	1	2	1	290	
32	0	64	step_2_no_load	3	4	0.626149195169	0.555062911513	3	358	1	
32	0	65	step_1_no_load	1	2	1	259	
32	0	65	step_2_no_load	3	4	0.619953360065	0.569109504048	3	330	1	
32	0	66	step_1_no_load	1	2	1	262	
32	0	66	step_2_no_load	3	4	0.630357351236	0.573761869714	3	444	1	
32	0	67	step_1_no_load	1	2	1	305	
32	0	67	step_2_no_load	5	6	0.538279387614	0.597650193897	5	363	1	
32	0	68	step_1_no_load	1	2	1	589	
32	0	68	step_2_no_load	3	4	0.719455209845	0.509127161919	3	431	0	
32	0	69	step_1_no_load	1	2	1	621	
32	0	69	step_2_no_load	3	4	0.718756538957	0.499137600991	4	372	0	
32	0	70	step_1_no_load	1	2	2	217	
32	0	70	step_2_no_load	3	4	0.697741832068	0.498834901463	3	348	0	
32	0	71	step_1_no_load	1	2	2	257	
32	0	71	step_2_no_load	5	6	0.546215110045	0.639174917797	5	475	1	
32	0	72	step_1_no_load	1	2	2	324	
32	0	72	step_2_no_load	5	6	0.556486305476	0.626024641967	5	537	0	
32	0	73	step_1_no_load	1	2	2	317	
32	0	73	step_2_no_load	5	6	0.50185699984	0.657126403029	6	407	0	
32	0	74	step_1_no_load	1	2	2	249	
32	0	74	step_2_no_load	5	6	0.491044983779	0.614462146454	5	290	1	
32	0	75	step_1_no_load	1	2	2	274	
32	0	75	step_2_no_load	3	4	0.697629587097	0.44832280175	4	866	0	
32	0	76	step_1_no_load	1	2	2	269	
32	0	76	step_2_no_load	5	6	0.518881389358	0.62770291155	5	579	1	
32	0	77	step_1_no_load	1	2	2	274	
32	0	77	step_2_no_load	5	6	0.538119616568	0.564257587118	5	647	0	
32	0	78	step_1_no_load	1	2	2	338	
32	0	78	step_2_no_load	3	4	0.647586191228	0.435911167612	3	1213	0	
32	0	79	step_1_no_load	1	2	2	220	
32	0	79	step_2_no_load	5	6	0.540085062695	0.513695512795	5	393	0	
32	0	80	step_1_no_load	1	2	2	210	
32	0	80	step_2_no_load	3	4	0.703969305517	0.396016175285	4	909	0	
32	0	81	step_1_no_load	1	2	2	134	
32	0	81	step_2_no_load	5	6	0.494116554432	0.529745690463	6	410	1	
32	0	82	step_1_no_load	1	2	2	228	
32	0	82	step_2_no_load	5	6	0.482727017837	0.564729328387	6	356	0	
32	0	83	step_1_no_load	1	2	2	281	
32	0	83	step_2_no_load	5	6	0.483255412498	0.607907985871	5	276	0	
32	0	84	step_1_no_load	1	2	2	414	
32	0	84	step_2_no_load	5	6	0.505586222209	0.65843840156	6	265	1	
32	0	85	step_1_no_load	1	2	2	0	
32	0	85	step_2_no_load	3	4	0.712989604416	0.384458259121	3	1234	1	
32	0	86	step_1_no_load	1	2	2	250	
32	0	86	step_2_no_load	5	6	0.486462788728	0.691782850001	6	360	0	
32	0	87	step_1_no_load	1	2	1	233	
32	0	87	step_2_no_load	3	4	0.690012761069	0.40000499778	3	302	0	
32	0	88	step_1_no_load	1	2	1	298	
32	0	88	step_2_no_load	5	6	0.509563243675	0.717410082358	-1	-1	-1	
32	0	89	step_1_no_load	1	2	1	408	
32	0	89	step_2_no_load	5	6	0.490019385174	0.690772436485	5	244	0	
32	0	90	step_1_no_load	1	2	1	205	
32	0	90	step_2_no_load	5	6	0.530126112124	0.712247848046	6	971	1	
32	0	91	step_1_no_load	1	2	1	674	
32	0	91	step_2_no_load	3	4	0.657820521772	0.43534164751	3	823	1	
32	0	92	step_1_no_load	1	2	1	268	
32	0	92	step_2_no_load	3	4	0.679381608313	0.444368850664	3	376	1	
32	0	93	step_1_no_load	1	2	1	599	
32	0	93	step_2_no_load	3	4	0.662863370634	0.439878153082	3	420	1	
32	0	94	step_1_no_load	1	2	1	265	
32	0	94	step_2_no_load	5	6	0.468637558205	0.719464414227	5	414	1	
32	0	95	step_1_no_load	1	2	1	646	
32	0	95	step_2_no_load	5	6	0.42505578884	0.715495469274	5	466	1	
32	0	96	step_1_no_load	1	2	2	206	
32	0	96	step_2_no_load	3	4	0.663095813561	0.383038640121	3	845	1	
32	0	97	step_1_no_load	1	2	2	263	
32	0	97	step_2_no_load	5	6	0.455601814112	0.681272614291	5	571	0	
32	0	98	step_1_no_load	1	2	1	244	
32	0	98	step_2_no_load	5	6	0.431479829356	0.70287861952	5	237	0	
32	0	99	step_1_no_load	1	2	1	212	
32	0	99	step_2_no_load	3	4	0.645191748454	0.397561363605	3	678	0	
32	0	100	step_1_no_load	1	2	2	427	
32	0	100	step_2_no_load	5	6	0.363162156005	0.666227451505	6	184	1	
32	0	101	step_1_no_load	1	2	2	559	
32	0	101	step_2_no_load	5	6	0.366879421891	0.623812401974	6	521	1	
32	0	102	step_1_no_load	1	2	2	509	
32	0	102	step_2_no_load	5	6	0.326080462175	0.666304534392	6	492	1	
32	0	103	step_1_no_load	1	2	2	456	
32	0	103	step_2_no_load	5	6	0.322834495838	0.663997796029	6	383	1	
32	0	104	step_1_no_load	1	2	2	379	
32	0	104	step_2_no_load	5	6	0.303696146503	0.703870701136	6	467	0	
32	0	105	step_1_no_load	1	2	1	909	
32	0	105	step_2_no_load	3	4	0.722851301692	0.514318365187	3	283	0	
32	0	106	step_1_no_load	1	2	2	514	
32	0	106	step_2_no_load	5	6	0.374131494222	0.712883638252	6	837	1	
32	0	107	step_1_no_load	1	2	2	376	
32	0	107	step_2_no_load	3	4	0.677514185929	0.565220528809	4	1054	1	
32	0	108	step_1_no_load	1	2	2	21	
32	0	108	step_2_no_load	5	6	0.388185708856	0.695928523711	6	172	0	
32	0	109	step_1_no_load	1	2	2	561	
32	0	109	step_2_no_load	5	6	0.372328831887	0.71632547018	6	518	1	
32	0	110	step_1_no_load	1	2	2	382	
32	0	110	step_2_no_load	5	6	0.395544455384	0.729599891941	6	370	1	
32	0	111	step_1_no_load	1	2	2	333	
32	0	111	step_2_no_load	3	4	0.634599547742	0.384948378665	4	311	0	
32	0	112	step_1_no_load	1	2	2	345	
32	0	112	step_2_no_load	5	6	0.413393106784	0.725701866094	6	303	0	
32	0	113	step_1_no_load	1	2	1	370	
32	0	113	step_2_no_load	3	4	0.634627459817	0.370697120277	3	289	1	
32	0	114	step_1_no_load	1	2	1	325	
32	0	114	step_2_no_load	3	4	0.657654904272	0.380324086676	3	372	1	
32	0	115	step_1_no_load	1	2	1	430	
32	0	115	step_2_no_load	5	6	0.357661171116	0.739704344621	6	895	1	
32	0	116	step_1_no_load	1	2	1	307	
32	0	116	step_2_no_load	5	6	0.369438791876	0.706736514943	6	793	1	
32	0	117	step_1_no_load	1	2	2	513	
32	0	117	step_2_no_load	5	6	0.363056877927	0.747012267642	6	263	1	
32	0	118	step_1_no_load	1	2	2	321	
32	0	118	step_2_no_load	5	6	0.362977115924	0.740051715856	6	646	0	
32	0	119	step_1_no_load	1	2	1	495	
32	0	119	step_2_no_load	3	4	0.661177321751	0.357515098446	3	443	1	
32	0	120	step_1_no_load	1	2	1	429	
32	0	120	step_2_no_load	3	4	0.666433355915	0.370150243662	3	409	0	
32	0	121	step_1_no_load	1	2	1	259	
32	0	121	step_2_no_load	3	4	0.671052306195	0.352721767208	3	492	1	
32	0	122	step_1_no_load	1	2	1	299	
32	0	122	step_2_no_load	3	4	0.672193618854	0.329624572119	3	370	0	
32	0	123	step_1_no_load	1	2	2	427	
32	0	123	step_2_no_load	3	4	0.664849878232	0.337526896345	4	423	0	
32	0	124	step_1_no_load	1	2	2	41	
32	0	124	step_2_no_load	5	6	0.26095206597	0.603013298253	6	356	1	
32	0	125	step_1_no_load	1	2	2	392	
32	0	125	step_2_no_load	3	4	0.633566302563	0.303110862715	4	456	0	
32	0	126	step_1_no_load	1	2	2	445	
32	0	126	step_2_no_load	3	4	0.600985760967	0.300846667696	3	748	1	
32	0	127	step_1_no_load	1	2	2	1	
32	0	127	step_2_no_load	5	6	0.273483952592	0.560824094575	6	455	0	
32	0	128	step_1_no_load	1	2	1	328	
32	0	128	step_2_no_load	5	6	0.260252451606	0.636905534066	5	409	0	
32	0	129	step_1_no_load	1	2	1	359	
32	0	129	step_2_no_load	3	4	0.632682846317	0.271709703542	3	893	1	
32	0	130	step_1_no_load	1	2	1	787	
32	0	130	step_2_no_load	3	4	0.630285316669	0.274560758494	3	545	1	
32	0	131	step_1_no_load	1	2	1	340	
32	0	131	step_2_no_load	5	6	0.281500842289	0.678044920845	6	1215	1	
32	0	132	step_1_no_load	1	2	1	0	
32	0	132	step_2_no_load	5	6	0.27986961048	0.668578020634	6	963	1	
32	0	133	step_1_no_load	1	2	1	114	
32	0	133	step_2_no_load	3	4	0.691649444281	0.312642735495	3	467	0	
32	0	134	step_1_no_load	1	2	2	0	
32	0	134	step_2_no_load	3	4	0.685529359147	0.302839427162	3	1429	1	
32	0	135	step_1_no_load	1	2	2	621	
32	0	135	step_2_no_load	5	6	0.300079459047	0.593710006149	6	505	0	
32	0	136	step_1_no_load	1	2	2	417	
32	0	136	step_2_no_load	5	6	0.307766925452	0.597814413435	5	370	1	
32	0	137	step_1_no_load	1	2	2	439	
32	0	137	step_2_no_load	5	6	0.346433498467	0.605896884497	5	594	0	
32	0	138	step_1_no_load	1	2	1	365	
32	0	138	step_2_no_load	3	4	0.688182193337	0.307694123906	3	393	1	
32	0	139	step_1_no_load	1	2	1	385	
32	0	139	step_2_no_load	3	4	0.696355985729	0.323660750961	3	336	1	
32	0	140	step_1_no_load	1	2	1	408	
32	0	140	step_2_no_load	3	4	0.637682840728	0.328174526491	3	252	1	
32	0	141	step_1_no_load	1	2	1	553	
32	0	141	step_2_no_load	3	4	0.616803346728	0.311809871418	3	263	0	
32	0	142	step_1_no_load	1	2	1	284	
32	0	142	step_2_no_load	3	4	0.627356259123	0.304203281606	3	220	1	
32	0	143	step_1_no_load	1	2	1	304	
32	0	143	step_2_no_load	3	4	0.610219102298	0.313516825296	3	292	0	
32	0	144	step_1_no_load	1	2	1	286	
32	0	144	step_2_no_load	5	6	0.389234194056	0.626443722248	5	269	0	
32	0	145	step_1_no_load	1	2	1	308	
32	0	145	step_2_no_load	3	4	0.606515632748	0.266265924094	3	361	1	
32	0	146	step_1_no_load	1	2	1	322	
32	0	146	step_2_no_load	5	6	0.320877500969	0.681611991725	6	819	0	
32	0	147	step_1_no_load	1	2	1	257	
32	0	147	step_2_no_load	5	6	0.352879785946	0.647798886916	5	350	0	
32	0	148	step_1_no_load	1	2	1	349	
32	0	148	step_2_no_load	3	4	0.648050021239	0.305288021243	3	1021	1	
32	0	149	step_1_no_load	1	2	1	369	
32	0	149	step_2_no_load	5	6	0.300290206122	0.601870110183	6	728	1	
32	0	150	step_1_no_load	1	2	1	1	
32	0	150	step_2_no_load	5	6	0.306860041627	0.575985663078	6	730	1	
32	0	151	step_1_no_load	1	2	1	279	
32	0	151	step_2_no_load	5	6	0.310557101463	0.59154759351	6	635	1	
32	0	152	step_1_no_load	1	2	2	558	
32	0	152	step_2_no_load	5	6	0.323194010514	0.595108765344	6	314	0	
32	0	153	step_1_no_load	1	2	2	284	
32	0	153	step_2_no_load	3	4	0.681559292085	0.309356532263	4	272	0	
32	0	154	step_1_no_load	1	2	2	561	
32	0	154	step_2_no_load	5	6	0.348349389262	0.638934099562	6	468	1	
32	0	155	step_1_no_load	1	2	2	367	
32	0	155	step_2_no_load	5	6	0.372188990474	0.632486591889	6	297	1	
32	0	156	step_1_no_load	1	2	2	377	
32	0	156	step_2_no_load	5	6	0.368378667812	0.631048201903	6	454	0	
32	0	157	step_1_no_load	1	2	1	325	
32	0	157	step_2_no_load	3	4	0.720725456325	0.350909357271	3	233	1	
32	0	158	step_1_no_load	1	2	1	335	
32	0	158	step_2_no_load	3	4	0.694270715354	0.408728803896	3	574	1	
32	0	159	step_1_no_load	1	2	1	349	
32	0	159	step_2_no_load	3	4	0.697903160072	0.413026375257	3	356	0	
32	0	160	step_1_no_load	1	2	1	267	
32	0	160	step_2_no_load	5	6	0.355992626298	0.521229931064	5	162	1	
32	0	161	step_1_no_load	1	2	1	594	
32	0	161	step_2_no_load	3	4	0.719896286569	0.407025633682	3	348	1	
32	0	162	step_1_no_load	1	2	1	351	
32	0	162	step_2_no_load	3	4	0.695144769903	0.3926701003	3	562	0	
32	0	163	step_1_no_load	1	2	1	328	
32	0	163	step_2_no_load	3	4	0.697095951435	0.395221309311	3	151	1	
32	0	164	step_1_no_load	1	2	1	303	
32	0	164	step_2_no_load	3	4	0.692137394606	0.432761720497	3	410	1	
32	0	165	step_1_no_load	1	2	1	353	
32	0	165	step_2_no_load	5	6	0.347974240867	0.538026607649	5	355	0	
32	0	166	step_1_no_load	1	2	1	330	
32	0	166	step_2_no_load	3	4	0.686594248975	0.422282731054	3	513	1	
32	0	167	step_1_no_load	1	2	1	336	
32	0	167	step_2_no_load	5	6	0.331115714939	0.585131062446	6	881	1	
32	0	168	step_1_no_load	1	2	1	490	
32	0	168	step_2_no_load	3	4	0.67192508984	0.400817642375	3	537	1	
32	0	169	step_1_no_load	1	2	1	386	
32	0	169	step_2_no_load	5	6	0.365156560071	0.586049140041	5	331	1	
32	0	170	step_1_no_load	1	2	1	305	
32	0	170	step_2_no_load	3	4	0.67334314737	0.411067820436	3	529	1	
32	0	171	step_1_no_load	1	2	1	371	
32	0	171	step_2_no_load	3	4	0.727248140829	0.386979310814	3	388	1	
32	0	172	step_1_no_load	1	2	1	470	
32	0	172	step_2_no_load	3	4	0.668669556875	0.363617002148	3	361	1	
32	0	173	step_1_no_load	1	2	1	346	
32	0	173	step_2_no_load	3	4	0.667027212577	0.385349297983	3	435	0	
32	0	174	step_1_no_load	1	2	1	336	
32	0	174	step_2_no_load	3	4	0.729877433725	0.387867297446	3	398	0	
32	0	175	step_1_no_load	1	2	2	108	
32	0	175	step_2_no_load	5	6	0.484825491933	0.52644949356	6	996	1	
32	0	176	step_1_no_load	1	2	2	446	
32	0	176	step_2_no_load	5	6	0.500856457218	0.474046874473	6	318	1	
32	0	177	step_1_no_load	1	2	2	378	
32	0	177	step_2_no_load	3	4	0.714070205704	0.357425668099	4	296	0	
32	0	178	step_1_no_load	1	2	2	310	
32	0	178	step_2_no_load	5	6	0.49020858644	0.493712351915	6	302	0	
32	0	179	step_1_no_load	1	2	2	383	
32	0	179	step_2_no_load	3	4	0.709345707515	0.324685418097	3	1083	1	
32	0	180	step_1_no_load	1	2	1	211	
32	0	180	step_2_no_load	3	4	0.719795072986	0.341214611607	3	277	1	
32	0	181	step_1_no_load	1	2	1	308	
32	0	181	step_2_no_load	3	4	0.746910336326	0.342402764747	3	367	0	
32	0	182	step_1_no_load	1	2	1	456	
32	0	182	step_2_no_load	3	4	0.72717560423	0.340533666308	3	917	0	
32	0	183	step_1_no_load	1	2	2	513	
32	0	183	step_2_no_load	5	6	0.492742497507	0.502991759047	5	298	1	
32	0	184	step_1_no_load	1	2	2	269	
32	0	184	step_2_no_load	5	6	0.480863422096	0.460890977786	5	830	0	
32	0	185	step_1_no_load	1	2	2	295	
32	0	185	step_2_no_load	5	6	0.482228039858	0.479703516092	6	308	1	
32	0	186	step_1_no_load	1	2	2	462	
32	0	186	step_2_no_load	3	4	0.656308636836	0.332733011923	4	248	0	
32	0	187	step_1_no_load	1	2	2	476	
32	0	187	step_2_no_load	5	6	0.498596507669	0.443962917772	6	547	0	
32	0	188	step_1_no_load	1	2	2	320	
32	0	188	step_2_no_load	5	6	0.548350535247	0.471319680586	6	331	1	
32	0	189	step_1_no_load	1	2	2	413	
32	0	189	step_2_no_load	3	4	0.688353284054	0.285168135955	4	433	0	
32	0	190	step_1_no_load	1	2	2	254	
32	0	190	step_2_no_load	5	6	0.505820429042	0.433568856946	6	600	0	
32	0	191	step_1_no_load	1	2	1	553	
32	0	191	step_2_no_load	3	4	0.664271461991	0.318839908867	3	404	0	
32	0	192	step_1_no_load	1	2	2	523	
32	0	192	step_2_no_load	5	6	0.493851022417	0.450791310283	5	352	1	
32	0	193	step_1_no_load	1	2	2	712	
32	0	193	step_2_no_load	5	6	0.504944704439	0.440813209638	5	471	1	
32	0	194	step_1_no_load	1	2	2	390	
32	0	194	step_2_no_load	3	4	0.655261361454	0.342437174514	3	1120	1	
32	0	195	step_1_no_load	1	2	2	261	
32	0	195	step_2_no_load	3	4	0.646280688878	0.348571348505	3	1157	1	
32	0	196	step_1_no_load	1	2	2	498	
32	0	196	step_2_no_load	3	4	0.695101215304	0.365373286058	3	755	1	
32	0	197	step_1_no_load	1	2	2	640	
32	0	197	step_2_no_load	5	6	0.47786945426	0.422511153127	5	491	1	
32	0	198	step_1_no_load	1	2	2	494	
32	0	198	step_2_no_load	3	4	0.68660989813	0.303352625941	-1	-1	-1	
32	0	199	step_1_no_load	1	2	2	471	
32	0	199	step_2_no_load	5	6	0.529438031858	0.39793773834	5	566	0	
32	0	200	step_1_no_load	1	2	2	268	
32	0	200	step_2_no_load	5	6	0.507902534353	0.372436949782	5	621	0	

Tue Oct 25 13:32:41 2016
