Wed Oct 26 12:52:07 2016	
33	0	1	step_1_no_load	1	2	1	766	
33	0	1	step_2_no_load	5	6	0.594299910136	0.598297890399	5	437	0	
33	0	2	step_1_no_load	1	2	1	344	
33	0	2	step_2_no_load	3	4	0.533203491871	0.474613197709	4	542	1	
33	0	3	step_1_no_load	1	2	1	284	
33	0	3	step_2_no_load	3	4	0.516002945397	0.476767372206	4	691	0	
33	0	4	step_1_no_load	1	2	1	0	
33	0	4	step_2_no_load	3	4	0.494597764192	0.478607661228	4	750	1	
33	0	5	step_1_no_load	1	2	1	463	
33	0	5	step_2_no_load	3	4	0.543908521457	0.495568760483	4	660	1	
33	0	6	step_1_no_load	1	2	1	405	
33	0	6	step_2_no_load	5	6	0.603642866427	0.585722686883	5	928	1	
33	0	7	step_1_no_load	1	2	1	386	
33	0	7	step_2_no_load	3	4	0.506408070053	0.500071913476	4	673	0	
33	0	8	step_1_no_load	1	2	1	420	
33	0	8	step_2_no_load	5	6	0.624210374623	0.59128639594	5	655	1	
33	0	9	step_1_no_load	1	2	1	596	
33	0	9	step_2_no_load	3	4	0.54429228266	0.496546708465	3	1059	1	
33	0	10	step_1_no_load	1	2	1	446	
33	0	10	step_2_no_load	5	6	0.636063269715	0.652626043146	5	663	1	
33	0	11	step_1_no_load	1	2	1	326	
33	0	11	step_2_no_load	3	4	0.59022801242	0.477013315682	4	650	1	
33	0	12	step_1_no_load	1	2	1	471	
33	0	12	step_2_no_load	3	4	0.597131918027	0.48457206759	4	478	1	
33	0	13	step_1_no_load	1	2	1	411	
33	0	13	step_2_no_load	5	6	0.558313135925	0.653587098421	5	463	0	
33	0	14	step_1_no_load	1	2	1	427	
33	0	14	step_2_no_load	5	6	0.545555696267	0.629137942344	5	497	1	
33	0	15	step_1_no_load	1	2	1	522	
33	0	15	step_2_no_load	5	6	0.570419113221	0.612260006668	5	692	0	
33	0	16	step_1_no_load	1	2	1	555	
33	0	16	step_2_no_load	3	4	0.626326396372	0.510958036527	4	891	1	
33	0	17	step_1_no_load	1	2	1	480	
33	0	17	step_2_no_load	3	4	0.643116883134	0.535958400205	4	1275	1	
33	0	18	step_1_no_load	1	2	1	442	
33	0	18	step_2_no_load	3	4	0.626895526976	0.517514133912	4	546	1	
33	0	19	step_1_no_load	1	2	1	476	
33	0	19	step_2_no_load	3	4	0.644773170243	0.498240186199	4	536	0	
33	0	20	step_1_no_load	1	2	1	388	
33	0	20	step_2_no_load	3	4	0.60665343963	0.478025448397	3	508	0	
33	0	21	step_1_no_load	1	2	1	402	
33	0	21	step_2_no_load	3	4	0.611328949295	0.49769376036	4	654	1	
33	0	22	step_1_no_load	1	2	1	532	
33	0	22	step_2_no_load	3	4	0.618527126547	0.506100011497	4	544	1	
33	0	23	step_1_no_load	1	2	1	460	
33	0	23	step_2_no_load	3	4	0.604065470975	0.520606588181	3	608	1	
33	0	24	step_1_no_load	1	2	1	433	
33	0	24	step_2_no_load	3	4	0.5800912085	0.505388876622	4	828	0	
33	0	25	step_1_no_load	1	2	1	395	
33	0	25	step_2_no_load	5	6	0.503605105412	0.565698722896	5	519	0	
33	0	26	step_1_no_load	1	2	1	273	
33	0	26	step_2_no_load	5	6	0.532884212818	0.592410219737	6	660	1	
33	0	27	step_1_no_load	1	2	1	450	
33	0	27	step_2_no_load	5	6	0.54756089792	0.57860777711	6	369	0	
33	0	28	step_1_no_load	1	2	1	343	
33	0	28	step_2_no_load	3	4	0.647441527317	0.520177259699	4	934	0	
33	0	29	step_1_no_load	1	2	1	382	
33	0	29	step_2_no_load	3	4	0.618626354124	0.521159009103	4	671	0	
33	0	30	step_1_no_load	1	2	1	503	
33	0	30	step_2_no_load	3	4	0.610227092493	0.4919199548	3	363	1	
33	0	31	step_1_no_load	1	2	1	437	
33	0	31	step_2_no_load	3	4	0.606122691795	0.483156722265	3	1048	1	
33	0	32	step_1_no_load	1	2	1	478	
33	0	32	step_2_no_load	3	4	0.605616211083	0.520318771114	3	840	0	
33	0	33	step_1_no_load	1	2	1	314	
33	0	33	step_2_no_load	3	4	0.618000238621	0.487664344039	4	622	0	
33	0	34	step_1_no_load	1	2	2	326	
33	0	34	step_2_no_load	5	6	0.538523758058	0.575802910074	5	458	0	
33	0	35	step_1_no_load	1	2	2	339	
33	0	35	step_2_no_load	5	6	0.594167768198	0.566827313385	6	457	1	
33	0	36	step_1_no_load	1	2	2	350	
33	0	36	step_2_no_load	5	6	0.611274573488	0.527635087561	6	645	1	
33	0	37	step_1_no_load	1	2	2	413	
33	0	37	step_2_no_load	5	6	0.598446394142	0.513822304161	6	392	0	
33	0	38	step_1_no_load	1	2	2	340	
33	0	38	step_2_no_load	5	6	0.595113730206	0.539078491643	5	398	1	
33	0	39	step_1_no_load	1	2	2	341	
33	0	39	step_2_no_load	3	4	0.634483337633	0.578640235206	3	878	1	
33	0	40	step_1_no_load	1	2	2	373	
33	0	40	step_2_no_load	5	6	0.607992802154	0.580760785074	5	337	0	
33	0	41	step_1_no_load	1	2	2	318	
33	0	41	step_2_no_load	3	4	0.633285941184	0.583829055298	4	331	1	
33	0	42	step_1_no_load	1	2	2	455	
33	0	42	step_2_no_load	5	6	0.609164606591	0.533857158543	5	377	0	
33	0	43	step_1_no_load	1	2	2	372	
33	0	43	step_2_no_load	5	6	0.612705031264	0.553703096215	6	394	1	
33	0	44	step_1_no_load	1	2	2	450	
33	0	44	step_2_no_load	3	4	0.589653131867	0.537842745081	3	647	1	
33	0	45	step_1_no_load	1	2	2	390	
33	0	45	step_2_no_load	3	4	0.620699591043	0.5288039409	3	680	1	
33	0	46	step_1_no_load	1	2	2	362	
33	0	46	step_2_no_load	5	6	0.600964500555	0.55511883717	6	1095	1	
33	0	47	step_1_no_load	1	2	2	384	
33	0	47	step_2_no_load	5	6	0.598724660986	0.546259467838	5	436	0	
33	0	48	step_1_no_load	1	2	2	344	
33	0	48	step_2_no_load	5	6	0.615767119776	0.534690828011	6	337	1	
33	0	49	step_1_no_load	1	2	2	483	
33	0	49	step_2_no_load	3	4	0.614679490594	0.489287375157	3	1018	0	
33	0	50	step_1_no_load	1	2	2	340	
33	0	50	step_2_no_load	5	6	0.606862017918	0.481616544184	6	692	0	
33	0	51	step_1_no_load	1	2	1	306	
33	0	51	step_2_no_load	3	4	0.613357430892	0.469943944943	3	596	1	
33	0	52	step_1_no_load	1	2	1	622	
33	0	52	step_2_no_load	3	4	0.613408921915	0.429622901875	3	430	0	
33	0	53	step_1_no_load	1	2	1	487	
33	0	53	step_2_no_load	5	6	0.551457882502	0.475342927439	6	1200	1	
33	0	54	step_1_no_load	1	2	1	290	
33	0	54	step_2_no_load	3	4	0.652515308527	0.491512498697	4	534	0	
33	0	55	step_1_no_load	1	2	1	377	
33	0	55	step_2_no_load	5	6	0.574045915747	0.526704292526	6	580	1	
33	0	56	step_1_no_load	1	2	2	555	
33	0	56	step_2_no_load	3	4	0.60038825769	0.459773408493	4	749	0	
33	0	57	step_1_no_load	1	2	2	248	
33	0	57	step_2_no_load	5	6	0.641849303307	0.516475618243	5	859	0	
33	0	58	step_1_no_load	1	2	2	329	
33	0	58	step_2_no_load	5	6	0.664682809182	0.528376440027	6	933	1	
33	0	59	step_1_no_load	1	2	2	425	
33	0	59	step_2_no_load	5	6	0.632500293208	0.537400760025	6	674	1	
33	0	60	step_1_no_load	1	2	2	336	
33	0	60	step_2_no_load	3	4	0.599559577859	0.491916707098	3	530	0	
33	0	61	step_1_no_load	1	2	2	376	
33	0	61	step_2_no_load	5	6	0.669587072502	0.527144452559	6	691	0	
33	0	62	step_1_no_load	1	2	2	303	
33	0	62	step_2_no_load	5	6	0.691137204746	0.533031417444	6	786	1	
33	0	63	step_1_no_load	1	2	2	354	
33	0	63	step_2_no_load	3	4	0.642623127313	0.53192660365	4	332	1	
33	0	64	step_1_no_load	1	2	2	324	
33	0	64	step_2_no_load	3	4	0.626149195169	0.555062911513	4	430	0	
33	0	65	step_1_no_load	1	2	2	436	
33	0	65	step_2_no_load	3	4	0.619953360065	0.569109504048	4	430	1	
33	0	66	step_1_no_load	1	2	2	390	
33	0	66	step_2_no_load	5	6	0.606938648072	0.555324764318	5	486	1	
33	0	67	step_1_no_load	1	2	2	377	
33	0	67	step_2_no_load	3	4	0.674463681351	0.542076810516	3	654	1	
33	0	68	step_1_no_load	1	2	2	1054	
33	0	68	step_2_no_load	3	4	0.719455209845	0.509127161919	3	1038	0	
33	0	69	step_1_no_load	1	2	2	282	
33	0	69	step_2_no_load	5	6	0.622221685203	0.560462111264	6	622	0	
33	0	70	step_1_no_load	1	2	2	344	
33	0	70	step_2_no_load	5	6	0.637556284465	0.548075770764	5	662	0	
33	0	71	step_1_no_load	1	2	2	385	
33	0	71	step_2_no_load	3	4	0.706816191949	0.482863323776	4	470	1	
33	0	72	step_1_no_load	1	2	2	379	
33	0	72	step_2_no_load	5	6	0.626024641967	0.556486305476	5	561	1	
33	0	73	step_1_no_load	1	2	2	348	
33	0	73	step_2_no_load	5	6	0.657126403029	0.50185699984	5	641	1	
33	0	74	step_1_no_load	1	2	2	363	
33	0	74	step_2_no_load	5	6	0.614462146454	0.491044983779	5	669	1	
33	0	75	step_1_no_load	1	2	2	407	
33	0	75	step_2_no_load	3	4	0.697629587097	0.44832280175	4	380	0	
33	0	76	step_1_no_load	1	2	2	289	
33	0	76	step_2_no_load	5	6	0.62770291155	0.518881389358	5	483	0	
33	0	77	step_1_no_load	1	2	2	373	
33	0	77	step_2_no_load	5	6	0.564257587118	0.538119616568	5	674	0	
33	0	78	step_1_no_load	1	2	2	438	
33	0	78	step_2_no_load	3	4	0.647586191228	0.435911167612	4	507	0	
33	0	79	step_1_no_load	1	2	2	412	
33	0	79	step_2_no_load	5	6	0.513695512795	0.540085062695	6	982	1	
33	0	80	step_1_no_load	1	2	2	400	
33	0	80	step_2_no_load	3	4	0.703969305517	0.396016175285	4	369	0	
33	0	81	step_1_no_load	1	2	2	302	
33	0	81	step_2_no_load	5	6	0.529745690463	0.494116554432	5	867	1	
33	0	82	step_1_no_load	1	2	2	402	
33	0	82	step_2_no_load	3	4	0.688340116885	0.395813831323	3	814	1	
33	0	83	step_1_no_load	1	2	2	441	
33	0	83	step_2_no_load	5	6	0.607907985871	0.483255412498	5	602	1	
33	0	84	step_1_no_load	1	2	2	349	
33	0	84	step_2_no_load	5	6	0.65843840156	0.505586222209	6	493	1	
33	0	85	step_1_no_load	1	2	2	418	
33	0	85	step_2_no_load	5	6	0.692384972752	0.485785534744	5	417	0	
33	0	86	step_1_no_load	1	2	2	350	
33	0	86	step_2_no_load	5	6	0.691782850001	0.486462788728	5	683	1	
33	0	87	step_1_no_load	1	2	2	407	
33	0	87	step_2_no_load	3	4	0.690012761069	0.40000499778	4	678	1	
33	0	88	step_1_no_load	1	2	2	481	
33	0	88	step_2_no_load	5	6	0.717410082358	0.509563243675	5	597	0	
33	0	89	step_1_no_load	1	2	2	435	
33	0	89	step_2_no_load	5	6	0.690772436485	0.490019385174	6	695	1	
33	0	90	step_1_no_load	1	2	2	462	
33	0	90	step_2_no_load	5	6	0.712247848046	0.530126112124	6	438	0	
33	0	91	step_1_no_load	1	2	2	1010	
33	0	91	step_2_no_load	5	6	0.685023809334	0.479087223222	5	538	0	
33	0	92	step_1_no_load	1	2	2	382	
33	0	92	step_2_no_load	5	6	0.692406274724	0.484260039873	6	589	0	
33	0	93	step_1_no_load	1	2	1	517	
33	0	93	step_2_no_load	3	4	0.662863370634	0.439878153082	3	509	1	
33	0	94	step_1_no_load	1	2	1	570	
33	0	94	step_2_no_load	3	4	0.668295023896	0.429211756872	3	465	0	
33	0	95	step_1_no_load	1	2	1	618	
33	0	95	step_2_no_load	3	4	0.640209855442	0.427150666411	4	429	0	
33	0	96	step_1_no_load	1	2	2	549	
33	0	96	step_2_no_load	5	6	0.693739812506	0.437558890646	5	371	1	
33	0	97	step_1_no_load	1	2	2	464	
33	0	97	step_2_no_load	3	4	0.651202057411	0.392885664353	3	1044	1	
33	0	98	step_1_no_load	1	2	2	509	
33	0	98	step_2_no_load	5	6	0.70287861952	0.431479829356	6	638	1	
33	0	99	step_1_no_load	1	2	2	384	
33	0	99	step_2_no_load	5	6	0.673709850038	0.375249961522	5	608	1	
33	0	100	step_1_no_load	1	2	2	418	
33	0	100	step_2_no_load	5	6	0.666227451505	0.363162156005	5	565	1	
33	0	101	step_1_no_load	1	2	2	359	
33	0	101	step_2_no_load	3	4	0.655903528958	0.497432607584	4	356	1	
33	0	102	step_1_no_load	1	2	1	416	
33	0	102	step_2_no_load	3	4	0.663124617603	0.494584754513	3	557	1	
33	0	103	step_1_no_load	1	2	1	409	
33	0	103	step_2_no_load	5	6	0.663997796029	0.322834495838	5	599	1	
33	0	104	step_1_no_load	1	2	2	707	
33	0	104	step_2_no_load	5	6	0.703870701136	0.303696146503	6	525	1	
33	0	105	step_1_no_load	1	2	2	483	
33	0	105	step_2_no_load	3	4	0.722851301692	0.514318365187	3	541	0	
33	0	106	step_1_no_load	1	2	2	449	
33	0	106	step_2_no_load	5	6	0.712883638252	0.374131494222	6	496	0	
33	0	107	step_1_no_load	1	2	2	558	
33	0	107	step_2_no_load	3	4	0.677514185929	0.565220528809	3	489	1	
33	0	108	step_1_no_load	1	2	1	345	
33	0	108	step_2_no_load	3	4	0.681491063126	0.526955028982	3	422	0	
33	0	109	step_1_no_load	1	2	1	435	
33	0	109	step_2_no_load	3	4	0.68658494263	0.479977531501	3	909	1	
33	0	110	step_1_no_load	1	2	1	388	
33	0	110	step_2_no_load	3	4	0.65455226558	0.432626681236	3	501	1	
33	0	111	step_1_no_load	1	2	1	338	
33	0	111	step_2_no_load	5	6	0.724852671171	0.407158158569	6	538	1	
33	0	112	step_1_no_load	1	2	1	411	
33	0	112	step_2_no_load	3	4	0.635252945963	0.392887565883	3	454	0	
33	0	113	step_1_no_load	1	2	1	317	
33	0	113	step_2_no_load	3	4	0.634627459817	0.370697120277	3	469	0	
33	0	114	step_1_no_load	1	2	1	362	
33	0	114	step_2_no_load	3	4	0.657654904272	0.380324086676	4	542	0	
33	0	115	step_1_no_load	1	2	1	282	
33	0	115	step_2_no_load	3	4	0.645721217949	0.390027643099	4	402	1	
33	0	116	step_1_no_load	1	2	2	431	
33	0	116	step_2_no_load	3	4	0.680124293449	0.378149844807	3	720	1	
33	0	117	step_1_no_load	1	2	2	620	
33	0	117	step_2_no_load	5	6	0.747012267642	0.363056877927	6	469	0	
33	0	118	step_1_no_load	1	2	2	417	
33	0	118	step_2_no_load	5	6	0.740051715856	0.362977115924	5	590	1	
33	0	119	step_1_no_load	1	2	1	406	
33	0	119	step_2_no_load	5	6	0.690424535099	0.358243439099	5	707	1	
33	0	120	step_1_no_load	1	2	1	373	
33	0	120	step_2_no_load	3	4	0.666433355915	0.370150243662	3	483	0	
33	0	121	step_1_no_load	1	2	2	428	
33	0	121	step_2_no_load	5	6	0.658856304095	0.310775244958	5	507	0	
33	0	122	step_1_no_load	1	2	2	473	
33	0	122	step_2_no_load	5	6	0.6136886145	0.266650857402	6	451	0	
33	0	123	step_1_no_load	1	2	1	435	
33	0	123	step_2_no_load	3	4	0.664849878232	0.337526896345	3	505	1	
33	0	124	step_1_no_load	1	2	1	426	
33	0	124	step_2_no_load	3	4	0.624161788269	0.309430836661	3	627	1	
33	0	125	step_1_no_load	1	2	1	499	
33	0	125	step_2_no_load	3	4	0.633566302563	0.303110862715	3	518	1	
33	0	126	step_1_no_load	1	2	1	364	
33	0	126	step_2_no_load	3	4	0.600985760967	0.300846667696	3	711	1	
33	0	127	step_1_no_load	1	2	1	348	
33	0	127	step_2_no_load	3	4	0.646945556251	0.274944938508	4	369	0	
33	0	128	step_1_no_load	1	2	1	397	
33	0	128	step_2_no_load	3	4	0.620672334996	0.250790232267	3	575	0	
33	0	129	step_1_no_load	1	2	2	395	
33	0	129	step_2_no_load	5	6	0.685297910719	0.268213321963	6	605	0	
33	0	130	step_1_no_load	1	2	2	344	
33	0	130	step_2_no_load	5	6	0.682031489739	0.267460866951	5	589	1	
33	0	131	step_1_no_load	1	2	1	541	
33	0	131	step_2_no_load	3	4	0.638450601212	0.311475039155	3	409	0	
33	0	132	step_1_no_load	1	2	1	367	
33	0	132	step_2_no_load	5	6	0.668578020634	0.27986961048	6	466	0	
33	0	133	step_1_no_load	1	2	1	488	
33	0	133	step_2_no_load	3	4	0.691649444281	0.312642735495	4	398	0	
33	0	134	step_1_no_load	1	2	1	309	
33	0	134	step_2_no_load	3	4	0.685529359147	0.302839427162	3	463	1	
33	0	135	step_1_no_load	1	2	1	755	
33	0	135	step_2_no_load	3	4	0.700779221781	0.287118934166	3	741	0	
33	0	136	step_1_no_load	1	2	1	265	
33	0	136	step_2_no_load	5	6	0.597814413435	0.307766925452	5	563	0	
33	0	137	step_1_no_load	1	2	1	396	
33	0	137	step_2_no_load	3	4	0.668540846495	0.325016613024	4	413	0	
33	0	138	step_1_no_load	1	2	2	372	
33	0	138	step_2_no_load	5	6	0.63240964674	0.366701525561	5	634	1	
33	0	139	step_1_no_load	1	2	1	503	
33	0	139	step_2_no_load	3	4	0.696355985729	0.323660750961	4	419	1	
33	0	140	step_1_no_load	1	2	1	380	
33	0	140	step_2_no_load	3	4	0.637682840728	0.328174526491	4	427	0	
33	0	141	step_1_no_load	1	2	1	464	
33	0	141	step_2_no_load	3	4	0.616803346728	0.311809871418	3	309	1	
33	0	142	step_1_no_load	1	2	1	400	
33	0	142	step_2_no_load	3	4	0.627356259123	0.304203281606	3	606	1	
33	0	143	step_1_no_load	1	2	1	278	
33	0	143	step_2_no_load	5	6	0.661365099615	0.410970957547	5	332	1	
33	0	144	step_1_no_load	1	2	1	332	
33	0	144	step_2_no_load	3	4	0.639347300184	0.275932517017	3	445	0	
33	0	145	step_1_no_load	1	2	-1	-1	
33	0	146	step_1_no_load	1	2	1	354	
33	0	146	step_2_no_load	3	4	0.593778463268	0.257861956214	3	440	1	
33	0	147	step_1_no_load	1	2	1	500	
33	0	147	step_2_no_load	3	4	0.594861186319	0.265578160642	3	707	0	
33	0	148	step_1_no_load	1	2	2	507	
33	0	148	step_2_no_load	3	4	0.648050021239	0.305288021243	4	437	1	
33	0	149	step_1_no_load	1	2	1	501	
33	0	149	step_2_no_load	5	6	0.601870110183	0.300290206122	5	453	0	
33	0	150	step_1_no_load	1	2	2	549	
33	0	150	step_2_no_load	3	4	0.605912419156	0.305587692243	4	959	0	
33	0	151	step_1_no_load	1	2	1	441	
33	0	151	step_2_no_load	3	4	0.614159737668	0.348172164421	3	464	0	
33	0	152	step_1_no_load	1	2	2	340	
33	0	152	step_2_no_load	3	4	0.644204174791	0.307702500543	4	386	0	
33	0	153	step_1_no_load	1	2	1	346	
33	0	153	step_2_no_load	3	4	0.681559292085	0.309356532263	3	518	1	
33	0	154	step_1_no_load	1	2	1	468	
33	0	154	step_2_no_load	3	4	0.671672162443	0.316375537537	3	402	0	
33	0	155	step_1_no_load	1	2	1	837	
33	0	155	step_2_no_load	3	4	0.716100930629	0.296093457977	3	370	1	
33	0	156	step_1_no_load	1	2	1	1400	
33	0	156	step_2_no_load	5	6	0.631048201903	0.368378667812	-1	-1	-1	
33	0	157	step_1_no_load	1	2	1	649	
33	0	157	step_2_no_load	3	4	0.720725456325	0.350909357271	3	997	1	
33	0	158	step_1_no_load	1	2	1	353	
33	0	158	step_2_no_load	5	6	0.532722108502	0.334595868098	5	450	0	
33	0	159	step_1_no_load	1	2	1	388	
33	0	159	step_2_no_load	5	6	0.541222065796	0.321150411254	5	389	0	
33	0	160	step_1_no_load	1	2	1	374	
33	0	160	step_2_no_load	3	4	0.710728171711	0.415052912783	3	495	1	
33	0	161	step_1_no_load	1	2	2	372	
33	0	161	step_2_no_load	5	6	0.516036498158	0.438878285506	5	537	0	
33	0	162	step_1_no_load	1	2	1	585	
33	0	162	step_2_no_load	5	6	0.566496468084	0.455329532209	6	849	1	
33	0	163	step_1_no_load	1	2	1	372	
33	0	163	step_2_no_load	3	4	0.697095951435	0.395221309311	3	451	1	
33	0	164	step_1_no_load	1	2	1	1023	
33	0	164	step_2_no_load	5	6	0.585961845322	0.430844125626	6	600	0	
33	0	165	step_1_no_load	1	2	1	479	
33	0	165	step_2_no_load	3	4	0.717506143195	0.463777557969	3	453	1	
33	0	166	step_1_no_load	1	2	1	454	
33	0	166	step_2_no_load	3	4	0.686594248975	0.422282731054	3	537	1	
33	0	167	step_1_no_load	1	2	1	372	
33	0	167	step_2_no_load	3	4	0.706271792549	0.38753671275	4	721	1	
33	0	168	step_1_no_load	1	2	1	605	
33	0	168	step_2_no_load	3	4	0.67192508984	0.400817642375	3	478	1	
33	0	169	step_1_no_load	1	2	1	932	
33	0	169	step_2_no_load	3	4	0.704981910944	0.42098542374	4	862	0	
33	0	170	step_1_no_load	1	2	1	853	
33	0	170	step_2_no_load	3	4	0.67334314737	0.411067820436	3	377	0	
33	0	171	step_1_no_load	1	2	2	526	
33	0	171	step_2_no_load	5	6	0.553314431843	0.425122034074	5	548	0	
33	0	172	step_1_no_load	1	2	2	405	
33	0	172	step_2_no_load	3	4	0.668669556875	0.363617002148	4	447	0	
33	0	173	step_1_no_load	1	2	1	490	
33	0	173	step_2_no_load	3	4	0.667027212577	0.385349297983	3	652	1	
33	0	174	step_1_no_load	1	2	1	1190	
33	0	174	step_2_no_load	3	4	0.729877433725	0.387867297446	3	503	1	
33	0	175	step_1_no_load	1	2	1	488	
33	0	175	step_2_no_load	5	6	0.52644949356	0.484825491933	5	491	1	
33	0	176	step_1_no_load	1	2	1	410	
33	0	176	step_2_no_load	3	4	0.679250000396	0.383231572002	3	362	0	
33	0	177	step_1_no_load	1	2	1	420	
33	0	177	step_2_no_load	3	4	0.714070205704	0.357425668099	4	431	1	
33	0	178	step_1_no_load	1	2	1	1425	
33	0	178	step_2_no_load	3	4	0.705993797498	0.36473828006	4	1419	0	
33	0	179	step_1_no_load	1	2	2	1063	
33	0	179	step_2_no_load	5	6	0.457298770028	0.493565996034	5	616	0	
33	0	180	step_1_no_load	1	2	2	335	
33	0	180	step_2_no_load	3	4	0.719795072986	0.341214611607	4	504	1	
33	0	181	step_1_no_load	1	2	2	409	
33	0	181	step_2_no_load	5	6	0.508735114046	0.480141179559	6	399	1	
33	0	182	step_1_no_load	1	2	2	499	
33	0	182	step_2_no_load	5	6	0.506773281362	0.49907747228	5	373	1	
33	0	183	step_1_no_load	1	2	2	374	
33	0	183	step_2_no_load	5	6	0.502991759047	0.492742497507	5	496	1	
33	0	184	step_1_no_load	1	2	1	716	
33	0	184	step_2_no_load	5	6	0.460890977786	0.480863422096	6	396	0	
33	0	185	step_1_no_load	1	2	2	545	
33	0	185	step_2_no_load	3	4	0.665622647081	0.362611152222	3	379	1	
33	0	186	step_1_no_load	1	2	2	353	
33	0	186	step_2_no_load	5	6	0.46870859828	0.484672582719	6	388	1	
33	0	187	step_1_no_load	1	2	2	333	
33	0	187	step_2_no_load	3	4	0.678211978625	0.328890769988	3	464	1	
33	0	188	step_1_no_load	1	2	2	631	
33	0	188	step_2_no_load	5	6	0.471319680586	0.548350535247	6	414	0	
33	0	189	step_1_no_load	1	2	1	311	
33	0	189	step_2_no_load	3	4	0.688353284054	0.285168135955	4	461	0	
33	0	190	step_1_no_load	1	2	1	332	
33	0	190	step_2_no_load	3	4	0.667655825994	0.304557739386	3	315	0	
33	0	191	step_1_no_load	1	2	1	383	
33	0	191	step_2_no_load	5	6	0.435748387321	0.512103523931	5	311	1	
33	0	192	step_1_no_load	1	2	1	376	
33	0	192	step_2_no_load	5	6	0.450791310283	0.493851022417	5	401	1	
33	0	193	step_1_no_load	1	2	1	373	
33	0	193	step_2_no_load	3	4	0.679792491164	0.321008037746	3	627	1	
33	0	194	step_1_no_load	1	2	1	509	
33	0	194	step_2_no_load	5	6	0.433250459893	0.505359594715	5	386	0	
33	0	195	step_1_no_load	1	2	2	432	
33	0	195	step_2_no_load	5	6	0.466795336969	0.494102184238	6	438	1	
33	0	196	step_1_no_load	1	2	2	464	
33	0	196	step_2_no_load	5	6	0.421761207498	0.496717662777	6	399	0	
33	0	197	step_1_no_load	1	2	1	450	
33	0	197	step_2_no_load	5	6	0.422511153127	0.47786945426	5	494	1	
33	0	198	step_1_no_load	1	2	2	1	
33	0	198	step_2_no_load	5	6	0.397292432346	0.485065498391	6	521	0	
33	0	199	step_1_no_load	1	2	1	394	
33	0	199	step_2_no_load	3	4	0.73697129762	0.292861528884	3	506	1	
33	0	200	step_1_no_load	1	2	1	227	
33	0	200	step_2_no_load	3	4	0.728996708473	0.299128796668	3	355	1	

Wed Oct 26 13:09:45 2016
