Wed Nov 16 16:43:30 2016	
36	0	1	step_1_no_load	1	2	-1	-1	
36	0	2	step_1_no_load	1	2	1	0	
36	0	2	step_2_no_load	3	4	0.474613197709	0.533203491871	-1	-1	-1	
36	0	3	step_1_no_load	1	2	2	1196	
36	0	3	step_2_no_load	3	4	0.476767372206	0.516002945397	3	1457	0	
36	0	4	step_1_no_load	1	2	2	836	
36	0	4	step_2_no_load	5	6	0.564086293706	0.597491569846	5	1037	0	
36	0	5	step_1_no_load	1	2	2	740	
36	0	5	step_2_no_load	3	4	0.495568760483	0.543908521457	3	833	0	
36	0	6	step_1_no_load	1	2	2	417	
36	0	6	step_2_no_load	5	6	0.603642866427	0.585722686883	6	622	0	
36	0	7	step_1_no_load	1	2	1	272	
36	0	7	step_2_no_load	5	6	0.622642364361	0.568656746487	5	1033	1	
36	0	8	step_1_no_load	1	2	1	1111	
36	0	8	step_2_no_load	5	6	0.624210374623	0.59128639594	5	1128	0	
36	0	9	step_1_no_load	1	2	2	1125	
36	0	9	step_2_no_load	5	6	0.641106877158	0.598049061473	5	940	1	
36	0	10	step_1_no_load	1	2	2	853	
36	0	10	step_2_no_load	3	4	0.482364178155	0.576063520885	3	934	1	
36	0	11	step_1_no_load	1	2	2	1070	
36	0	11	step_2_no_load	3	4	0.477013315682	0.59022801242	3	779	0	
36	0	12	step_1_no_load	1	2	2	1010	
36	0	12	step_2_no_load	5	6	0.552770607849	0.682786328054	5	910	0	
36	0	13	step_1_no_load	1	2	2	1044	
36	0	13	step_2_no_load	5	6	0.558313135925	0.653587098421	6	1358	1	
36	0	14	step_1_no_load	1	2	2	1139	
36	0	14	step_2_no_load	5	6	0.545555696267	0.629137942344	5	1423	1	
36	0	15	step_1_no_load	1	2	2	551	
36	0	15	step_2_no_load	3	4	0.505377237737	0.633564630036	3	78	0	
36	0	16	step_1_no_load	1	2	2	395	
36	0	16	step_2_no_load	5	6	0.553308964466	0.628091198119	5	688	0	
36	0	17	step_1_no_load	1	2	2	549	
36	0	17	step_2_no_load	5	6	0.562895132605	0.633350170016	6	17	0	
36	0	18	step_1_no_load	1	2	2	443	
36	0	18	step_2_no_load	5	6	0.553554620302	0.626834332012	5	180	1	
36	0	19	step_1_no_load	1	2	2	474	
36	0	19	step_2_no_load	5	6	0.536502319591	0.619895761657	5	480	0	
36	0	20	step_1_no_load	1	2	2	289	
36	0	20	step_2_no_load	5	6	0.491720931314	0.636521555122	5	483	0	
36	0	21	step_1_no_load	1	2	2	730	
36	0	21	step_2_no_load	5	6	0.470207377245	0.630305464549	5	828	1	
36	0	22	step_1_no_load	1	2	2	521	
36	0	22	step_2_no_load	3	4	0.506100011497	0.618527126547	3	566	0	
36	0	23	step_1_no_load	1	2	2	433	
36	0	23	step_2_no_load	5	6	0.513759772011	0.640163623731	5	314	0	
36	0	24	step_1_no_load	1	2	2	506	
36	0	24	step_2_no_load	5	6	0.503316199018	0.582115115688	5	1085	0	
36	0	25	step_1_no_load	1	2	2	339	
36	0	25	step_2_no_load	3	4	0.503316372362	0.629917901014	3	446	0	
36	0	26	step_1_no_load	1	2	1	320	
36	0	26	step_2_no_load	3	4	0.511744353778	0.640635035276	4	362	1	
36	0	27	step_1_no_load	1	2	2	536	
36	0	27	step_2_no_load	5	6	0.54756089792	0.57860777711	5	791	1	
36	0	28	step_1_no_load	1	2	2	358	
36	0	28	step_2_no_load	5	6	0.553259388875	0.588356036098	5	213	1	
36	0	29	step_1_no_load	1	2	2	336	
36	0	29	step_2_no_load	3	4	0.521159009103	0.618626354124	3	524	0	
36	0	30	step_1_no_load	1	2	2	7	
36	0	30	step_2_no_load	3	4	0.4919199548	0.610227092493	4	237	0	
36	0	31	step_1_no_load	1	2	2	351	
36	0	31	step_2_no_load	3	4	0.483156722265	0.606122691795	3	111	1	
36	0	32	step_1_no_load	1	2	2	6	
36	0	32	step_2_no_load	3	4	0.520318771114	0.605616211083	3	489	0	
36	0	33	step_1_no_load	1	2	2	6	
36	0	33	step_2_no_load	5	6	0.542309898544	0.611700032906	5	369	1	
36	0	34	step_1_no_load	1	2	2	500	
36	0	34	step_2_no_load	5	6	0.538523758058	0.575802910074	5	189	0	
36	0	35	step_1_no_load	1	2	2	262	
36	0	35	step_2_no_load	5	6	0.594167768198	0.566827313385	6	0	0	
36	0	36	step_1_no_load	1	2	2	281	
36	0	36	step_2_no_load	5	6	0.611274573488	0.527635087561	5	239	1	
36	0	37	step_1_no_load	1	2	2	325	
36	0	37	step_2_no_load	5	6	0.598446394142	0.513822304161	5	0	0	
36	0	38	step_1_no_load	1	2	2	467	
36	0	38	step_2_no_load	5	6	0.595113730206	0.539078491643	6	1	0	
36	0	39	step_1_no_load	1	2	2	522	
36	0	39	step_2_no_load	3	4	0.578640235206	0.634483337633	3	668	1	
36	0	40	step_1_no_load	1	2	2	574	
36	0	40	step_2_no_load	5	6	0.607992802154	0.580760785074	6	890	1	
36	0	41	step_1_no_load	1	2	2	687	
36	0	41	step_2_no_load	5	6	0.588857868869	0.524862294848	5	1256	0	
36	0	42	step_1_no_load	1	2	2	618	
36	0	42	step_2_no_load	5	6	0.609164606591	0.533857158543	6	739	0	
36	0	43	step_1_no_load	1	2	2	376	
36	0	43	step_2_no_load	3	4	0.548128010644	0.581931546759	3	531	0	
36	0	44	step_1_no_load	1	2	1	799	
36	0	44	step_2_no_load	5	6	0.611481438855	0.541854396676	5	851	0	
36	0	45	step_1_no_load	1	2	2	467	
36	0	45	step_2_no_load	5	6	0.632991467829	0.579346234508	5	1070	1	
36	0	46	step_1_no_load	1	2	2	976	
36	0	46	step_2_no_load	3	4	0.532238720495	0.654261318712	3	1088	1	
36	0	47	step_1_no_load	1	2	2	1323	
36	0	47	step_2_no_load	5	6	0.598724660986	0.546259467838	5	886	1	
36	0	48	step_1_no_load	1	2	2	1024	
36	0	48	step_2_no_load	3	4	0.488280685105	0.657624935632	3	906	0	
36	0	49	step_1_no_load	1	2	2	544	
36	0	49	step_2_no_load	3	4	0.489287375157	0.614679490594	3	685	0	
36	0	50	step_1_no_load	1	2	1	422	
36	0	50	step_2_no_load	5	6	0.606862017918	0.481616544184	5	807	1	
36	0	51	step_1_no_load	1	2	2	508	
36	0	51	step_2_no_load	3	4	0.469943944943	0.613357430892	3	369	0	
36	0	52	step_1_no_load	1	2	2	370	
36	0	52	step_2_no_load	5	6	0.539065404057	0.513589895419	5	288	1	
36	0	53	step_1_no_load	1	2	2	412	
36	0	53	step_2_no_load	3	4	0.451905460347	0.630956764252	-1	-1	-1	
36	0	54	step_1_no_load	1	2	2	341	
36	0	54	step_2_no_load	3	4	0.491512498697	0.652515308527	3	444	1	
36	0	55	step_1_no_load	1	2	2	423	
36	0	55	step_2_no_load	5	6	0.574045915747	0.526704292526	5	537	0	
36	0	56	step_1_no_load	1	2	-1	-1	
36	0	57	step_1_no_load	1	2	2	109	
36	0	57	step_2_no_load	3	4	0.466449077359	0.586335094239	-1	-1	-1	
36	0	58	step_1_no_load	1	2	2	329	
36	0	58	step_2_no_load	3	4	0.478335218822	0.610896130115	-1	-1	-1	
36	0	59	step_1_no_load	1	2	2	487	
36	0	59	step_2_no_load	5	6	0.632500293208	0.537400760025	5	794	1	
36	0	60	step_1_no_load	1	2	2	1085	
36	0	60	step_2_no_load	3	4	0.491916707098	0.599559577859	3	837	1	
36	0	61	step_1_no_load	1	2	2	934	
36	0	61	step_2_no_load	5	6	0.669587072502	0.527144452559	6	1240	1	
36	0	62	step_1_no_load	1	2	1	905	
36	0	62	step_2_no_load	3	4	0.50724109756	0.622820395113	3	985	0	
36	0	63	step_1_no_load	1	2	2	703	
36	0	63	step_2_no_load	5	6	0.664284493458	0.519445130796	6	1124	0	
36	0	64	step_1_no_load	1	2	2	647	
36	0	64	step_2_no_load	3	4	0.555062911513	0.626149195169	3	1084	1	
36	0	65	step_1_no_load	1	2	2	786	
36	0	65	step_2_no_load	5	6	0.612660225018	0.517687993213	5	1210	0	
36	0	66	step_1_no_load	1	2	2	496	
36	0	66	step_2_no_load	3	4	0.573761869714	0.630357351236	3	777	1	
36	0	67	step_1_no_load	1	2	2	709	
36	0	67	step_2_no_load	3	4	0.542076810516	0.674463681351	4	1158	1	
36	0	68	step_1_no_load	1	2	2	755	
36	0	68	step_2_no_load	5	6	0.622963076372	0.523301545299	5	1140	1	
36	0	69	step_1_no_load	1	2	2	679	
36	0	69	step_2_no_load	3	4	0.499137600991	0.718756538957	4	868	0	
36	0	70	step_1_no_load	1	2	2	456	
36	0	70	step_2_no_load	5	6	0.637556284465	0.548075770764	6	1140	1	
36	0	71	step_1_no_load	1	2	2	493	
36	0	71	step_2_no_load	3	4	0.482863323776	0.706816191949	3	1164	0	
36	0	72	step_1_no_load	1	2	2	373	
36	0	72	step_2_no_load	5	6	0.626024641967	0.556486305476	6	942	0	
36	0	73	step_1_no_load	1	2	2	492	
36	0	73	step_2_no_load	5	6	0.657126403029	0.50185699984	5	716	1	
36	0	74	step_1_no_load	1	2	1	350	
36	0	74	step_2_no_load	5	6	0.614462146454	0.491044983779	5	1149	1	
36	0	75	step_1_no_load	1	2	1	853	
36	0	75	step_2_no_load	3	4	0.44832280175	0.697629587097	3	1219	1	
36	0	76	step_1_no_load	1	2	2	1019	
36	0	76	step_2_no_load	5	6	0.62770291155	0.518881389358	5	930	0	
36	0	77	step_1_no_load	1	2	1	630	
36	0	77	step_2_no_load	3	4	0.446809557226	0.679737625371	3	981	1	
36	0	78	step_1_no_load	1	2	1	791	
36	0	78	step_2_no_load	3	4	0.435911167612	0.647586191228	3	806	0	
36	0	79	step_1_no_load	1	2	2	553	
36	0	79	step_2_no_load	5	6	0.513695512795	0.540085062695	5	927	1	
36	0	80	step_1_no_load	1	2	2	573	
36	0	80	step_2_no_load	5	6	0.518583383166	0.49921021142	5	1156	1	
36	0	81	step_1_no_load	1	2	2	542	
36	0	81	step_2_no_load	3	4	0.419265522488	0.702400933084	3	566	0	
36	0	82	step_1_no_load	1	2	2	306	
36	0	82	step_2_no_load	5	6	0.564729328387	0.482727017837	5	563	1	
36	0	83	step_1_no_load	1	2	2	318	
36	0	83	step_2_no_load	5	6	0.607907985871	0.483255412498	5	736	1	
36	0	84	step_1_no_load	1	2	2	404	
36	0	84	step_2_no_load	5	6	0.65843840156	0.505586222209	5	598	1	
36	0	85	step_1_no_load	1	2	2	447	
36	0	85	step_2_no_load	5	6	0.692384972752	0.485785534744	5	1382	1	
36	0	86	step_1_no_load	1	2	2	506	
36	0	86	step_2_no_load	5	6	0.691782850001	0.486462788728	5	473	0	
36	0	87	step_1_no_load	1	2	1	451	
36	0	87	step_2_no_load	3	4	0.40000499778	0.690012761069	3	940	1	
36	0	88	step_1_no_load	1	2	1	662	
36	0	88	step_2_no_load	5	6	0.717410082358	0.509563243675	5	1074	1	
36	0	89	step_1_no_load	1	2	2	689	
36	0	89	step_2_no_load	5	6	0.690772436485	0.490019385174	5	718	1	
36	0	90	step_1_no_load	1	2	2	861	
36	0	90	step_2_no_load	5	6	0.712247848046	0.530126112124	5	527	1	
36	0	91	step_1_no_load	1	2	2	394	
36	0	91	step_2_no_load	5	6	0.685023809334	0.479087223222	5	594	1	
36	0	92	step_1_no_load	1	2	2	415	
36	0	92	step_2_no_load	5	6	0.692406274724	0.484260039873	5	446	0	
36	0	93	step_1_no_load	1	2	2	306	
36	0	93	step_2_no_load	5	6	0.70415710998	0.473273727684	5	524	1	
36	0	94	step_1_no_load	1	2	1	381	
36	0	94	step_2_no_load	5	6	0.719464414227	0.468637558205	5	764	1	
36	0	95	step_1_no_load	1	2	1	727	
36	0	95	step_2_no_load	3	4	0.427150666411	0.640209855442	3	499	1	
36	0	96	step_1_no_load	1	2	2	455	
36	0	96	step_2_no_load	5	6	0.693739812506	0.437558890646	5	590	1	
36	0	97	step_1_no_load	1	2	2	493	
36	0	97	step_2_no_load	5	6	0.681272614291	0.455601814112	5	560	1	
36	0	98	step_1_no_load	1	2	2	355	
36	0	98	step_2_no_load	3	4	0.409778171713	0.646040060297	3	476	1	
36	0	99	step_1_no_load	1	2	2	432	
36	0	99	step_2_no_load	5	6	0.673709850038	0.375249961522	5	482	1	
36	0	100	step_1_no_load	1	2	2	436	
36	0	100	step_2_no_load	3	4	0.4333505304	0.66579920021	3	364	1	
36	0	101	step_1_no_load	1	2	2	393	
36	0	101	step_2_no_load	5	6	0.623812401974	0.366879421891	5	352	0	
36	0	102	step_1_no_load	1	2	1	288	
36	0	102	step_2_no_load	3	4	0.494584754513	0.663124617603	3	610	1	
36	0	103	step_1_no_load	1	2	1	397	
36	0	103	step_2_no_load	3	4	0.481975449893	0.69058998368	3	830	0	
36	0	104	step_1_no_load	1	2	1	306	
36	0	104	step_2_no_load	3	4	0.521047445908	0.743372642809	3	367	0	
36	0	105	step_1_no_load	1	2	2	367	
36	0	105	step_2_no_load	5	6	0.689135357059	0.352639603242	5	412	0	
36	0	106	step_1_no_load	1	2	2	294	
36	0	106	step_2_no_load	5	6	0.712883638252	0.374131494222	5	404	1	
36	0	107	step_1_no_load	1	2	2	536	
36	0	107	step_2_no_load	5	6	0.692607431435	0.388257337796	5	583	1	
36	0	108	step_1_no_load	1	2	2	438	
36	0	108	step_2_no_load	5	6	0.695928523711	0.388185708856	5	358	1	
36	0	109	step_1_no_load	1	2	2	285	
36	0	109	step_2_no_load	3	4	0.479977531501	0.68658494263	3	348	1	
36	0	110	step_1_no_load	1	2	2	348	
36	0	110	step_2_no_load	3	4	0.432626681236	0.65455226558	3	385	1	
36	0	111	step_1_no_load	1	2	2	426	
36	0	111	step_2_no_load	5	6	0.724852671171	0.407158158569	5	307	1	
36	0	112	step_1_no_load	1	2	2	500	
36	0	112	step_2_no_load	5	6	0.725701866094	0.413393106784	5	175	1	
36	0	113	step_1_no_load	1	2	2	348	
36	0	113	step_2_no_load	5	6	0.719324307956	0.387112818105	-1	-1	-1	
36	0	114	step_1_no_load	1	2	2	392	
36	0	114	step_2_no_load	5	6	0.718213323791	0.384736699284	5	374	1	
36	0	115	step_1_no_load	1	2	2	383	
36	0	115	step_2_no_load	5	6	0.739704344621	0.357661171116	5	366	0	
36	0	116	step_1_no_load	1	2	2	306	
36	0	116	step_2_no_load	3	4	0.378149844807	0.680124293449	3	458	1	
36	0	117	step_1_no_load	1	2	2	396	
36	0	117	step_2_no_load	5	6	0.747012267642	0.363056877927	5	100	1	
36	0	118	step_1_no_load	1	2	2	306	
36	0	118	step_2_no_load	5	6	0.740051715856	0.362977115924	5	318	1	
36	0	119	step_1_no_load	1	2	2	357	
36	0	119	step_2_no_load	5	6	0.690424535099	0.358243439099	5	269	1	
36	0	120	step_1_no_load	1	2	2	391	
36	0	120	step_2_no_load	5	6	0.70587238626	0.333809617664	5	260	1	
36	0	121	step_1_no_load	1	2	2	306	
36	0	121	step_2_no_load	5	6	0.658856304095	0.310775244958	5	360	0	
36	0	122	step_1_no_load	1	2	2	320	
36	0	122	step_2_no_load	5	6	0.6136886145	0.266650857402	5	293	1	
36	0	123	step_1_no_load	1	2	2	409	
36	0	123	step_2_no_load	3	4	0.337526896345	0.664849878232	3	373	0	
36	0	124	step_1_no_load	1	2	2	329	
36	0	124	step_2_no_load	3	4	0.309430836661	0.624161788269	3	697	1	
36	0	125	step_1_no_load	1	2	2	420	
36	0	125	step_2_no_load	5	6	0.559596800931	0.290374841566	5	369	0	
36	0	126	step_1_no_load	1	2	2	600	
36	0	126	step_2_no_load	3	4	0.300846667696	0.600985760967	3	365	0	
36	0	127	step_1_no_load	1	2	2	420	
36	0	127	step_2_no_load	5	6	0.560824094575	0.273483952592	5	75	1	
36	0	128	step_1_no_load	1	2	2	356	
36	0	128	step_2_no_load	5	6	0.636905534066	0.260252451606	5	466	1	
36	0	129	step_1_no_load	1	2	2	947	
36	0	129	step_2_no_load	5	6	0.685297910719	0.268213321963	5	875	1	
36	0	130	step_1_no_load	1	2	2	689	
36	0	130	step_2_no_load	5	6	0.682031489739	0.267460866951	5	323	1	
36	0	131	step_1_no_load	1	2	2	311	
36	0	131	step_2_no_load	5	6	0.678044920845	0.281500842289	5	346	1	
36	0	132	step_1_no_load	1	2	2	435	
36	0	132	step_2_no_load	5	6	0.668578020634	0.27986961048	5	264	1	
36	0	133	step_1_no_load	1	2	2	54	
36	0	133	step_2_no_load	3	4	0.312642735495	0.691649444281	3	3	1	
36	0	134	step_1_no_load	1	2	2	279	
36	0	134	step_2_no_load	5	6	0.621945110858	0.287393715313	5	279	0	
36	0	135	step_1_no_load	1	2	2	817	
36	0	135	step_2_no_load	5	6	0.593710006149	0.300079459047	5	662	1	
36	0	136	step_1_no_load	1	2	2	584	
36	0	136	step_2_no_load	5	6	0.597814413435	0.307766925452	5	328	1	
36	0	137	step_1_no_load	1	2	2	426	
36	0	137	step_2_no_load	5	6	0.605896884497	0.346433498467	5	354	0	
36	0	138	step_1_no_load	1	2	2	436	
36	0	138	step_2_no_load	3	4	0.307694123906	0.688182193337	3	313	0	
36	0	139	step_1_no_load	1	2	2	275	
36	0	139	step_2_no_load	5	6	0.636630981281	0.325611400511	5	353	1	
36	0	140	step_1_no_load	1	2	2	629	
36	0	140	step_2_no_load	3	4	0.328174526491	0.637682840728	3	745	1	
36	0	141	step_1_no_load	1	2	2	436	
36	0	141	step_2_no_load	3	4	0.311809871418	0.616803346728	-1	-1	-1	
36	0	142	step_1_no_load	1	2	2	333	
36	0	142	step_2_no_load	5	6	0.690276058009	0.397052682821	5	38	1	
36	0	143	step_1_no_load	1	2	-1	-1	
36	0	144	step_1_no_load	1	2	2	325	
36	0	144	step_2_no_load	5	6	0.626443722248	0.389234194056	5	126	1	
36	0	145	step_1_no_load	1	2	2	408	
36	0	145	step_2_no_load	5	6	0.6669125229	0.355256413269	5	250	0	
36	0	146	step_1_no_load	1	2	2	5	
36	0	146	step_2_no_load	3	4	0.257861956214	0.593778463268	-1	-1	-1	
36	0	147	step_1_no_load	1	2	2	427	
36	0	147	step_2_no_load	5	6	0.647798886916	0.352879785946	5	385	1	
36	0	148	step_1_no_load	1	2	2	311	
36	0	148	step_2_no_load	5	6	0.619272702026	0.311162711725	5	279	1	
36	0	149	step_1_no_load	1	2	2	297	
36	0	149	step_2_no_load	5	6	0.601870110183	0.300290206122	5	333	0	
36	0	150	step_1_no_load	1	2	2	83	
36	0	150	step_2_no_load	5	6	0.575985663078	0.306860041627	5	341	1	
36	0	151	step_1_no_load	1	2	2	387	
36	0	151	step_2_no_load	5	6	0.59154759351	0.310557101463	5	568	1	
36	0	152	step_1_no_load	1	2	2	423	
36	0	152	step_2_no_load	5	6	0.595108765344	0.323194010514	5	351	1	
36	0	153	step_1_no_load	1	2	2	486	
36	0	153	step_2_no_load	5	6	0.613336203392	0.343622632154	5	389	1	
36	0	154	step_1_no_load	1	2	2	532	
36	0	154	step_2_no_load	5	6	0.638934099562	0.348349389262	5	418	0	
36	0	155	step_1_no_load	1	2	2	319	
36	0	155	step_2_no_load	5	6	0.632486591889	0.372188990474	-1	-1	-1	
36	0	156	step_1_no_load	1	2	2	277	
36	0	156	step_2_no_load	5	6	0.631048201903	0.368378667812	5	415	0	
36	0	157	step_1_no_load	1	2	2	329	
36	0	157	step_2_no_load	5	6	0.585191807512	0.324728201487	5	344	1	
36	0	158	step_1_no_load	1	2	2	711	
36	0	158	step_2_no_load	5	6	0.532722108502	0.334595868098	6	826	1	
36	0	159	step_1_no_load	1	2	2	370	
36	0	159	step_2_no_load	5	6	0.541222065796	0.321150411254	5	402	0	
36	0	160	step_1_no_load	1	2	1	356	
36	0	160	step_2_no_load	3	4	0.415052912783	0.710728171711	3	766	0	
36	0	161	step_1_no_load	1	2	1	426	
36	0	161	step_2_no_load	3	4	0.407025633682	0.719896286569	3	486	1	
36	0	162	step_1_no_load	1	2	1	374	
36	0	162	step_2_no_load	3	4	0.3926701003	0.695144769903	3	425	0	
36	0	163	step_1_no_load	1	2	1	272	
36	0	163	step_2_no_load	3	4	0.395221309311	0.697095951435	3	283	0	
36	0	164	step_1_no_load	1	2	1	335	
36	0	164	step_2_no_load	5	6	0.585961845322	0.430844125626	5	905	0	
36	0	165	step_1_no_load	1	2	2	267	
36	0	165	step_2_no_load	3	4	0.463777557969	0.717506143195	3	317	0	
36	0	166	step_1_no_load	1	2	2	239	
36	0	166	step_2_no_load	5	6	0.549095060025	0.356317216644	5	342	0	
36	0	167	step_1_no_load	1	2	2	339	
36	0	167	step_2_no_load	5	6	0.585131062446	0.331115714939	5	337	1	
36	0	168	step_1_no_load	1	2	2	763	
36	0	168	step_2_no_load	5	6	0.613361520676	0.335777599654	5	335	0	
36	0	169	step_1_no_load	1	2	2	372	
36	0	169	step_2_no_load	5	6	0.586049140041	0.365156560071	5	312	1	
36	0	170	step_1_no_load	1	2	2	352	
36	0	170	step_2_no_load	5	6	0.57151385403	0.364989630435	5	339	0	
36	0	171	step_1_no_load	1	2	2	312	
36	0	171	step_2_no_load	5	6	0.553314431843	0.425122034074	5	196	1	
36	0	172	step_1_no_load	1	2	2	139	
36	0	172	step_2_no_load	3	4	0.363617002148	0.668669556875	3	611	1	
36	0	173	step_1_no_load	1	2	2	398	
36	0	173	step_2_no_load	5	6	0.484428109849	0.462866379815	5	1019	0	
36	0	174	step_1_no_load	1	2	2	343	
36	0	174	step_2_no_load	5	6	0.472729524832	0.46236234172	5	628	0	
36	0	175	step_1_no_load	1	2	2	295	
36	0	175	step_2_no_load	5	6	0.52644949356	0.484825491933	5	604	1	
36	0	176	step_1_no_load	1	2	2	432	
36	0	176	step_2_no_load	5	6	0.474046874473	0.500856457218	5	762	1	
36	0	177	step_1_no_load	1	2	2	347	
36	0	177	step_2_no_load	3	4	0.357425668099	0.714070205704	3	470	1	
36	0	178	step_1_no_load	1	2	2	298	
36	0	178	step_2_no_load	5	6	0.493712351915	0.49020858644	5	254	1	
36	0	179	step_1_no_load	1	2	2	266	
36	0	179	step_2_no_load	3	4	0.324685418097	0.709345707515	3	296	0	
36	0	180	step_1_no_load	1	2	2	271	
36	0	180	step_2_no_load	3	4	0.341214611607	0.719795072986	3	258	1	
36	0	181	step_1_no_load	1	2	2	281	
36	0	181	step_2_no_load	5	6	0.508735114046	0.480141179559	5	264	0	
36	0	182	step_1_no_load	1	2	2	246	
36	0	182	step_2_no_load	5	6	0.506773281362	0.49907747228	5	282	0	
36	0	183	step_1_no_load	1	2	2	67	
36	0	183	step_2_no_load	5	6	0.502991759047	0.492742497507	5	198	0	
36	0	184	step_1_no_load	1	2	2	7	
36	0	184	step_2_no_load	3	4	0.362743255194	0.657291439324	3	402	0	
36	0	185	step_1_no_load	1	2	2	298	
36	0	185	step_2_no_load	5	6	0.479703516092	0.482228039858	5	348	0	
36	0	186	step_1_no_load	1	2	2	270	
36	0	186	step_2_no_load	5	6	0.46870859828	0.484672582719	5	254	1	
36	0	187	step_1_no_load	1	2	2	324	
36	0	187	step_2_no_load	3	4	0.328890769988	0.678211978625	3	320	1	
36	0	188	step_1_no_load	1	2	2	322	
36	0	188	step_2_no_load	5	6	0.471319680586	0.548350535247	5	280	0	
36	0	189	step_1_no_load	1	2	2	357	
36	0	189	step_2_no_load	5	6	0.448897869069	0.534753756004	5	404	0	
36	0	190	step_1_no_load	1	2	2	0	
36	0	190	step_2_no_load	5	6	0.433568856946	0.505820429042	-1	-1	-1	
36	0	191	step_1_no_load	1	2	2	448	
36	0	191	step_2_no_load	5	6	0.435748387321	0.512103523931	5	1014	0	
36	0	192	step_1_no_load	1	2	2	1144	
36	0	192	step_2_no_load	3	4	0.299297135717	0.705517419189	3	935	0	
36	0	193	step_1_no_load	1	2	2	416	
36	0	193	step_2_no_load	3	4	0.321008037746	0.679792491164	3	919	0	
36	0	194	step_1_no_load	1	2	2	435	
36	0	194	step_2_no_load	5	6	0.433250459893	0.505359594715	6	1170	1	
36	0	195	step_1_no_load	1	2	2	472	
36	0	195	step_2_no_load	5	6	0.466795336969	0.494102184238	5	348	1	
36	0	196	step_1_no_load	1	2	2	384	
36	0	196	step_2_no_load	5	6	0.421761207498	0.496717662777	5	268	0	
36	0	197	step_1_no_load	1	2	2	337	
36	0	197	step_2_no_load	3	4	0.316987700969	0.686552522522	3	398	1	
36	0	198	step_1_no_load	1	2	2	411	
36	0	198	step_2_no_load	5	6	0.397292432346	0.485065498391	5	339	0	
36	0	199	step_1_no_load	1	2	2	268	
36	0	199	step_2_no_load	3	4	0.292861528884	0.73697129762	3	507	0	
36	0	200	step_1_no_load	1	2	2	454	
36	0	200	step_2_no_load	5	6	0.372436949782	0.507902534353	5	682	0	

Wed Nov 16 17:01:52 2016
