Mon Nov 21 14:17:50 2016	
38	0	1	step_1_no_load	1	2	1	703	
38	0	1	step_2_no_load	3	4	0.511789129507	0.598297890399	3	437	1	
38	0	2	step_1_no_load	1	2	1	386	
38	0	2	step_2_no_load	5	6	0.474613197709	0.610961032466	5	420	0	
38	0	3	step_1_no_load	1	2	1	425	
38	0	3	step_2_no_load	3	4	0.516002945397	0.584197065669	4	489	0	
38	0	4	step_1_no_load	1	2	2	725	
38	0	4	step_2_no_load	5	6	0.478607661228	0.564086293706	5	914	1	
38	0	5	step_1_no_load	1	2	1	533	
38	0	5	step_2_no_load	5	6	0.495568760483	0.576104915614	6	1014	1	
38	0	6	step_1_no_load	1	2	1	548	
38	0	6	step_2_no_load	3	4	0.490454120702	0.585722686883	3	432	1	
38	0	7	step_1_no_load	1	2	1	367	
38	0	7	step_2_no_load	3	4	0.506408070053	0.568656746487	3	681	0	
38	0	8	step_1_no_load	1	2	1	343	
38	0	8	step_2_no_load	3	4	0.499203529332	0.59128639594	3	591	1	
38	0	9	step_1_no_load	1	2	1	374	
38	0	9	step_2_no_load	5	6	0.496546708465	0.641106877158	6	660	0	
38	0	10	step_1_no_load	1	2	1	518	
38	0	10	step_2_no_load	3	4	0.576063520885	0.652626043146	3	1190	1	
38	0	11	step_1_no_load	1	2	1	838	
38	0	11	step_2_no_load	3	4	0.59022801242	0.69163818036	4	961	0	
38	0	12	step_1_no_load	1	2	1	590	
38	0	12	step_2_no_load	3	4	0.597131918027	0.682786328054	3	655	1	
38	0	13	step_1_no_load	1	2	1	432	
38	0	13	step_2_no_load	5	6	0.52012981853	0.558313135925	6	615	0	
38	0	14	step_1_no_load	1	2	2	427	
38	0	14	step_2_no_load	5	6	0.491234392147	0.545555696267	5	854	0	
38	0	15	step_1_no_load	1	2	-1	-1	
38	0	16	step_1_no_load	1	2	2	356	
38	0	16	step_2_no_load	3	4	0.626326396372	0.628091198119	4	419	1	
38	0	17	step_1_no_load	1	2	2	484	
38	0	17	step_2_no_load	5	6	0.535958400205	0.562895132605	6	391	0	
38	0	18	step_1_no_load	1	2	2	592	
38	0	18	step_2_no_load	5	6	0.517514133912	0.553554620302	5	452	1	
38	0	19	step_1_no_load	1	2	2	514	
38	0	19	step_2_no_load	5	6	0.498240186199	0.536502319591	5	505	1	
38	0	20	step_1_no_load	1	2	2	25	
38	0	20	step_2_no_load	5	6	0.478025448397	0.491720931314	5	727	1	
38	0	21	step_1_no_load	1	2	2	584	
38	0	21	step_2_no_load	5	6	0.49769376036	0.470207377245	5	501	0	
38	0	22	step_1_no_load	1	2	1	360	
38	0	22	step_2_no_load	3	4	0.618527126547	0.621949894727	3	384	0	
38	0	23	step_1_no_load	1	2	1	497	
38	0	23	step_2_no_load	5	6	0.520606588181	0.513759772011	6	834	1	
38	0	24	step_1_no_load	1	2	2	412	
38	0	24	step_2_no_load	5	6	0.505388876622	0.503316199018	5	441	1	
38	0	25	step_1_no_load	1	2	2	820	
38	0	25	step_2_no_load	5	6	0.503316372362	0.503605105412	5	1112	1	
38	0	26	step_1_no_load	1	2	1	1488	
38	0	26	step_2_no_load	3	4	0.640635035276	0.592410219737	-1	-1	-1	
38	0	27	step_1_no_load	1	2	1	624	
38	0	27	step_2_no_load	5	6	0.507272671939	0.54756089792	6	539	0	
38	0	28	step_1_no_load	1	2	2	756	
38	0	28	step_2_no_load	3	4	0.647441527317	0.588356036098	-1	-1	-1	
38	0	29	step_1_no_load	1	2	1	488	
38	0	29	step_2_no_load	3	4	0.618626354124	0.606613029227	4	690	0	
38	0	30	step_1_no_load	1	2	2	475	
38	0	30	step_2_no_load	5	6	0.4919199548	0.574272497114	5	588	1	
38	0	31	step_1_no_load	1	2	2	442	
38	0	31	step_2_no_load	5	6	0.483156722265	0.541819886458	5	608	1	
38	0	32	step_1_no_load	1	2	2	553	
38	0	32	step_2_no_load	5	6	0.520318771114	0.522993086096	6	635	0	
38	0	33	step_1_no_load	1	2	1	471	
38	0	33	step_2_no_load	3	4	0.618000238621	0.611700032906	3	421	1	
38	0	34	step_1_no_load	1	2	1	378	
38	0	34	step_2_no_load	3	4	0.670290552209	0.575802910074	4	410	0	
38	0	35	step_1_no_load	1	2	1	401	
38	0	35	step_2_no_load	3	4	0.649776015006	0.566827313385	3	410	0	
38	0	36	step_1_no_load	1	2	1	423	
38	0	36	step_2_no_load	3	4	0.661229326326	0.527635087561	3	355	1	
38	0	37	step_1_no_load	1	2	1	439	
38	0	37	step_2_no_load	3	4	0.660658056664	0.513822304161	3	396	1	
38	0	38	step_1_no_load	1	2	1	679	
38	0	38	step_2_no_load	3	4	0.651263699161	0.539078491643	4	785	0	
38	0	39	step_1_no_load	1	2	1	519	
38	0	39	step_2_no_load	3	4	0.634483337633	0.557005857101	3	447	0	
38	0	40	step_1_no_load	1	2	1	690	
38	0	40	step_2_no_load	3	4	0.636994900683	0.580760785074	3	408	0	
38	0	41	step_1_no_load	1	2	1	539	
38	0	41	step_2_no_load	3	4	0.633285941184	0.524862294848	4	547	1	
38	0	42	step_1_no_load	1	2	1	359	
38	0	42	step_2_no_load	5	6	0.553461946234	0.609164606591	6	493	1	
38	0	43	step_1_no_load	1	2	2	537	
38	0	43	step_2_no_load	5	6	0.548128010644	0.612705031264	5	447	1	
38	0	44	step_1_no_load	1	2	2	419	
38	0	44	step_2_no_load	5	6	0.537842745081	0.611481438855	5	405	1	
38	0	45	step_1_no_load	1	2	2	463	
38	0	45	step_2_no_load	3	4	0.620699591043	0.579346234508	3	366	1	
38	0	46	step_1_no_load	1	2	2	467	
38	0	46	step_2_no_load	5	6	0.532238720495	0.600964500555	5	475	0	
38	0	47	step_1_no_load	1	2	1	488	
38	0	47	step_2_no_load	3	4	0.634373567175	0.546259467838	4	744	1	
38	0	48	step_1_no_load	1	2	1	556	
38	0	48	step_2_no_load	3	4	0.657624935632	0.534690828011	3	409	0	
38	0	49	step_1_no_load	1	2	1	1	
38	0	49	step_2_no_load	5	6	0.489287375157	0.610193185592	5	36	0	
38	0	50	step_1_no_load	1	2	1	0	
38	0	50	step_2_no_load	3	4	0.593458480934	0.481616544184	4	518	0	
38	0	51	step_1_no_load	1	2	2	464	
38	0	51	step_2_no_load	3	4	0.613357430892	0.508197321577	3	723	1	
38	0	52	step_1_no_load	1	2	1	442	
38	0	52	step_2_no_load	5	6	0.429622901875	0.539065404057	5	779	0	
38	0	53	step_1_no_load	1	2	1	386	
38	0	53	step_2_no_load	3	4	0.630956764252	0.475342927439	3	796	1	
38	0	54	step_1_no_load	1	2	1	339	
38	0	54	step_2_no_load	3	4	0.652515308527	0.493362545513	3	454	1	
38	0	55	step_1_no_load	1	2	1	341	
38	0	55	step_2_no_load	5	6	0.487025527704	0.574045915747	5	462	0	
38	0	56	step_1_no_load	1	2	2	685	
38	0	56	step_2_no_load	5	6	0.459773408493	0.601856598146	6	497	0	
38	0	57	step_1_no_load	1	2	2	389	
38	0	57	step_2_no_load	3	4	0.586335094239	0.516475618243	3	750	1	
38	0	58	step_1_no_load	1	2	1	633	
38	0	58	step_2_no_load	3	4	0.610896130115	0.528376440027	4	873	1	
38	0	59	step_1_no_load	1	2	1	498	
38	0	59	step_2_no_load	3	4	0.608951267756	0.537400760025	4	551	1	
38	0	60	step_1_no_load	1	2	1	420	
38	0	60	step_2_no_load	5	6	0.491916707098	0.623687406259	6	475	0	
38	0	61	step_1_no_load	1	2	2	571	
38	0	61	step_2_no_load	3	4	0.602879526975	0.527144452559	3	474	0	
38	0	62	step_1_no_load	1	2	1	1138	
38	0	62	step_2_no_load	3	4	0.622820395113	0.533031417444	3	631	0	
38	0	63	step_1_no_load	1	2	2	533	
38	0	63	step_2_no_load	3	4	0.642623127313	0.519445130796	4	821	1	
38	0	64	step_1_no_load	1	2	1	716	
38	0	64	step_2_no_load	3	4	0.626149195169	0.533849886794	3	431	1	
38	0	65	step_1_no_load	1	2	1	892	
38	0	65	step_2_no_load	5	6	0.569109504048	0.612660225018	6	669	0	
38	0	66	step_1_no_load	1	2	1	1476	
38	0	66	step_2_no_load	3	4	0.630357351236	0.555324764318	3	600	1	
38	0	67	step_1_no_load	1	2	2	528	
38	0	67	step_2_no_load	5	6	0.542076810516	0.597650193897	5	373	0	
38	0	68	step_1_no_load	1	2	1	585	
38	0	68	step_2_no_load	5	6	0.509127161919	0.622963076372	5	413	1	
38	0	69	step_1_no_load	1	2	1	438	
38	0	69	step_2_no_load	3	4	0.718756538957	0.560462111264	4	510	0	
38	0	70	step_1_no_load	1	2	1	362	
38	0	70	step_2_no_load	3	4	0.697741832068	0.548075770764	3	1434	1	
38	0	71	step_1_no_load	1	2	1	416	
38	0	71	step_2_no_load	3	4	0.706816191949	0.546215110045	3	433	0	
38	0	72	step_1_no_load	1	2	1	368	
38	0	72	step_2_no_load	3	4	0.705884789502	0.556486305476	3	508	1	
38	0	73	step_1_no_load	1	2	1	656	
38	0	73	step_2_no_load	3	4	0.727961155836	0.50185699984	3	533	1	
38	0	74	step_1_no_load	1	2	1	607	
38	0	74	step_2_no_load	3	4	0.693624670847	0.491044983779	3	409	1	
38	0	75	step_1_no_load	1	2	1	411	
38	0	75	step_2_no_load	3	4	0.697629587097	0.483983914712	3	344	1	
38	0	76	step_1_no_load	1	2	1	369	
38	0	76	step_2_no_load	3	4	0.690117652944	0.518881389358	3	506	1	
38	0	77	step_1_no_load	1	2	1	348	
38	0	77	step_2_no_load	3	4	0.679737625371	0.538119616568	3	351	0	
38	0	78	step_1_no_load	1	2	1	872	
38	0	78	step_2_no_load	3	4	0.647586191228	0.538654072849	3	390	1	
38	0	79	step_1_no_load	1	2	1	403	
38	0	79	step_2_no_load	3	4	0.647841624544	0.540085062695	3	416	1	
38	0	80	step_1_no_load	1	2	1	602	
38	0	80	step_2_no_load	3	4	0.703969305517	0.49921021142	3	655	1	
38	0	81	step_1_no_load	1	2	1	521	
38	0	81	step_2_no_load	3	4	0.702400933084	0.494116554432	3	556	0	
38	0	82	step_1_no_load	1	2	1	585	
38	0	82	step_2_no_load	3	4	0.688340116885	0.482727017837	4	1198	0	
38	0	83	step_1_no_load	1	2	2	591	
38	0	83	step_2_no_load	3	4	0.726885136842	0.483255412498	4	508	1	
38	0	84	step_1_no_load	1	2	2	380	
38	0	84	step_2_no_load	3	4	0.731466635793	0.505586222209	4	492	1	
38	0	85	step_1_no_load	1	2	2	361	
38	0	85	step_2_no_load	3	4	0.712989604416	0.485785534744	4	424	0	
38	0	86	step_1_no_load	1	2	2	331	
38	0	86	step_2_no_load	5	6	0.345323068124	0.691782850001	5	619	0	
38	0	87	step_1_no_load	1	2	2	356	
38	0	87	step_2_no_load	3	4	0.690012761069	0.493867001103	4	612	0	
38	0	88	step_1_no_load	1	2	1	817	
38	0	88	step_2_no_load	3	4	0.696773608304	0.509563243675	3	529	0	
38	0	89	step_1_no_load	1	2	1	440	
38	0	89	step_2_no_load	3	4	0.660112261017	0.490019385174	3	532	1	
38	0	90	step_1_no_load	1	2	1	648	
38	0	90	step_2_no_load	3	4	0.688736868033	0.530126112124	-1	-1	-1	
38	0	91	step_1_no_load	1	2	1	413	
38	0	91	step_2_no_load	3	4	0.657820521772	0.479087223222	3	603	1	
38	0	92	step_1_no_load	1	2	1	376	
38	0	92	step_2_no_load	3	4	0.679381608313	0.484260039873	3	360	1	
38	0	93	step_1_no_load	1	2	1	1	
38	0	93	step_2_no_load	3	4	0.662863370634	0.473273727684	3	477	1	
38	0	94	step_1_no_load	1	2	1	712	
38	0	94	step_2_no_load	5	6	0.429211756872	0.719464414227	5	485	0	
38	0	95	step_1_no_load	1	2	1	722	
38	0	95	step_2_no_load	3	4	0.640209855442	0.42505578884	3	642	0	
38	0	96	step_1_no_load	1	2	1	712	
38	0	96	step_2_no_load	3	4	0.663095813561	0.437558890646	3	614	1	
38	0	97	step_1_no_load	1	2	1	677	
38	0	97	step_2_no_load	5	6	0.392885664353	0.681272614291	5	413	0	
38	0	98	step_1_no_load	1	2	1	574	
38	0	98	step_2_no_load	5	6	0.409778171713	0.70287861952	5	467	0	
38	0	99	step_1_no_load	1	2	1	422	
38	0	99	step_2_no_load	5	6	0.397561363605	0.673709850038	6	414	1	
38	0	100	step_1_no_load	1	2	1	459	
38	0	100	step_2_no_load	3	4	0.66579920021	0.363162156005	3	565	1	
38	0	101	step_1_no_load	1	2	1	450	
38	0	101	step_2_no_load	3	4	0.655903528958	0.366879421891	3	601	1	
38	0	102	step_1_no_load	1	2	1	445	
38	0	102	step_2_no_load	5	6	0.494584754513	0.666304534392	6	642	1	
38	0	103	step_1_no_load	1	2	1	577	
38	0	103	step_2_no_load	3	4	0.69058998368	0.322834495838	3	550	1	
38	0	104	step_1_no_load	1	2	1	592	
38	0	104	step_2_no_load	3	4	0.743372642809	0.303696146503	3	596	1	
38	0	105	step_1_no_load	1	2	1	530	
38	0	105	step_2_no_load	5	6	0.514318365187	0.689135357059	6	555	0	
38	0	106	step_1_no_load	1	2	1	479	
38	0	106	step_2_no_load	3	4	0.699623252899	0.374131494222	3	1125	0	
38	0	107	step_1_no_load	1	2	1	610	
38	0	107	step_2_no_load	3	4	0.677514185929	0.388257337796	3	890	0	
38	0	108	step_1_no_load	1	2	1	701	
38	0	108	step_2_no_load	3	4	0.681491063126	0.388185708856	3	803	0	
38	0	109	step_1_no_load	1	2	1	418	
38	0	109	step_2_no_load	5	6	0.479977531501	0.71632547018	6	613	1	
38	0	110	step_1_no_load	1	2	1	743	
38	0	110	step_2_no_load	3	4	0.65455226558	0.395544455384	3	848	1	
38	0	111	step_1_no_load	1	2	1	750	
38	0	111	step_2_no_load	3	4	0.634599547742	0.407158158569	3	745	1	
38	0	112	step_1_no_load	1	2	1	451	
38	0	112	step_2_no_load	5	6	0.392887565883	0.725701866094	6	503	1	
38	0	113	step_1_no_load	1	2	1	433	
38	0	113	step_2_no_load	5	6	0.370697120277	0.719324307956	6	496	0	
38	0	114	step_1_no_load	1	2	1	516	
38	0	114	step_2_no_load	3	4	0.657654904272	0.384736699284	3	496	0	
38	0	115	step_1_no_load	1	2	2	404	
38	0	115	step_2_no_load	5	6	0.390027643099	0.739704344621	5	626	1	
38	0	116	step_1_no_load	1	2	2	480	
38	0	116	step_2_no_load	5	6	0.378149844807	0.706736514943	5	621	0	
38	0	117	step_1_no_load	1	2	2	481	
38	0	117	step_2_no_load	3	4	0.671842537277	0.363056877927	3	881	1	
38	0	118	step_1_no_load	1	2	2	453	
38	0	118	step_2_no_load	5	6	0.357645851833	0.740051715856	5	1123	0	
38	0	119	step_1_no_load	1	2	2	402	
38	0	119	step_2_no_load	5	6	0.357515098446	0.690424535099	5	502	0	
38	0	120	step_1_no_load	1	2	2	719	
38	0	120	step_2_no_load	5	6	0.370150243662	0.70587238626	6	682	1	
38	0	121	step_1_no_load	1	2	2	518	
38	0	121	step_2_no_load	5	6	0.352721767208	0.658856304095	6	532	0	
38	0	122	step_1_no_load	1	2	1	601	
38	0	122	step_2_no_load	3	4	0.672193618854	0.266650857402	3	545	0	
38	0	123	step_1_no_load	1	2	1	564	
38	0	123	step_2_no_load	3	4	0.664849878232	0.269780614928	4	948	1	
38	0	124	step_1_no_load	1	2	1	874	
38	0	124	step_2_no_load	3	4	0.624161788269	0.26095206597	4	589	0	
38	0	125	step_1_no_load	1	2	1	524	
38	0	125	step_2_no_load	5	6	0.303110862715	0.559596800931	5	1138	1	
38	0	126	step_1_no_load	1	2	1	1005	
38	0	126	step_2_no_load	5	6	0.300846667696	0.537863824328	5	716	1	
38	0	127	step_1_no_load	1	2	1	513	
38	0	127	step_2_no_load	3	4	0.646945556251	0.273483952592	4	687	1	
38	0	128	step_1_no_load	1	2	1	557	
38	0	128	step_2_no_load	3	4	0.620672334996	0.260252451606	3	1130	1	
38	0	129	step_1_no_load	1	2	1	894	
38	0	129	step_2_no_load	3	4	0.632682846317	0.268213321963	3	689	0	
38	0	130	step_1_no_load	1	2	1	483	
38	0	130	step_2_no_load	3	4	0.630285316669	0.267460866951	3	1356	0	
38	0	131	step_1_no_load	1	2	1	481	
38	0	131	step_2_no_load	5	6	0.311475039155	0.678044920845	6	893	1	
38	0	132	step_1_no_load	1	2	1	766	
38	0	132	step_2_no_load	3	4	0.660013924697	0.27986961048	3	550	0	
38	0	133	step_1_no_load	1	2	1	636	
38	0	133	step_2_no_load	5	6	0.312642735495	0.617383991623	6	645	1	
38	0	134	step_1_no_load	1	2	1	652	
38	0	134	step_2_no_load	3	4	0.685529359147	0.287393715313	3	674	0	
38	0	135	step_1_no_load	1	2	1	692	
38	0	135	step_2_no_load	3	4	0.700779221781	0.300079459047	3	352	1	
38	0	136	step_1_no_load	1	2	1	396	
38	0	136	step_2_no_load	5	6	0.284521085726	0.597814413435	6	403	0	
38	0	137	step_1_no_load	1	2	1	311	
38	0	137	step_2_no_load	3	4	0.668540846495	0.346433498467	4	477	1	
38	0	138	step_1_no_load	1	2	1	343	
38	0	138	step_2_no_load	3	4	0.688182193337	0.366701525561	3	837	1	
38	0	139	step_1_no_load	1	2	1	332	
38	0	139	step_2_no_load	5	6	0.323660750961	0.636630981281	5	902	0	
38	0	140	step_1_no_load	1	2	1	397	
38	0	140	step_2_no_load	3	4	0.637682840728	0.348740542008	3	479	1	
38	0	141	step_1_no_load	1	2	1	412	
38	0	141	step_2_no_load	3	4	0.616803346728	0.390227133375	4	568	1	
38	0	142	step_1_no_load	1	2	1	288	
38	0	142	step_2_no_load	3	4	0.627356259123	0.397052682821	3	384	1	
38	0	143	step_1_no_load	1	2	1	332	
38	0	143	step_2_no_load	3	4	0.610219102298	0.410970957547	3	612	1	
38	0	144	step_1_no_load	1	2	1	511	
38	0	144	step_2_no_load	3	4	0.639347300184	0.389234194056	4	489	0	
38	0	145	step_1_no_load	1	2	1	403	
38	0	145	step_2_no_load	3	4	0.606515632748	0.355256413269	3	640	1	
38	0	146	step_1_no_load	1	2	1	650	
38	0	146	step_2_no_load	3	4	0.593778463268	0.320877500969	4	468	0	
38	0	147	step_1_no_load	1	2	1	443	
38	0	147	step_2_no_load	3	4	0.594861186319	0.352879785946	3	429	1	
38	0	148	step_1_no_load	1	2	1	402	
38	0	148	step_2_no_load	3	4	0.648050021239	0.311162711725	3	412	0	
38	0	149	step_1_no_load	1	2	1	450	
38	0	149	step_2_no_load	3	4	0.623203869836	0.300290206122	3	326	0	
38	0	150	step_1_no_load	1	2	1	718	
38	0	150	step_2_no_load	5	6	0.305587692243	0.575985663078	6	372	1	
38	0	151	step_1_no_load	1	2	2	626	
38	0	151	step_2_no_load	3	4	0.614159737668	0.310557101463	3	723	1	
38	0	152	step_1_no_load	1	2	2	415	
38	0	152	step_2_no_load	3	4	0.644204174791	0.323194010514	4	832	1	
38	0	153	step_1_no_load	1	2	2	462	
38	0	153	step_2_no_load	5	6	0.309356532263	0.613336203392	5	505	0	
38	0	154	step_1_no_load	1	2	2	674	
38	0	154	step_2_no_load	3	4	0.671672162443	0.348349389262	4	760	0	
38	0	155	step_1_no_load	1	2	2	816	
38	0	155	step_2_no_load	5	6	0.296093457977	0.632486591889	6	1032	0	
38	0	156	step_1_no_load	1	2	2	366	
38	0	156	step_2_no_load	5	6	0.32564867104	0.631048201903	5	389	0	
38	0	157	step_1_no_load	1	2	2	365	
38	0	157	step_2_no_load	3	4	0.720725456325	0.324728201487	3	444	1	
38	0	158	step_1_no_load	1	2	2	500	
38	0	158	step_2_no_load	5	6	0.408728803896	0.532722108502	6	589	0	
38	0	159	step_1_no_load	1	2	1	395	
38	0	159	step_2_no_load	5	6	0.413026375257	0.541222065796	6	622	1	
38	0	160	step_1_no_load	1	2	1	392	
38	0	160	step_2_no_load	5	6	0.415052912783	0.521229931064	6	623	1	
38	0	161	step_1_no_load	1	2	1	468	
38	0	161	step_2_no_load	3	4	0.719896286569	0.438878285506	4	421	0	
38	0	162	step_1_no_load	1	2	1	369	
38	0	162	step_2_no_load	3	4	0.695144769903	0.455329532209	3	1050	1	
38	0	163	step_1_no_load	1	2	1	577	
38	0	163	step_2_no_load	3	4	0.697095951435	0.430920885959	3	656	0	
38	0	164	step_1_no_load	1	2	1	793	
38	0	164	step_2_no_load	3	4	0.692137394606	0.430844125626	4	532	0	
38	0	165	step_1_no_load	1	2	1	735	
38	0	165	step_2_no_load	3	4	0.717506143195	0.347974240867	3	354	1	
38	0	166	step_1_no_load	1	2	1	363	
38	0	166	step_2_no_load	3	4	0.686594248975	0.356317216644	3	449	1	
38	0	167	step_1_no_load	1	2	1	431	
38	0	167	step_2_no_load	3	4	0.706271792549	0.331115714939	3	934	0	
38	0	168	step_1_no_load	1	2	1	491	
38	0	168	step_2_no_load	3	4	0.67192508984	0.335777599654	-1	-1	-1	
38	0	169	step_1_no_load	1	2	1	375	
38	0	169	step_2_no_load	3	4	0.704981910944	0.365156560071	3	347	1	
38	0	170	step_1_no_load	1	2	1	365	
38	0	170	step_2_no_load	3	4	0.67334314737	0.364989630435	3	498	1	
38	0	171	step_1_no_load	1	2	1	405	
38	0	171	step_2_no_load	3	4	0.727248140829	0.425122034074	3	446	1	
38	0	172	step_1_no_load	1	2	1	417	
38	0	172	step_2_no_load	5	6	0.363617002148	0.519090471457	5	23	0	
38	0	173	step_1_no_load	1	2	1	340	
38	0	173	step_2_no_load	3	4	0.667027212577	0.462866379815	4	325	0	
38	0	174	step_1_no_load	1	2	1	314	
38	0	174	step_2_no_load	3	4	0.729877433725	0.46236234172	3	556	1	
38	0	175	step_1_no_load	1	2	1	527	
38	0	175	step_2_no_load	3	4	0.693968268443	0.484825491933	3	649	1	
38	0	176	step_1_no_load	1	2	2	806	
38	0	176	step_2_no_load	5	6	0.383231572002	0.474046874473	5	535	0	
38	0	177	step_1_no_load	1	2	1	391	
38	0	177	step_2_no_load	5	6	0.357425668099	0.501268576771	5	581	1	
38	0	178	step_1_no_load	1	2	1	630	
38	0	178	step_2_no_load	5	6	0.36473828006	0.493712351915	6	605	1	
38	0	179	step_1_no_load	1	2	1	360	
38	0	179	step_2_no_load	3	4	0.709345707515	0.493565996034	3	386	1	
38	0	180	step_1_no_load	1	2	1	358	
38	0	180	step_2_no_load	5	6	0.341214611607	0.482853857291	6	460	1	
38	0	181	step_1_no_load	1	2	1	388	
38	0	181	step_2_no_load	3	4	0.746910336326	0.480141179559	3	398	1	
38	0	182	step_1_no_load	1	2	1	437	
38	0	182	step_2_no_load	5	6	0.340533666308	0.506773281362	6	476	0	
38	0	183	step_1_no_load	1	2	1	423	
38	0	183	step_2_no_load	3	4	0.720388040749	0.492742497507	3	374	1	
38	0	184	step_1_no_load	1	2	1	959	
38	0	184	step_2_no_load	3	4	0.657291439324	0.480863422096	3	612	0	
38	0	185	step_1_no_load	1	2	1	898	
38	0	185	step_2_no_load	5	6	0.362611152222	0.479703516092	6	585	0	
38	0	186	step_1_no_load	1	2	1	540	
38	0	186	step_2_no_load	3	4	0.656308636836	0.484672582719	3	956	0	
38	0	187	step_1_no_load	1	2	1	559	
38	0	187	step_2_no_load	5	6	0.328890769988	0.443962917772	5	391	1	
38	0	188	step_1_no_load	1	2	1	1457	
38	0	188	step_2_no_load	5	6	0.291508050861	0.471319680586	6	679	0	
38	0	189	step_1_no_load	1	2	1	495	
38	0	189	step_2_no_load	3	4	0.688353284054	0.534753756004	3	566	1	
38	0	190	step_1_no_load	1	2	1	891	
38	0	190	step_2_no_load	3	4	0.667655825994	0.505820429042	3	371	0	
38	0	191	step_1_no_load	1	2	1	393	
38	0	191	step_2_no_load	5	6	0.318839908867	0.435748387321	6	413	0	
38	0	192	step_1_no_load	1	2	1	457	
38	0	192	step_2_no_load	5	6	0.299297135717	0.450791310283	6	549	0	
38	0	193	step_1_no_load	1	2	1	330	
38	0	193	step_2_no_load	5	6	0.321008037746	0.440813209638	6	618	1	
38	0	194	step_1_no_load	1	2	1	422	
38	0	194	step_2_no_load	3	4	0.655261361454	0.505359594715	3	453	0	
38	0	195	step_1_no_load	1	2	2	374	
38	0	195	step_2_no_load	5	6	0.348571348505	0.466795336969	5	341	1	
38	0	196	step_1_no_load	1	2	2	371	
38	0	196	step_2_no_load	5	6	0.365373286058	0.421761207498	5	416	0	
38	0	197	step_1_no_load	1	2	2	364	
38	0	197	step_2_no_load	3	4	0.686552522522	0.47786945426	3	971	1	
38	0	198	step_1_no_load	1	2	2	402	
38	0	198	step_2_no_load	5	6	0.303352625941	0.397292432346	5	441	0	
38	0	199	step_1_no_load	1	2	2	481	
38	0	199	step_2_no_load	3	4	0.73697129762	0.529438031858	3	1029	1	
38	0	200	step_1_no_load	1	2	2	509	
38	0	200	step_2_no_load	5	6	0.299128796668	0.372436949782	6	740	0	

Mon Nov 21 14:37:35 2016
