Tue Nov 29 16:06:57 2016	
39	0	1	step_1_no_load	1	2	2	1302	
39	0	1	step_2_no_load	5	6	0.511789129507	0.594299910136	6	1461	1	
39	0	2	step_1_no_load	1	2	1	558	
39	0	2	step_2_no_load	5	6	0.533203491871	0.610961032466	-1	-1	-1	
39	0	3	step_1_no_load	1	2	1	405	
39	0	3	step_2_no_load	5	6	0.516002945397	0.589215227351	5	560	1	
39	0	4	step_1_no_load	1	2	2	484	
39	0	4	step_2_no_load	5	6	0.494597764192	0.564086293706	-1	-1	-1	
39	0	5	step_1_no_load	1	2	2	312	
39	0	5	step_2_no_load	5	6	0.543908521457	0.576104915614	5	414	0	
39	0	6	step_1_no_load	1	2	1	602	
39	0	6	step_2_no_load	3	4	0.506877622204	0.585722686883	3	954	1	
39	0	7	step_1_no_load	1	2	2	655	
39	0	7	step_2_no_load	3	4	0.500071913476	0.568656746487	4	660	1	
39	0	8	step_1_no_load	1	2	1	644	
39	0	8	step_2_no_load	3	4	0.489816616396	0.59128639594	3	674	0	
39	0	9	step_1_no_load	1	2	1	242	
39	0	9	step_2_no_load	3	4	0.496546708465	0.598049061473	3	282	1	
39	0	10	step_1_no_load	1	2	1	721	
39	0	10	step_2_no_load	3	4	0.482364178155	0.652626043146	3	568	1	
39	0	11	step_1_no_load	1	2	1	816	
39	0	11	step_2_no_load	3	4	0.477013315682	0.69163818036	3	638	0	
39	0	12	step_1_no_load	1	2	2	215	
39	0	12	step_2_no_load	5	6	0.597131918027	0.552770607849	6	444	0	
39	0	13	step_1_no_load	1	2	2	991	
39	0	13	step_2_no_load	5	6	0.595790490356	0.558313135925	-1	-1	-1	
39	0	14	step_1_no_load	1	2	2	341	
39	0	14	step_2_no_load	5	6	0.611256675753	0.545555696267	5	273	1	
39	0	15	step_1_no_load	1	2	2	557	
39	0	15	step_2_no_load	5	6	0.633564630036	0.570419113221	5	422	0	
39	0	16	step_1_no_load	1	2	2	310	
39	0	16	step_2_no_load	5	6	0.626326396372	0.553308964466	5	741	1	
39	0	17	step_1_no_load	1	2	1	169	
39	0	17	step_2_no_load	5	6	0.643116883134	0.562895132605	5	324	0	
39	0	18	step_1_no_load	1	2	1	544	
39	0	18	step_2_no_load	3	4	0.517514133912	0.626834332012	3	1166	0	
39	0	19	step_1_no_load	1	2	1	256	
39	0	19	step_2_no_load	3	4	0.498240186199	0.619895761657	4	339	0	
39	0	20	step_1_no_load	1	2	2	640	
39	0	20	step_2_no_load	3	4	0.478025448397	0.636521555122	4	576	1	
39	0	21	step_1_no_load	1	2	2	555	
39	0	21	step_2_no_load	5	6	0.611328949295	0.470207377245	6	858	0	
39	0	22	step_1_no_load	1	2	2	290	
39	0	22	step_2_no_load	5	6	0.618527126547	0.468700882609	5	472	1	
39	0	23	step_1_no_load	1	2	-1	-1	
39	0	24	step_1_no_load	1	2	1	433	
39	0	24	step_2_no_load	5	6	0.5800912085	0.503316199018	5	192	1	
39	0	25	step_1_no_load	1	2	2	1181	
39	0	25	step_2_no_load	5	6	0.629917901014	0.503605105412	6	1372	1	
39	0	26	step_1_no_load	1	2	2	642	
39	0	26	step_2_no_load	3	4	0.511744353778	0.592410219737	4	617	0	
39	0	27	step_1_no_load	1	2	2	289	
39	0	27	step_2_no_load	5	6	0.642144756622	0.54756089792	5	476	0	
39	0	28	step_1_no_load	1	2	1	440	
39	0	28	step_2_no_load	5	6	0.647441527317	0.553259388875	6	1338	0	
39	0	29	step_1_no_load	1	2	1	637	
39	0	29	step_2_no_load	3	4	0.521159009103	0.606613029227	3	784	1	
39	0	30	step_1_no_load	1	2	1	885	
39	0	30	step_2_no_load	3	4	0.4919199548	0.608245979832	3	817	0	
39	0	31	step_1_no_load	1	2	1	665	
39	0	31	step_2_no_load	3	4	0.483156722265	0.636602545794	4	427	1	
39	0	32	step_1_no_load	1	2	2	835	
39	0	32	step_2_no_load	5	6	0.605616211083	0.522993086096	6	703	0	
39	0	33	step_1_no_load	1	2	2	221	
39	0	33	step_2_no_load	5	6	0.618000238621	0.542309898544	5	992	1	
39	0	34	step_1_no_load	1	2	2	235	
39	0	34	step_2_no_load	5	6	0.670290552209	0.538523758058	5	484	0	
39	0	35	step_1_no_load	1	2	1	312	
39	0	35	step_2_no_load	5	6	0.649776015006	0.594167768198	6	1092	1	
39	0	36	step_1_no_load	1	2	1	365	
39	0	36	step_2_no_load	5	6	0.661229326326	0.611274573488	6	526	1	
39	0	37	step_1_no_load	1	2	2	1194	
39	0	37	step_2_no_load	5	6	0.660658056664	0.598446394142	6	1080	0	
39	0	38	step_1_no_load	1	2	2	672	
39	0	38	step_2_no_load	3	4	0.553931241266	0.539078491643	3	191	0	
39	0	39	step_1_no_load	1	2	1	493	
39	0	39	step_2_no_load	3	4	0.578640235206	0.557005857101	4	1079	0	
39	0	40	step_1_no_load	1	2	1	592	
39	0	40	step_2_no_load	3	4	0.5691386571	0.580760785074	3	777	0	
39	0	41	step_1_no_load	1	2	1	413	
39	0	41	step_2_no_load	3	4	0.583829055298	0.524862294848	3	879	0	
39	0	42	step_1_no_load	1	2	1	365	
39	0	42	step_2_no_load	5	6	0.606696263624	0.609164606591	6	364	0	
39	0	43	step_1_no_load	1	2	2	300	
39	0	43	step_2_no_load	3	4	0.548128010644	0.553703096215	3	1141	0	
39	0	44	step_1_no_load	1	2	2	404	
39	0	44	step_2_no_load	5	6	0.589653131867	0.611481438855	6	241	1	
39	0	45	step_1_no_load	1	2	2	623	
39	0	45	step_2_no_load	5	6	0.620699591043	0.632991467829	6	294	1	
39	0	46	step_1_no_load	1	2	2	478	
39	0	46	step_2_no_load	5	6	0.654261318712	0.600964500555	6	402	0	
39	0	47	step_1_no_load	1	2	2	1173	
39	0	47	step_2_no_load	5	6	0.634373567175	0.598724660986	5	968	1	
39	0	48	step_1_no_load	1	2	2	548	
39	0	48	step_2_no_load	5	6	0.657624935632	0.615767119776	5	484	0	
39	0	49	step_1_no_load	1	2	1	1434	
39	0	49	step_2_no_load	3	4	0.489287375157	0.512405963374	3	1053	0	
39	0	50	step_1_no_load	1	2	1	942	
39	0	50	step_2_no_load	3	4	0.47381367271	0.481616544184	4	765	1	
39	0	51	step_1_no_load	1	2	1	441	
39	0	51	step_2_no_load	3	4	0.469943944943	0.508197321577	4	787	1	
39	0	52	step_1_no_load	1	2	1	328	
39	0	52	step_2_no_load	3	4	0.429622901875	0.513589895419	4	818	0	
39	0	53	step_1_no_load	1	2	1	523	
39	0	53	step_2_no_load	5	6	0.630956764252	0.551457882502	5	162	1	
39	0	54	step_1_no_load	1	2	1	486	
39	0	54	step_2_no_load	3	4	0.491512498697	0.493362545513	3	991	1	
39	0	55	step_1_no_load	1	2	1	441	
39	0	55	step_2_no_load	5	6	0.639840796975	0.574045915747	6	991	1	
39	0	56	step_1_no_load	1	2	1	425	
39	0	56	step_2_no_load	3	4	0.459773408493	0.538512915562	4	332	1	
39	0	57	step_1_no_load	1	2	1	146	
39	0	57	step_2_no_load	3	4	0.466449077359	0.516475618243	3	496	0	
39	0	58	step_1_no_load	1	2	1	398	
39	0	58	step_2_no_load	3	4	0.478335218822	0.528376440027	4	51	0	
39	0	59	step_1_no_load	1	2	2	473	
39	0	59	step_2_no_load	5	6	0.608951267756	0.632500293208	6	1174	1	
39	0	60	step_1_no_load	1	2	2	314	
39	0	60	step_2_no_load	5	6	0.599559577859	0.623687406259	6	250	1	
39	0	61	step_1_no_load	1	2	2	622	
39	0	61	step_2_no_load	5	6	0.602879526975	0.669587072502	5	1102	1	
39	0	62	step_1_no_load	1	2	2	732	
39	0	62	step_2_no_load	5	6	0.622820395113	0.691137204746	5	802	1	
39	0	63	step_1_no_load	1	2	2	251	
39	0	63	step_2_no_load	5	6	0.642623127313	0.664284493458	5	688	1	
39	0	64	step_1_no_load	1	2	2	531	
39	0	64	step_2_no_load	5	6	0.626149195169	0.642369708469	5	463	1	
39	0	65	step_1_no_load	1	2	2	378	
39	0	65	step_2_no_load	3	4	0.569109504048	0.517687993213	3	426	0	
39	0	66	step_1_no_load	1	2	1	707	
39	0	66	step_2_no_load	5	6	0.630357351236	0.606938648072	-1	-1	-1	
39	0	67	step_1_no_load	1	2	1	316	
39	0	67	step_2_no_load	3	4	0.542076810516	0.538279387614	3	392	0	
39	0	68	step_1_no_load	1	2	2	1053	
39	0	68	step_2_no_load	3	4	0.509127161919	0.523301545299	3	825	1	
39	0	69	step_1_no_load	1	2	2	353	
39	0	69	step_2_no_load	5	6	0.718756538957	0.622221685203	6	1407	1	
39	0	70	step_1_no_load	1	2	2	944	
39	0	70	step_2_no_load	3	4	0.498834901463	0.548075770764	3	919	0	
39	0	71	step_1_no_load	1	2	2	637	
39	0	71	step_2_no_load	5	6	0.706816191949	0.639174917797	6	1156	0	
39	0	72	step_1_no_load	1	2	2	709	
39	0	72	step_2_no_load	5	6	0.705884789502	0.626024641967	5	1372	1	
39	0	73	step_1_no_load	1	2	2	867	
39	0	73	step_2_no_load	5	6	0.727961155836	0.657126403029	6	1113	0	
39	0	74	step_1_no_load	1	2	1	716	
39	0	74	step_2_no_load	3	4	0.453420386428	0.491044983779	4	645	1	
39	0	75	step_1_no_load	1	2	1	749	
39	0	75	step_2_no_load	3	4	0.44832280175	0.483983914712	4	511	0	
39	0	76	step_1_no_load	1	2	1	459	
39	0	76	step_2_no_load	3	4	0.488583631821	0.518881389358	3	801	0	
39	0	77	step_1_no_load	1	2	1	291	
39	0	77	step_2_no_load	3	4	0.446809557226	0.538119616568	3	679	0	
39	0	78	step_1_no_load	1	2	1	265	
39	0	78	step_2_no_load	3	4	0.435911167612	0.538654072849	4	614	1	
39	0	79	step_1_no_load	1	2	1	416	
39	0	79	step_2_no_load	5	6	0.647841624544	0.513695512795	5	658	0	
39	0	80	step_1_no_load	1	2	2	681	
39	0	80	step_2_no_load	3	4	0.396016175285	0.49921021142	3	776	0	
39	0	81	step_1_no_load	1	2	2	259	
39	0	81	step_2_no_load	5	6	0.702400933084	0.529745690463	6	1149	1	
39	0	82	step_1_no_load	1	2	2	826	
39	0	82	step_2_no_load	5	6	0.688340116885	0.564729328387	6	1142	0	
39	0	83	step_1_no_load	1	2	1	839	
39	0	83	step_2_no_load	3	4	0.382772464038	0.483255412498	4	1089	0	
39	0	84	step_1_no_load	1	2	1	200	
39	0	84	step_2_no_load	3	4	0.385087938645	0.505586222209	3	444	0	
39	0	85	step_1_no_load	1	2	2	793	
39	0	85	step_2_no_load	5	6	0.712989604416	0.692384972752	5	1273	1	
39	0	86	step_1_no_load	1	2	2	528	
39	0	86	step_2_no_load	5	6	0.721207648497	0.691782850001	5	381	1	
39	0	87	step_1_no_load	1	2	2	632	
39	0	87	step_2_no_load	3	4	0.40000499778	0.493867001103	3	393	1	
39	0	88	step_1_no_load	1	2	1	426	
39	0	88	step_2_no_load	5	6	0.696773608304	0.717410082358	6	923	1	
39	0	89	step_1_no_load	1	2	1	540	
39	0	89	step_2_no_load	3	4	0.415882489686	0.490019385174	3	783	0	
39	0	90	step_1_no_load	1	2	1	567	
39	0	90	step_2_no_load	5	6	0.688736868033	0.712247848046	5	781	1	
39	0	91	step_1_no_load	1	2	1	654	
39	0	91	step_2_no_load	3	4	0.43534164751	0.479087223222	4	1130	0	
39	0	92	step_1_no_load	1	2	2	798	
39	0	92	step_2_no_load	5	6	0.679381608313	0.692406274724	5	765	1	
39	0	93	step_1_no_load	1	2	2	732	
39	0	93	step_2_no_load	5	6	0.662863370634	0.70415710998	5	1086	0	
39	0	94	step_1_no_load	1	2	1	863	
39	0	94	step_2_no_load	3	4	0.429211756872	0.468637558205	3	888	0	
39	0	95	step_1_no_load	1	2	1	209	
39	0	95	step_2_no_load	3	4	0.427150666411	0.42505578884	3	916	0	
39	0	96	step_1_no_load	1	2	1	15	
39	0	96	step_2_no_load	3	4	0.383038640121	0.437558890646	4	887	1	
39	0	97	step_1_no_load	1	2	1	748	
39	0	97	step_2_no_load	5	6	0.651202057411	0.681272614291	5	1104	1	
39	0	98	step_1_no_load	1	2	2	237	
39	0	98	step_2_no_load	3	4	0.409778171713	0.431479829356	4	773	1	
39	0	99	step_1_no_load	1	2	2	1075	
39	0	99	step_2_no_load	5	6	0.645191748454	0.673709850038	5	796	1	
39	0	100	step_1_no_load	1	2	2	246	
39	0	100	step_2_no_load	5	6	0.66579920021	0.666227451505	6	1143	1	
39	0	101	step_1_no_load	1	2	2	256	
39	0	101	step_2_no_load	5	6	0.655903528958	0.623812401974	6	602	0	
39	0	102	step_1_no_load	1	2	2	533	
39	0	102	step_2_no_load	5	6	0.663124617603	0.666304534392	6	808	1	
39	0	103	step_1_no_load	1	2	1	917	
39	0	103	step_2_no_load	3	4	0.481975449893	0.322834495838	4	1479	0	
39	0	104	step_1_no_load	1	2	1	1147	
39	0	104	step_2_no_load	3	4	0.521047445908	0.303696146503	3	782	0	
39	0	105	step_1_no_load	1	2	1	610	
39	0	105	step_2_no_load	3	4	0.514318365187	0.352639603242	3	622	1	
39	0	106	step_1_no_load	1	2	1	461	
39	0	106	step_2_no_load	3	4	0.508908032404	0.374131494222	3	806	0	
39	0	107	step_1_no_load	1	2	1	309	
39	0	107	step_2_no_load	3	4	0.565220528809	0.388257337796	3	775	1	
39	0	108	step_1_no_load	1	2	1	716	
39	0	108	step_2_no_load	5	6	0.681491063126	0.695928523711	5	645	1	
39	0	109	step_1_no_load	1	2	1	647	
39	0	109	step_2_no_load	5	6	0.68658494263	0.71632547018	5	813	1	
39	0	110	step_1_no_load	1	2	2	636	
39	0	110	step_2_no_load	5	6	0.65455226558	0.729599891941	5	1141	1	
39	0	111	step_1_no_load	1	2	2	574	
39	0	111	step_2_no_load	5	6	0.634599547742	0.724852671171	5	545	0	
39	0	112	step_1_no_load	1	2	1	671	
39	0	112	step_2_no_load	3	4	0.392887565883	0.413393106784	3	1011	0	
39	0	113	step_1_no_load	1	2	1	730	
39	0	113	step_2_no_load	3	4	0.370697120277	0.387112818105	-1	-1	-1	
39	0	114	step_1_no_load	1	2	1	420	
39	0	114	step_2_no_load	3	4	0.380324086676	0.384736699284	4	604	1	
39	0	115	step_1_no_load	1	2	1	440	
39	0	115	step_2_no_load	5	6	0.645721217949	0.739704344621	6	734	0	
39	0	116	step_1_no_load	1	2	2	336	
39	0	116	step_2_no_load	5	6	0.680124293449	0.706736514943	6	757	1	
39	0	117	step_1_no_load	1	2	2	538	
39	0	117	step_2_no_load	3	4	0.374621793791	0.363056877927	3	774	1	
39	0	118	step_1_no_load	1	2	2	217	
39	0	118	step_2_no_load	5	6	0.690484235012	0.740051715856	6	967	1	
39	0	119	step_1_no_load	1	2	2	386	
39	0	119	step_2_no_load	5	6	0.661177321751	0.690424535099	6	1295	1	
39	0	120	step_1_no_load	1	2	2	236	
39	0	120	step_2_no_load	5	6	0.666433355915	0.70587238626	6	619	1	
39	0	121	step_1_no_load	1	2	2	366	
39	0	121	step_2_no_load	3	4	0.352721767208	0.310775244958	4	861	0	
39	0	122	step_1_no_load	1	2	1	334	
39	0	122	step_2_no_load	3	4	0.329624572119	0.266650857402	3	479	1	
39	0	123	step_1_no_load	1	2	1	480	
39	0	123	step_2_no_load	3	4	0.337526896345	0.269780614928	3	604	0	
39	0	124	step_1_no_load	1	2	1	250	
39	0	124	step_2_no_load	3	4	0.309430836661	0.26095206597	3	410	0	
39	0	125	step_1_no_load	1	2	1	511	
39	0	125	step_2_no_load	5	6	0.633566302563	0.559596800931	6	1268	1	
39	0	126	step_1_no_load	1	2	1	384	
39	0	126	step_2_no_load	3	4	0.300846667696	0.267206368684	4	1079	0	
39	0	127	step_1_no_load	1	2	1	556	
39	0	127	step_2_no_load	3	4	0.274944938508	0.273483952592	3	637	1	
39	0	128	step_1_no_load	1	2	2	486	
39	0	128	step_2_no_load	3	4	0.250790232267	0.260252451606	3	874	0	
39	0	129	step_1_no_load	1	2	2	254	
39	0	129	step_2_no_load	5	6	0.632682846317	0.685297910719	5	796	1	
39	0	130	step_1_no_load	1	2	2	368	
39	0	130	step_2_no_load	3	4	0.274560758494	0.267460866951	4	910	0	
39	0	131	step_1_no_load	1	2	2	291	
39	0	131	step_2_no_load	3	4	0.311475039155	0.281500842289	4	859	0	
39	0	132	step_1_no_load	1	2	2	538	
39	0	132	step_2_no_load	5	6	0.660013924697	0.668578020634	6	686	1	
39	0	133	step_1_no_load	1	2	1	291	
39	0	133	step_2_no_load	3	4	0.312642735495	0.315608831386	4	1187	0	
39	0	134	step_1_no_load	1	2	1	279	
39	0	134	step_2_no_load	5	6	0.685529359147	0.621945110858	6	1102	0	
39	0	135	step_1_no_load	1	2	1	436	
39	0	135	step_2_no_load	3	4	0.287118934166	0.300079459047	3	529	1	
39	0	136	step_1_no_load	1	2	1	333	
39	0	136	step_2_no_load	5	6	0.674914008636	0.597814413435	6	485	1	
39	0	137	step_1_no_load	1	2	1	477	
39	0	137	step_2_no_load	3	4	0.325016613024	0.346433498467	3	497	1	
39	0	138	step_1_no_load	1	2	2	255	
39	0	138	step_2_no_load	3	4	0.307694123906	0.366701525561	4	975	0	
39	0	139	step_1_no_load	1	2	2	803	
39	0	139	step_2_no_load	5	6	0.696355985729	0.636630981281	5	470	0	
39	0	140	step_1_no_load	1	2	2	562	
39	0	140	step_2_no_load	3	4	0.328174526491	0.348740542008	3	698	1	
39	0	141	step_1_no_load	1	2	2	433	
39	0	141	step_2_no_load	3	4	0.311809871418	0.390227133375	3	547	0	
39	0	142	step_1_no_load	1	2	2	519	
39	0	142	step_2_no_load	3	4	0.304203281606	0.397052682821	3	411	0	
39	0	143	step_1_no_load	1	2	2	937	
39	0	143	step_2_no_load	3	4	0.313516825296	0.410970957547	3	841	0	
39	0	144	step_1_no_load	1	2	1	257	
39	0	144	step_2_no_load	3	4	0.275932517017	0.389234194056	3	452	0	
39	0	145	step_1_no_load	1	2	1	381	
39	0	145	step_2_no_load	3	4	0.266265924094	0.355256413269	4	894	0	
39	0	146	step_1_no_load	1	2	1	400	
39	0	146	step_2_no_load	5	6	0.593778463268	0.681611991725	5	1286	1	
39	0	147	step_1_no_load	1	2	1	533	
39	0	147	step_2_no_load	3	4	0.265578160642	0.352879785946	4	832	1	
39	0	148	step_1_no_load	1	2	2	811	
39	0	148	step_2_no_load	3	4	0.305288021243	0.311162711725	4	824	1	
39	0	149	step_1_no_load	1	2	1	233	
39	0	149	step_2_no_load	5	6	0.623203869836	0.601870110183	5	329	0	
39	0	150	step_1_no_load	1	2	1	227	
39	0	150	step_2_no_load	5	6	0.605912419156	0.575985663078	6	1324	1	
39	0	151	step_1_no_load	1	2	1	359	
39	0	151	step_2_no_load	5	6	0.614159737668	0.59154759351	6	516	1	
39	0	152	step_1_no_load	1	2	2	521	
39	0	152	step_2_no_load	3	4	0.307702500543	0.323194010514	3	1047	0	
39	0	153	step_1_no_load	1	2	2	233	
39	0	153	step_2_no_load	5	6	0.681559292085	0.613336203392	6	887	1	
39	0	154	step_1_no_load	1	2	1	319	
39	0	154	step_2_no_load	3	4	0.316375537537	0.348349389262	4	826	1	
39	0	155	step_1_no_load	1	2	2	547	
39	0	155	step_2_no_load	5	6	0.716100930629	0.632486591889	6	540	0	
39	0	156	step_1_no_load	1	2	2	602	
39	0	156	step_2_no_load	5	6	0.734436160799	0.631048201903	5	850	1	
39	0	157	step_1_no_load	1	2	2	281	
39	0	157	step_2_no_load	5	6	0.720725456325	0.585191807512	5	355	1	
39	0	158	step_1_no_load	1	2	2	334	
39	0	158	step_2_no_load	3	4	0.408728803896	0.334595868098	3	1012	1	
39	0	159	step_1_no_load	1	2	2	342	
39	0	159	step_2_no_load	5	6	0.697903160072	0.541222065796	6	470	1	
39	0	160	step_1_no_load	1	2	2	473	
39	0	160	step_2_no_load	5	6	0.710728171711	0.521229931064	6	1040	1	
39	0	161	step_1_no_load	1	2	1	175	
39	0	161	step_2_no_load	3	4	0.407025633682	0.438878285506	4	1030	0	
39	0	162	step_1_no_load	1	2	2	635	
39	0	162	step_2_no_load	5	6	0.695144769903	0.566496468084	6	793	1	
39	0	163	step_1_no_load	1	2	2	1377	
39	0	163	step_2_no_load	3	4	0.395221309311	0.430920885959	4	1171	0	
39	0	164	step_1_no_load	1	2	2	373	
39	0	164	step_2_no_load	3	4	0.432761720497	0.430844125626	3	866	1	
39	0	165	step_1_no_load	1	2	1	211	
39	0	165	step_2_no_load	5	6	0.717506143195	0.538026607649	5	229	1	
39	0	166	step_1_no_load	1	2	1	613	
39	0	166	step_2_no_load	3	4	0.422282731054	0.356317216644	3	857	1	
39	0	167	step_1_no_load	1	2	1	311	
39	0	167	step_2_no_load	3	4	0.38753671275	0.331115714939	4	842	0	
39	0	168	step_1_no_load	1	2	2	688	
39	0	168	step_2_no_load	3	4	0.400817642375	0.335777599654	4	797	1	
39	0	169	step_1_no_load	1	2	2	497	
39	0	169	step_2_no_load	5	6	0.704981910944	0.586049140041	6	658	1	
39	0	170	step_1_no_load	1	2	1	287	
39	0	170	step_2_no_load	3	4	0.411067820436	0.364989630435	3	740	1	
39	0	171	step_1_no_load	1	2	1	347	
39	0	171	step_2_no_load	3	4	0.386979310814	0.425122034074	3	937	1	
39	0	172	step_1_no_load	1	2	1	621	
39	0	172	step_2_no_load	3	4	0.363617002148	0.490120307546	3	803	0	
39	0	173	step_1_no_load	1	2	2	4	
39	0	173	step_2_no_load	5	6	0.667027212577	0.484428109849	6	999	0	
39	0	174	step_1_no_load	1	2	2	307	
39	0	174	step_2_no_load	5	6	0.729877433725	0.472729524832	5	1009	1	
39	0	175	step_1_no_load	1	2	2	247	
39	0	175	step_2_no_load	3	4	0.426185553904	0.484825491933	3	1162	0	
39	0	176	step_1_no_load	1	2	2	294	
39	0	176	step_2_no_load	3	4	0.383231572002	0.500856457218	4	634	0	
39	0	177	step_1_no_load	1	2	2	601	
39	0	177	step_2_no_load	3	4	0.357425668099	0.4798184927	4	791	0	
39	0	178	step_1_no_load	1	2	2	407	
39	0	178	step_2_no_load	5	6	0.705993797498	0.493712351915	5	323	1	
39	0	179	step_1_no_load	1	2	2	1125	
39	0	179	step_2_no_load	5	6	0.709345707515	0.457298770028	5	692	0	
39	0	180	step_1_no_load	1	2	2	896	
39	0	180	step_2_no_load	5	6	0.719795072986	0.482853857291	5	532	1	
39	0	181	step_1_no_load	1	2	2	317	
39	0	181	step_2_no_load	5	6	0.746910336326	0.508735114046	5	612	1	
39	0	182	step_1_no_load	1	2	2	552	
39	0	182	step_2_no_load	5	6	0.72717560423	0.506773281362	5	575	1	
39	0	183	step_1_no_load	1	2	2	264	
39	0	183	step_2_no_load	5	6	0.720388040749	0.502991759047	5	532	0	
39	0	184	step_1_no_load	1	2	1	192	
39	0	184	step_2_no_load	3	4	0.362743255194	0.480863422096	3	928	0	
39	0	185	step_1_no_load	1	2	1	228	
39	0	185	step_2_no_load	5	6	0.665622647081	0.479703516092	6	525	1	
39	0	186	step_1_no_load	1	2	1	255	
39	0	186	step_2_no_load	3	4	0.332733011923	0.484672582719	4	510	1	
39	0	187	step_1_no_load	1	2	1	314	
39	0	187	step_2_no_load	3	4	0.328890769988	0.498596507669	4	472	1	
39	0	188	step_1_no_load	1	2	1	533	
39	0	188	step_2_no_load	3	4	0.291508050861	0.548350535247	3	889	0	
39	0	189	step_1_no_load	1	2	1	234	
39	0	189	step_2_no_load	5	6	0.688353284054	0.448897869069	5	1073	0	
39	0	190	step_1_no_load	1	2	1	449	
39	0	190	step_2_no_load	5	6	0.667655825994	0.433568856946	6	733	0	
39	0	191	step_1_no_load	1	2	1	93	
39	0	191	step_2_no_load	3	4	0.318839908867	0.512103523931	4	991	0	
39	0	192	step_1_no_load	1	2	2	553	
39	0	192	step_2_no_load	5	6	0.705517419189	0.450791310283	6	492	0	
39	0	193	step_1_no_load	1	2	1	411	
39	0	193	step_2_no_load	3	4	0.321008037746	0.504944704439	4	1243	1	
39	0	194	step_1_no_load	1	2	1	220	
39	0	194	step_2_no_load	3	4	0.342437174514	0.505359594715	4	483	0	
39	0	195	step_1_no_load	1	2	1	314	
39	0	195	step_2_no_load	3	4	0.348571348505	0.494102184238	4	1259	1	
39	0	196	step_1_no_load	1	2	2	248	
39	0	196	step_2_no_load	5	6	0.695101215304	0.421761207498	6	421	1	
39	0	197	step_1_no_load	1	2	2	815	
39	0	197	step_2_no_load	3	4	0.316987700969	0.47786945426	4	947	1	
39	0	198	step_1_no_load	1	2	1	345	
39	0	198	step_2_no_load	3	4	0.303352625941	0.485065498391	4	1013	1	
39	0	199	step_1_no_load	1	2	1	337	
39	0	199	step_2_no_load	3	4	0.292861528884	0.529438031858	4	929	0	
39	0	200	step_1_no_load	1	2	1	18	
39	0	200	step_2_no_load	3	4	0.299128796668	0.507902534353	4	1418	1	

Tue Nov 29 16:25:35 2016
