Wed Dec 28 11:09:26 2016	
42	0	1	step_1_no_load	1	2	1	583	
42	0	1	step_2_no_load	3	4	0.457620150462	0.511789129507	3	746	0	
42	0	2	step_1_no_load	1	2	2	561	
42	0	2	step_2_no_load	5	6	0.610961032466	0.580156942153	6	703	0	
42	0	3	step_1_no_load	1	2	2	524	
42	0	3	step_2_no_load	3	4	0.476767372206	0.516002945397	3	476	0	
42	0	4	step_1_no_load	1	2	1	1104	
42	0	4	step_2_no_load	3	4	0.478607661228	0.494597764192	4	1122	0	
42	0	5	step_1_no_load	1	2	2	526	
42	0	5	step_2_no_load	3	4	0.495568760483	0.543908521457	3	1071	0	
42	0	6	step_1_no_load	1	2	2	1128	
42	0	6	step_2_no_load	3	4	0.506877622204	0.490454120702	3	652	1	
42	0	7	step_1_no_load	1	2	2	536	
42	0	7	step_2_no_load	5	6	0.622642364361	0.568656746487	6	1157	0	
42	0	8	step_1_no_load	1	2	1	622	
42	0	8	step_2_no_load	5	6	0.624210374623	0.59128639594	5	775	0	
42	0	9	step_1_no_load	1	2	2	638	
42	0	9	step_2_no_load	3	4	0.496546708465	0.54429228266	3	886	1	
42	0	10	step_1_no_load	1	2	2	534	
42	0	10	step_2_no_load	5	6	0.636063269715	0.652626043146	6	1078	0	
42	0	11	step_1_no_load	1	2	2	866	
42	0	11	step_2_no_load	5	6	0.609191465743	0.69163818036	5	651	1	
42	0	12	step_1_no_load	1	2	2	785	
42	0	12	step_2_no_load	5	6	0.552770607849	0.682786328054	5	774	0	
42	0	13	step_1_no_load	1	2	1	392	
42	0	13	step_2_no_load	3	4	0.52012981853	0.595790490356	4	986	1	
42	0	14	step_1_no_load	1	2	1	606	
42	0	14	step_2_no_load	3	4	0.491234392147	0.611256675753	4	1214	0	
42	0	15	step_1_no_load	1	2	1	783	
42	0	15	step_2_no_load	3	4	0.505377237737	0.633564630036	3	689	0	
42	0	16	step_1_no_load	1	2	1	404	
42	0	16	step_2_no_load	3	4	0.510958036527	0.626326396372	4	499	1	
42	0	17	step_1_no_load	1	2	1	1071	
42	0	17	step_2_no_load	3	4	0.535958400205	0.643116883134	3	950	0	
42	0	18	step_1_no_load	1	2	1	720	
42	0	18	step_2_no_load	3	4	0.517514133912	0.626895526976	4	917	1	
42	0	19	step_1_no_load	1	2	1	417	
42	0	19	step_2_no_load	3	4	0.498240186199	0.644773170243	4	726	1	
42	0	20	step_1_no_load	1	2	1	461	
42	0	20	step_2_no_load	3	4	0.478025448397	0.60665343963	4	685	1	
42	0	21	step_1_no_load	1	2	1	554	
42	0	21	step_2_no_load	5	6	0.470207377245	0.630305464549	5	1227	0	
42	0	22	step_1_no_load	1	2	1	371	
42	0	22	step_2_no_load	3	4	0.506100011497	0.618527126547	4	621	1	
42	0	23	step_1_no_load	1	2	1	640	
42	0	23	step_2_no_load	3	4	0.520606588181	0.604065470975	4	955	1	
42	0	24	step_1_no_load	1	2	1	825	
42	0	24	step_2_no_load	3	4	0.505388876622	0.5800912085	4	766	0	
42	0	25	step_1_no_load	1	2	1	322	
42	0	25	step_2_no_load	3	4	0.503316372362	0.629917901014	4	587	0	
42	0	26	step_1_no_load	1	2	1	264	
42	0	26	step_2_no_load	3	4	0.511744353778	0.640635035276	3	684	0	
42	0	27	step_1_no_load	1	2	1	363	
42	0	27	step_2_no_load	3	4	0.507272671939	0.642144756622	4	396	1	
42	0	28	step_1_no_load	1	2	1	489	
42	0	28	step_2_no_load	3	4	0.520177259699	0.647441527317	4	478	1	
42	0	29	step_1_no_load	1	2	1	540	
42	0	29	step_2_no_load	3	4	0.521159009103	0.618626354124	4	627	1	
42	0	30	step_1_no_load	1	2	1	434	
42	0	30	step_2_no_load	3	4	0.4919199548	0.610227092493	4	396	0	
42	0	31	step_1_no_load	1	2	1	310	
42	0	31	step_2_no_load	3	4	0.483156722265	0.606122691795	4	616	1	
42	0	32	step_1_no_load	1	2	1	547	
42	0	32	step_2_no_load	3	4	0.520318771114	0.605616211083	4	596	1	
42	0	33	step_1_no_load	1	2	1	461	
42	0	33	step_2_no_load	3	4	0.487664344039	0.618000238621	4	396	1	
42	0	34	step_1_no_load	1	2	1	470	
42	0	34	step_2_no_load	3	4	0.454565258478	0.670290552209	4	421	1	
42	0	35	step_1_no_load	1	2	1	459	
42	0	35	step_2_no_load	3	4	0.491437207585	0.649776015006	4	380	1	
42	0	36	step_1_no_load	1	2	1	401	
42	0	36	step_2_no_load	3	4	0.513210053121	0.661229326326	4	354	0	
42	0	37	step_1_no_load	1	2	1	348	
42	0	37	step_2_no_load	5	6	0.598446394142	0.513822304161	6	1433	1	
42	0	38	step_1_no_load	1	2	1	634	
42	0	38	step_2_no_load	3	4	0.553931241266	0.651263699161	4	549	0	
42	0	39	step_1_no_load	1	2	1	471	
42	0	39	step_2_no_load	3	4	0.578640235206	0.634483337633	4	812	0	
42	0	40	step_1_no_load	1	2	2	339	
42	0	40	step_2_no_load	3	4	0.5691386571	0.636994900683	4	418	1	
42	0	41	step_1_no_load	1	2	1	668	
42	0	41	step_2_no_load	5	6	0.588857868869	0.524862294848	6	790	0	
42	0	42	step_1_no_load	1	2	2	273	
42	0	42	step_2_no_load	5	6	0.609164606591	0.533857158543	5	1479	1	
42	0	43	step_1_no_load	1	2	2	459	
42	0	43	step_2_no_load	5	6	0.612705031264	0.553703096215	5	470	1	
42	0	44	step_1_no_load	1	2	2	379	
42	0	44	step_2_no_load	5	6	0.611481438855	0.541854396676	5	409	1	
42	0	45	step_1_no_load	1	2	2	318	
42	0	45	step_2_no_load	3	4	0.5288039409	0.620699591043	3	424	0	
42	0	46	step_1_no_load	1	2	1	218	
42	0	46	step_2_no_load	3	4	0.532238720495	0.654261318712	4	721	1	
42	0	47	step_1_no_load	1	2	1	429	
42	0	47	step_2_no_load	3	4	0.493112702321	0.634373567175	4	455	1	
42	0	48	step_1_no_load	1	2	1	506	
42	0	48	step_2_no_load	3	4	0.488280685105	0.657624935632	4	355	0	
42	0	49	step_1_no_load	1	2	1	867	
42	0	49	step_2_no_load	3	4	0.489287375157	0.614679490594	3	796	0	
42	0	50	step_1_no_load	1	2	2	273	
42	0	50	step_2_no_load	5	6	0.606862017918	0.481616544184	5	365	1	
42	0	51	step_1_no_load	1	2	2	290	
42	0	51	step_2_no_load	3	4	0.469943944943	0.613357430892	3	276	1	
42	0	52	step_1_no_load	1	2	1	529	
42	0	52	step_2_no_load	5	6	0.539065404057	0.513589895419	5	921	1	
42	0	53	step_1_no_load	1	2	1	363	
42	0	53	step_2_no_load	3	4	0.451905460347	0.630956764252	4	901	1	
42	0	54	step_1_no_load	1	2	1	426	
42	0	54	step_2_no_load	3	4	0.491512498697	0.652515308527	4	504	1	
42	0	55	step_1_no_load	1	2	2	264	
42	0	55	step_2_no_load	5	6	0.574045915747	0.526704292526	5	363	1	
42	0	56	step_1_no_load	1	2	2	399	
42	0	56	step_2_no_load	3	4	0.459773408493	0.60038825769	4	505	1	
42	0	57	step_1_no_load	1	2	2	321	
42	0	57	step_2_no_load	5	6	0.641849303307	0.516475618243	5	901	1	
42	0	58	step_1_no_load	1	2	2	319	
42	0	58	step_2_no_load	5	6	0.664682809182	0.528376440027	5	462	1	
42	0	59	step_1_no_load	1	2	2	457	
42	0	59	step_2_no_load	5	6	0.632500293208	0.537400760025	5	399	1	
42	0	60	step_1_no_load	1	2	2	401	
42	0	60	step_2_no_load	3	4	0.491916707098	0.599559577859	-1	-1	-1	
42	0	61	step_1_no_load	1	2	2	320	
42	0	61	step_2_no_load	5	6	0.669587072502	0.527144452559	5	489	1	
42	0	62	step_1_no_load	1	2	2	268	
42	0	62	step_2_no_load	5	6	0.691137204746	0.533031417444	5	291	0	
42	0	63	step_1_no_load	1	2	1	255	
42	0	63	step_2_no_load	3	4	0.53192660365	0.642623127313	3	372	1	
42	0	64	step_1_no_load	1	2	1	287	
42	0	64	step_2_no_load	3	4	0.555062911513	0.626149195169	3	347	1	
42	0	65	step_1_no_load	1	2	1	253	
42	0	65	step_2_no_load	5	6	0.612660225018	0.517687993213	5	227	1	
42	0	66	step_1_no_load	1	2	1	274	
42	0	66	step_2_no_load	5	6	0.606938648072	0.555324764318	5	483	0	
42	0	67	step_1_no_load	1	2	1	489	
42	0	67	step_2_no_load	5	6	0.597650193897	0.538279387614	6	560	0	
42	0	68	step_1_no_load	1	2	1	569	
42	0	68	step_2_no_load	5	6	0.622963076372	0.523301545299	6	369	1	
42	0	69	step_1_no_load	1	2	1	263	
42	0	69	step_2_no_load	3	4	0.499137600991	0.718756538957	3	566	1	
42	0	70	step_1_no_load	1	2	1	269	
42	0	70	step_2_no_load	3	4	0.498834901463	0.697741832068	3	729	1	
42	0	71	step_1_no_load	1	2	1	241	
42	0	71	step_2_no_load	5	6	0.639174917797	0.546215110045	6	677	1	
42	0	72	step_1_no_load	1	2	1	421	
42	0	72	step_2_no_load	3	4	0.47409116389	0.705884789502	3	343	0	
42	0	73	step_1_no_load	1	2	1	227	
42	0	73	step_2_no_load	5	6	0.657126403029	0.50185699984	6	869	1	
42	0	74	step_1_no_load	1	2	1	395	
42	0	74	step_2_no_load	3	4	0.453420386428	0.693624670847	3	365	0	
42	0	75	step_1_no_load	1	2	1	277	
42	0	75	step_2_no_load	3	4	0.44832280175	0.697629587097	4	559	1	
42	0	76	step_1_no_load	1	2	1	298	
42	0	76	step_2_no_load	5	6	0.62770291155	0.518881389358	-1	-1	-1	
42	0	77	step_1_no_load	1	2	1	268	
42	0	77	step_2_no_load	3	4	0.446809557226	0.679737625371	4	407	1	
42	0	78	step_1_no_load	1	2	1	270	
42	0	78	step_2_no_load	3	4	0.435911167612	0.647586191228	4	329	0	
42	0	79	step_1_no_load	1	2	1	255	
42	0	79	step_2_no_load	3	4	0.389124152368	0.647841624544	3	810	1	
42	0	80	step_1_no_load	1	2	1	285	
42	0	80	step_2_no_load	3	4	0.396016175285	0.703969305517	3	392	0	
42	0	81	step_1_no_load	1	2	1	271	
42	0	81	step_2_no_load	3	4	0.419265522488	0.702400933084	3	506	0	
42	0	82	step_1_no_load	1	2	1	275	
42	0	82	step_2_no_load	3	4	0.395813831323	0.688340116885	4	541	1	
42	0	83	step_1_no_load	1	2	1	253	
42	0	83	step_2_no_load	3	4	0.382772464038	0.726885136842	4	804	1	
42	0	84	step_1_no_load	1	2	1	290	
42	0	84	step_2_no_load	3	4	0.385087938645	0.731466635793	4	525	1	
42	0	85	step_1_no_load	1	2	1	275	
42	0	85	step_2_no_load	5	6	0.692384972752	0.485785534744	5	1399	1	
42	0	86	step_1_no_load	1	2	1	260	
42	0	86	step_2_no_load	3	4	0.345323068124	0.721207648497	4	431	1	
42	0	87	step_1_no_load	1	2	1	388	
42	0	87	step_2_no_load	5	6	0.719375344246	0.493867001103	5	800	1	
42	0	88	step_1_no_load	1	2	1	260	
42	0	88	step_2_no_load	3	4	0.377947492322	0.696773608304	3	1270	0	
42	0	89	step_1_no_load	1	2	1	778	
42	0	89	step_2_no_load	3	4	0.415882489686	0.660112261017	4	416	1	
42	0	90	step_1_no_load	1	2	1	262	
42	0	90	step_2_no_load	3	4	0.411459496853	0.688736868033	4	551	1	
42	0	91	step_1_no_load	1	2	1	329	
42	0	91	step_2_no_load	3	4	0.43534164751	0.657820521772	4	534	1	
42	0	92	step_1_no_load	1	2	1	276	
42	0	92	step_2_no_load	3	4	0.444368850664	0.679381608313	4	495	1	
42	0	93	step_1_no_load	1	2	1	258	
42	0	93	step_2_no_load	3	4	0.439878153082	0.662863370634	4	443	1	
42	0	94	step_1_no_load	1	2	1	298	
42	0	94	step_2_no_load	3	4	0.429211756872	0.668295023896	4	387	1	
42	0	95	step_1_no_load	1	2	1	276	
42	0	95	step_2_no_load	3	4	0.427150666411	0.640209855442	4	388	1	
42	0	96	step_1_no_load	1	2	1	269	
42	0	96	step_2_no_load	3	4	0.383038640121	0.663095813561	4	431	1	
42	0	97	step_1_no_load	1	2	1	247	
42	0	97	step_2_no_load	5	6	0.681272614291	0.455601814112	5	613	1	
42	0	98	step_1_no_load	1	2	1	270	
42	0	98	step_2_no_load	5	6	0.70287861952	0.431479829356	5	562	0	
42	0	99	step_1_no_load	1	2	1	256	
42	0	99	step_2_no_load	3	4	0.397561363605	0.645191748454	3	395	0	
42	0	100	step_1_no_load	1	2	1	225	
42	0	100	step_2_no_load	3	4	0.4333505304	0.66579920021	4	864	1	
42	0	101	step_1_no_load	1	2	1	310	
42	0	101	step_2_no_load	3	4	0.497432607584	0.655903528958	4	590	1	
42	0	102	step_1_no_load	1	2	1	230	
42	0	102	step_2_no_load	5	6	0.666304534392	0.326080462175	6	1274	0	
42	0	103	step_1_no_load	1	2	1	300	
42	0	103	step_2_no_load	5	6	0.663997796029	0.322834495838	5	843	0	
42	0	104	step_1_no_load	1	2	1	89	
42	0	104	step_2_no_load	3	4	0.521047445908	0.743372642809	3	1116	1	
42	0	105	step_1_no_load	1	2	1	275	
42	0	105	step_2_no_load	3	4	0.514318365187	0.722851301692	3	659	1	
42	0	106	step_1_no_load	1	2	1	316	
42	0	106	step_2_no_load	5	6	0.712883638252	0.374131494222	6	518	0	
42	0	107	step_1_no_load	1	2	1	218	
42	0	107	step_2_no_load	3	4	0.565220528809	0.677514185929	3	538	1	
42	0	108	step_1_no_load	1	2	1	303	
42	0	108	step_2_no_load	3	4	0.526955028982	0.681491063126	3	498	1	
42	0	109	step_1_no_load	1	2	1	290	
42	0	109	step_2_no_load	3	4	0.479977531501	0.68658494263	3	397	1	
42	0	110	step_1_no_load	1	2	1	249	
42	0	110	step_2_no_load	5	6	0.729599891941	0.395544455384	6	721	0	
42	0	111	step_1_no_load	1	2	1	261	
42	0	111	step_2_no_load	3	4	0.384948378665	0.634599547742	3	583	1	
42	0	112	step_1_no_load	1	2	1	350	
42	0	112	step_2_no_load	3	4	0.392887565883	0.635252945963	3	352	1	
42	0	113	step_1_no_load	1	2	1	278	
42	0	113	step_2_no_load	3	4	0.370697120277	0.634627459817	3	342	1	
42	0	114	step_1_no_load	1	2	1	299	
42	0	114	step_2_no_load	3	4	0.380324086676	0.657654904272	3	394	0	
42	0	115	step_1_no_load	1	2	1	236	
42	0	115	step_2_no_load	3	4	0.390027643099	0.645721217949	3	292	0	
42	0	116	step_1_no_load	1	2	2	239	
42	0	116	step_2_no_load	3	4	0.378149844807	0.680124293449	3	288	0	
42	0	117	step_1_no_load	1	2	1	499	
42	0	117	step_2_no_load	3	4	0.374621793791	0.671842537277	4	396	0	
42	0	118	step_1_no_load	1	2	2	523	
42	0	118	step_2_no_load	3	4	0.357645851833	0.690484235012	3	335	1	
42	0	119	step_1_no_load	1	2	2	329	
42	0	119	step_2_no_load	5	6	0.690424535099	0.358243439099	6	610	1	
42	0	120	step_1_no_load	1	2	2	271	
42	0	120	step_2_no_load	3	4	0.370150243662	0.666433355915	3	570	0	
42	0	121	step_1_no_load	1	2	2	301	
42	0	121	step_2_no_load	5	6	0.658856304095	0.310775244958	6	368	0	
42	0	122	step_1_no_load	1	2	2	171	
42	0	122	step_2_no_load	3	4	0.329624572119	0.672193618854	3	468	0	
42	0	123	step_1_no_load	1	2	2	249	
42	0	123	step_2_no_load	3	4	0.337526896345	0.664849878232	4	609	0	
42	0	124	step_1_no_load	1	2	2	263	
42	0	124	step_2_no_load	3	4	0.309430836661	0.624161788269	3	353	1	
42	0	125	step_1_no_load	1	2	1	341	
42	0	125	step_2_no_load	5	6	0.559596800931	0.290374841566	6	603	0	
42	0	126	step_1_no_load	1	2	1	144	
42	0	126	step_2_no_load	5	6	0.537863824328	0.267206368684	5	636	1	
42	0	127	step_1_no_load	1	2	1	267	
42	0	127	step_2_no_load	3	4	0.274944938508	0.646945556251	3	446	0	
42	0	128	step_1_no_load	1	2	1	226	
42	0	128	step_2_no_load	3	4	0.250790232267	0.620672334996	4	546	0	
42	0	129	step_1_no_load	1	2	2	248	
42	0	129	step_2_no_load	5	6	0.685297910719	0.268213321963	5	326	1	
42	0	130	step_1_no_load	1	2	2	296	
42	0	130	step_2_no_load	5	6	0.682031489739	0.267460866951	5	352	1	
42	0	131	step_1_no_load	1	2	2	306	
42	0	131	step_2_no_load	5	6	0.678044920845	0.281500842289	5	323	1	
42	0	132	step_1_no_load	1	2	2	264	
42	0	132	step_2_no_load	5	6	0.668578020634	0.27986961048	5	293	1	
42	0	133	step_1_no_load	1	2	2	304	
42	0	133	step_2_no_load	3	4	0.312642735495	0.691649444281	3	293	1	
42	0	134	step_1_no_load	1	2	2	191	
42	0	134	step_2_no_load	5	6	0.621945110858	0.287393715313	5	806	1	
42	0	135	step_1_no_load	1	2	1	683	
42	0	135	step_2_no_load	3	4	0.287118934166	0.700779221781	4	610	1	
42	0	136	step_1_no_load	1	2	1	1	
42	0	136	step_2_no_load	5	6	0.597814413435	0.307766925452	6	553	0	
42	0	137	step_1_no_load	1	2	1	453	
42	0	137	step_2_no_load	3	4	0.325016613024	0.668540846495	4	924	0	
42	0	138	step_1_no_load	1	2	1	218	
42	0	138	step_2_no_load	5	6	0.63240964674	0.366701525561	5	551	1	
42	0	139	step_1_no_load	1	2	1	245	
42	0	139	step_2_no_load	5	6	0.636630981281	0.325611400511	5	395	1	
42	0	140	step_1_no_load	1	2	1	272	
42	0	140	step_2_no_load	3	4	0.328174526491	0.637682840728	3	826	0	
42	0	141	step_1_no_load	1	2	1	212	
42	0	141	step_2_no_load	3	4	0.311809871418	0.616803346728	4	393	0	
42	0	142	step_1_no_load	1	2	2	240	
42	0	142	step_2_no_load	3	4	0.304203281606	0.627356259123	3	445	0	
42	0	143	step_1_no_load	1	2	2	167	
42	0	143	step_2_no_load	3	4	0.313516825296	0.610219102298	3	771	0	
42	0	144	step_1_no_load	1	2	2	95	
42	0	144	step_2_no_load	5	6	0.626443722248	0.389234194056	6	292	0	
42	0	145	step_1_no_load	1	2	1	223	
42	0	145	step_2_no_load	3	4	0.266265924094	0.606515632748	3	283	1	
42	0	146	step_1_no_load	1	2	1	243	
42	0	146	step_2_no_load	3	4	0.257861956214	0.593778463268	3	330	0	
42	0	147	step_1_no_load	1	2	1	235	
42	0	147	step_2_no_load	3	4	0.265578160642	0.594861186319	3	391	1	
42	0	148	step_1_no_load	1	2	1	259	
42	0	148	step_2_no_load	3	4	0.305288021243	0.648050021239	3	386	1	
42	0	149	step_1_no_load	1	2	1	383	
42	0	149	step_2_no_load	3	4	0.269951834184	0.623203869836	3	276	0	
42	0	150	step_1_no_load	1	2	1	228	
42	0	150	step_2_no_load	3	4	0.305587692243	0.605912419156	3	316	0	
42	0	151	step_1_no_load	1	2	2	229	
42	0	151	step_2_no_load	3	4	0.348172164421	0.614159737668	3	552	1	
42	0	152	step_1_no_load	1	2	2	526	
42	0	152	step_2_no_load	3	4	0.307702500543	0.644204174791	3	383	0	
42	0	153	step_1_no_load	1	2	1	242	
42	0	153	step_2_no_load	5	6	0.613336203392	0.343622632154	5	329	1	
42	0	154	step_1_no_load	1	2	1	299	
42	0	154	step_2_no_load	3	4	0.316375537537	0.671672162443	4	767	1	
42	0	155	step_1_no_load	1	2	1	251	
42	0	155	step_2_no_load	5	6	0.632486591889	0.372188990474	6	1323	1	
42	0	156	step_1_no_load	1	2	1	275	
42	0	156	step_2_no_load	5	6	0.631048201903	0.368378667812	6	569	0	
42	0	157	step_1_no_load	1	2	1	238	
42	0	157	step_2_no_load	5	6	0.585191807512	0.324728201487	6	408	1	
42	0	158	step_1_no_load	1	2	1	298	
42	0	158	step_2_no_load	3	4	0.408728803896	0.694270715354	4	337	0	
42	0	159	step_1_no_load	1	2	1	223	
42	0	159	step_2_no_load	3	4	0.413026375257	0.697903160072	3	304	1	
42	0	160	step_1_no_load	1	2	1	260	
42	0	160	step_2_no_load	3	4	0.415052912783	0.710728171711	3	455	1	
42	0	161	step_1_no_load	1	2	1	526	
42	0	161	step_2_no_load	5	6	0.516036498158	0.438878285506	5	322	0	
42	0	162	step_1_no_load	1	2	1	0	
42	0	162	step_2_no_load	3	4	0.3926701003	0.695144769903	3	1076	1	
42	0	163	step_1_no_load	1	2	1	313	
42	0	163	step_2_no_load	3	4	0.395221309311	0.697095951435	3	434	0	
42	0	164	step_1_no_load	1	2	1	27	
42	0	164	step_2_no_load	3	4	0.432761720497	0.692137394606	4	700	1	
42	0	165	step_1_no_load	1	2	1	301	
42	0	165	step_2_no_load	3	4	0.463777557969	0.717506143195	4	493	1	
42	0	166	step_1_no_load	1	2	1	361	
42	0	166	step_2_no_load	3	4	0.422282731054	0.686594248975	4	497	0	
42	0	167	step_1_no_load	1	2	2	1268	
42	0	167	step_2_no_load	5	6	0.585131062446	0.331115714939	5	956	1	
42	0	168	step_1_no_load	1	2	2	311	
42	0	168	step_2_no_load	5	6	0.613361520676	0.335777599654	5	354	1	
42	0	169	step_1_no_load	1	2	2	327	
42	0	169	step_2_no_load	5	6	0.586049140041	0.365156560071	5	321	1	
42	0	170	step_1_no_load	1	2	2	346	
42	0	170	step_2_no_load	5	6	0.57151385403	0.364989630435	5	295	1	
42	0	171	step_1_no_load	1	2	2	596	
42	0	171	step_2_no_load	3	4	0.386979310814	0.727248140829	3	288	1	
42	0	172	step_1_no_load	1	2	2	291	
42	0	172	step_2_no_load	5	6	0.519090471457	0.490120307546	5	415	0	
42	0	173	step_1_no_load	1	2	1	545	
42	0	173	step_2_no_load	3	4	0.385349297983	0.667027212577	3	411	0	
42	0	174	step_1_no_load	1	2	1	163	
42	0	174	step_2_no_load	3	4	0.387867297446	0.729877433725	4	462	1	
42	0	175	step_1_no_load	1	2	1	287	
42	0	175	step_2_no_load	5	6	0.52644949356	0.484825491933	6	1314	1	
42	0	176	step_1_no_load	1	2	1	279	
42	0	176	step_2_no_load	3	4	0.383231572002	0.679250000396	4	449	0	
42	0	177	step_1_no_load	1	2	1	0	
42	0	177	step_2_no_load	3	4	0.357425668099	0.714070205704	3	781	1	
42	0	178	step_1_no_load	1	2	1	297	
42	0	178	step_2_no_load	3	4	0.36473828006	0.705993797498	3	392	0	
42	0	179	step_1_no_load	1	2	1	276	
42	0	179	step_2_no_load	5	6	0.457298770028	0.493565996034	5	1184	1	
42	0	180	step_1_no_load	1	2	1	339	
42	0	180	step_2_no_load	5	6	0.482853857291	0.489345734128	5	894	0	
42	0	181	step_1_no_load	1	2	1	209	
42	0	181	step_2_no_load	3	4	0.342402764747	0.746910336326	3	888	0	
42	0	182	step_1_no_load	1	2	1	219	
42	0	182	step_2_no_load	5	6	0.506773281362	0.49907747228	6	781	0	
42	0	183	step_1_no_load	1	2	1	490	
42	0	183	step_2_no_load	5	6	0.502991759047	0.492742497507	5	489	0	
42	0	184	step_1_no_load	1	2	2	342	
42	0	184	step_2_no_load	5	6	0.460890977786	0.480863422096	5	300	1	
42	0	185	step_1_no_load	1	2	2	336	
42	0	185	step_2_no_load	5	6	0.479703516092	0.482228039858	5	371	0	
42	0	186	step_1_no_load	1	2	2	193	
42	0	186	step_2_no_load	3	4	0.332733011923	0.656308636836	3	542	1	
42	0	187	step_1_no_load	1	2	2	316	
42	0	187	step_2_no_load	5	6	0.443962917772	0.498596507669	6	542	0	
42	0	188	step_1_no_load	1	2	2	335	
42	0	188	step_2_no_load	5	6	0.471319680586	0.548350535247	5	434	0	
42	0	189	step_1_no_load	1	2	1	289	
42	0	189	step_2_no_load	3	4	0.285168135955	0.688353284054	3	280	1	
42	0	190	step_1_no_load	1	2	1	244	
42	0	190	step_2_no_load	3	4	0.304557739386	0.667655825994	3	332	0	
42	0	191	step_1_no_load	1	2	1	78	
42	0	191	step_2_no_load	3	4	0.318839908867	0.664271461991	3	348	0	
42	0	192	step_1_no_load	1	2	2	156	
42	0	192	step_2_no_load	5	6	0.450791310283	0.493851022417	5	361	0	
42	0	193	step_1_no_load	1	2	2	244	
42	0	193	step_2_no_load	5	6	0.440813209638	0.504944704439	6	548	0	
42	0	194	step_1_no_load	1	2	2	287	
42	0	194	step_2_no_load	3	4	0.342437174514	0.655261361454	3	395	1	
42	0	195	step_1_no_load	1	2	2	249	
42	0	195	step_2_no_load	5	6	0.466795336969	0.494102184238	6	628	1	
42	0	196	step_1_no_load	1	2	2	296	
42	0	196	step_2_no_load	3	4	0.365373286058	0.695101215304	3	376	0	
42	0	197	step_1_no_load	1	2	2	226	
42	0	197	step_2_no_load	5	6	0.422511153127	0.47786945426	5	357	0	
42	0	198	step_1_no_load	1	2	2	194	
42	0	198	step_2_no_load	5	6	0.397292432346	0.485065498391	5	412	1	
42	0	199	step_1_no_load	1	2	2	259	
42	0	199	step_2_no_load	3	4	0.292861528884	0.73697129762	4	915	0	
42	0	200	step_1_no_load	1	2	2	74	
42	0	200	step_2_no_load	5	6	0.372436949782	0.507902534353	6	93	1	

Wed Dec 28 11:26:51 2016
