Tue Jan  3 15:31:58 2017	
43	0	1	step_1_no_load	1	2	1	466	
43	0	1	step_2_no_load	5	6	0.598297890399	0.457620150462	6	362	0	
43	0	2	step_1_no_load	1	2	1	394	
43	0	2	step_2_no_load	3	4	0.533203491871	0.610961032466	3	350	1	
43	0	3	step_1_no_load	1	2	2	597	
43	0	3	step_2_no_load	3	4	0.516002945397	0.589215227351	3	410	1	
43	0	4	step_1_no_load	1	2	2	453	
43	0	4	step_2_no_load	5	6	0.597491569846	0.478607661228	5	842	1	
43	0	5	step_1_no_load	1	2	2	409	
43	0	5	step_2_no_load	3	4	0.543908521457	0.576104915614	3	310	0	
43	0	6	step_1_no_load	1	2	1	47	
43	0	6	step_2_no_load	3	4	0.490454120702	0.603642866427	3	10	1	
43	0	7	step_1_no_load	1	2	1	648	
43	0	7	step_2_no_load	3	4	0.506408070053	0.622642364361	3	424	1	
43	0	8	step_1_no_load	1	2	1	326	
43	0	8	step_2_no_load	3	4	0.499203529332	0.624210374623	3	884	1	
43	0	9	step_1_no_load	1	2	2	401	
43	0	9	step_2_no_load	5	6	0.598049061473	0.496546708465	6	1473	1	
43	0	10	step_1_no_load	1	2	2	460	
43	0	10	step_2_no_load	5	6	0.652626043146	0.482364178155	6	578	1	
43	0	11	step_1_no_load	1	2	2	434	
43	0	11	step_2_no_load	5	6	0.69163818036	0.477013315682	6	588	1	
43	0	12	step_1_no_load	1	2	2	346	
43	0	12	step_2_no_load	5	6	0.682786328054	0.48457206759	6	550	0	
43	0	13	step_1_no_load	1	2	1	5	
43	0	13	step_2_no_load	3	4	0.595790490356	0.558313135925	3	982	1	
43	0	14	step_1_no_load	1	2	1	452	
43	0	14	step_2_no_load	5	6	0.629137942344	0.491234392147	5	495	1	
43	0	15	step_1_no_load	1	2	1	431	
43	0	15	step_2_no_load	3	4	0.633564630036	0.570419113221	4	1250	0	
43	0	16	step_1_no_load	1	2	1	413	
43	0	16	step_2_no_load	3	4	0.626326396372	0.553308964466	3	427	1	
43	0	17	step_1_no_load	1	2	1	295	
43	0	17	step_2_no_load	3	4	0.643116883134	0.562895132605	3	598	1	
43	0	18	step_1_no_load	1	2	1	0	
43	0	18	step_2_no_load	5	6	0.626834332012	0.517514133912	5	523	1	
43	0	19	step_1_no_load	1	2	1	477	
43	0	19	step_2_no_load	5	6	0.619895761657	0.498240186199	5	543	1	
43	0	20	step_1_no_load	1	2	1	367	
43	0	20	step_2_no_load	5	6	0.636521555122	0.478025448397	5	310	1	
43	0	21	step_1_no_load	1	2	1	168	
43	0	21	step_2_no_load	3	4	0.611328949295	0.470207377245	3	429	1	
43	0	22	step_1_no_load	1	2	1	424	
43	0	22	step_2_no_load	3	4	0.618527126547	0.468700882609	3	473	1	
43	0	23	step_1_no_load	1	2	1	282	
43	0	23	step_2_no_load	5	6	0.640163623731	0.520606588181	5	448	0	
43	0	24	step_1_no_load	1	2	2	193	
43	0	24	step_2_no_load	3	4	0.5800912085	0.503316199018	3	1280	1	
43	0	25	step_1_no_load	1	2	2	350	
43	0	25	step_2_no_load	5	6	0.565698722896	0.503316372362	6	784	1	
43	0	26	step_1_no_load	1	2	2	408	
43	0	26	step_2_no_load	5	6	0.592410219737	0.511744353778	6	486	0	
43	0	27	step_1_no_load	1	2	2	480	
43	0	27	step_2_no_load	5	6	0.57860777711	0.507272671939	5	401	0	
43	0	28	step_1_no_load	1	2	2	368	
43	0	28	step_2_no_load	5	6	0.588356036098	0.520177259699	6	408	1	
43	0	29	step_1_no_load	1	2	1	774	
43	0	29	step_2_no_load	5	6	0.606613029227	0.521159009103	5	425	1	
43	0	30	step_1_no_load	1	2	1	415	
43	0	30	step_2_no_load	5	6	0.608245979832	0.4919199548	5	553	1	
43	0	31	step_1_no_load	1	2	1	412	
43	0	31	step_2_no_load	3	4	0.606122691795	0.541819886458	3	603	1	
43	0	32	step_1_no_load	1	2	1	360	
43	0	32	step_2_no_load	3	4	0.605616211083	0.522993086096	3	517	0	
43	0	33	step_1_no_load	1	2	2	148	
43	0	33	step_2_no_load	5	6	0.611700032906	0.487664344039	6	959	1	
43	0	34	step_1_no_load	1	2	2	511	
43	0	34	step_2_no_load	5	6	0.575802910074	0.454565258478	6	549	0	
43	0	35	step_1_no_load	1	2	2	375	
43	0	35	step_2_no_load	5	6	0.566827313385	0.491437207585	5	1099	1	
43	0	36	step_1_no_load	1	2	2	440	
43	0	36	step_2_no_load	5	6	0.527635087561	0.513210053121	5	349	0	
43	0	37	step_1_no_load	1	2	2	390	
43	0	37	step_2_no_load	5	6	0.513822304161	0.543074626387	6	301	1	
43	0	38	step_1_no_load	1	2	1	456	
43	0	38	step_2_no_load	3	4	0.651263699161	0.595113730206	3	317	0	
43	0	39	step_1_no_load	1	2	2	314	
43	0	39	step_2_no_load	5	6	0.557005857101	0.578640235206	6	282	1	
43	0	40	step_1_no_load	1	2	2	268	
43	0	40	step_2_no_load	5	6	0.580760785074	0.5691386571	6	229	1	
43	0	41	step_1_no_load	1	2	2	432	
43	0	41	step_2_no_load	5	6	0.524862294848	0.583829055298	6	775	1	
43	0	42	step_1_no_load	1	2	2	575	
43	0	42	step_2_no_load	5	6	0.533857158543	0.553461946234	6	634	0	
43	0	43	step_1_no_load	1	2	1	361	
43	0	43	step_2_no_load	3	4	0.581931546759	0.612705031264	3	116	0	
43	0	44	step_1_no_load	1	2	1	932	
43	0	44	step_2_no_load	3	4	0.589653131867	0.611481438855	4	313	1	
43	0	45	step_1_no_load	1	2	1	356	
43	0	45	step_2_no_load	5	6	0.579346234508	0.5288039409	6	383	0	
43	0	46	step_1_no_load	1	2	2	14	
43	0	46	step_2_no_load	5	6	0.55511883717	0.532238720495	5	539	1	
43	0	47	step_1_no_load	1	2	2	447	
43	0	47	step_2_no_load	3	4	0.634373567175	0.598724660986	4	1016	0	
43	0	48	step_1_no_load	1	2	2	378	
43	0	48	step_2_no_load	5	6	0.534690828011	0.488280685105	5	416	1	
43	0	49	step_1_no_load	1	2	2	438	
43	0	49	step_2_no_load	3	4	0.614679490594	0.610193185592	3	386	1	
43	0	50	step_1_no_load	1	2	2	405	
43	0	50	step_2_no_load	3	4	0.593458480934	0.606862017918	3	372	1	
43	0	51	step_1_no_load	1	2	2	623	
43	0	51	step_2_no_load	5	6	0.508197321577	0.469943944943	6	1358	0	
43	0	52	step_1_no_load	1	2	2	341	
43	0	52	step_2_no_load	5	6	0.513589895419	0.429622901875	5	317	1	
43	0	53	step_1_no_load	1	2	2	337	
43	0	53	step_2_no_load	5	6	0.475342927439	0.451905460347	5	335	0	
43	0	54	step_1_no_load	1	2	1	314	
43	0	54	step_2_no_load	3	4	0.652515308527	0.570223904064	4	425	0	
43	0	55	step_1_no_load	1	2	1	46	
43	0	55	step_2_no_load	3	4	0.639840796975	0.574045915747	3	85	0	
43	0	56	step_1_no_load	1	2	1	125	
43	0	56	step_2_no_load	3	4	0.60038825769	0.601856598146	3	347	1	
43	0	57	step_1_no_load	1	2	1	25	
43	0	57	step_2_no_load	3	4	0.586335094239	0.641849303307	3	398	0	
43	0	58	step_1_no_load	1	2	2	436	
43	0	58	step_2_no_load	5	6	0.528376440027	0.478335218822	6	113	1	
43	0	59	step_1_no_load	1	2	2	426	
43	0	59	step_2_no_load	5	6	0.537400760025	0.480274332693	6	306	0	
43	0	60	step_1_no_load	1	2	1	690	
43	0	60	step_2_no_load	3	4	0.599559577859	0.623687406259	4	399	1	
43	0	61	step_1_no_load	1	2	2	600	
43	0	61	step_2_no_load	5	6	0.527144452559	0.464268875813	5	358	0	
43	0	62	step_1_no_load	1	2	1	11	
43	0	62	step_2_no_load	3	4	0.622820395113	0.691137204746	4	541	0	
43	0	63	step_1_no_load	1	2	2	394	
43	0	63	step_2_no_load	3	4	0.642623127313	0.664284493458	4	1091	1	
43	0	64	step_1_no_load	1	2	2	488	
43	0	64	step_2_no_load	3	4	0.626149195169	0.642369708469	4	831	0	
43	0	65	step_1_no_load	1	2	2	562	
43	0	65	step_2_no_load	5	6	0.517687993213	0.569109504048	5	909	0	
43	0	66	step_1_no_load	1	2	1	392	
43	0	66	step_2_no_load	3	4	0.630357351236	0.606938648072	4	302	1	
43	0	67	step_1_no_load	1	2	1	364	
43	0	67	step_2_no_load	3	4	0.674463681351	0.597650193897	4	307	1	
43	0	68	step_1_no_load	1	2	2	574	
43	0	68	step_2_no_load	5	6	0.523301545299	0.509127161919	5	365	1	
43	0	69	step_1_no_load	1	2	2	333	
43	0	69	step_2_no_load	5	6	0.560462111264	0.499137600991	5	401	1	
43	0	70	step_1_no_load	1	2	2	292	
43	0	70	step_2_no_load	5	6	0.548075770764	0.498834901463	5	373	0	
43	0	71	step_1_no_load	1	2	2	407	
43	0	71	step_2_no_load	3	4	0.706816191949	0.639174917797	4	364	0	
43	0	72	step_1_no_load	1	2	1	486	
43	0	72	step_2_no_load	3	4	0.705884789502	0.626024641967	4	462	1	
43	0	73	step_1_no_load	1	2	1	688	
43	0	73	step_2_no_load	3	4	0.727961155836	0.657126403029	4	645	1	
43	0	74	step_1_no_load	1	2	1	654	
43	0	74	step_2_no_load	5	6	0.491044983779	0.453420386428	6	548	0	
43	0	75	step_1_no_load	1	2	2	515	
43	0	75	step_2_no_load	3	4	0.697629587097	0.615552849174	3	452	1	
43	0	76	step_1_no_load	1	2	2	386	
43	0	76	step_2_no_load	5	6	0.518881389358	0.488583631821	5	382	0	
43	0	77	step_1_no_load	1	2	2	14	
43	0	77	step_2_no_load	5	6	0.538119616568	0.446809557226	6	453	0	
43	0	78	step_1_no_load	1	2	1	401	
43	0	78	step_2_no_load	3	4	0.647586191228	0.536711448352	3	811	1	
43	0	79	step_1_no_load	1	2	1	587	
43	0	79	step_2_no_load	3	4	0.647841624544	0.513695512795	3	465	1	
43	0	80	step_1_no_load	1	2	1	394	
43	0	80	step_2_no_load	3	4	0.703969305517	0.518583383166	3	533	1	
43	0	81	step_1_no_load	1	2	1	305	
43	0	81	step_2_no_load	3	4	0.702400933084	0.529745690463	3	349	1	
43	0	82	step_1_no_load	1	2	1	325	
43	0	82	step_2_no_load	3	4	0.688340116885	0.564729328387	3	344	1	
43	0	83	step_1_no_load	1	2	1	325	
43	0	83	step_2_no_load	3	4	0.726885136842	0.607907985871	3	345	1	
43	0	84	step_1_no_load	1	2	1	242	
43	0	84	step_2_no_load	3	4	0.731466635793	0.65843840156	3	310	1	
43	0	85	step_1_no_load	1	2	1	376	
43	0	85	step_2_no_load	5	6	0.485785534744	0.384458259121	5	416	1	
43	0	86	step_1_no_load	1	2	1	334	
43	0	86	step_2_no_load	5	6	0.486462788728	0.345323068124	5	427	0	
43	0	87	step_1_no_load	1	2	1	278	
43	0	87	step_2_no_load	3	4	0.690012761069	0.719375344246	3	563	0	
43	0	88	step_1_no_load	1	2	1	988	
43	0	88	step_2_no_load	5	6	0.509563243675	0.377947492322	-1	-1	-1	
43	0	89	step_1_no_load	1	2	2	439	
43	0	89	step_2_no_load	3	4	0.660112261017	0.690772436485	4	396	1	
43	0	90	step_1_no_load	1	2	2	363	
43	0	90	step_2_no_load	5	6	0.530126112124	0.411459496853	6	361	1	
43	0	91	step_1_no_load	1	2	2	347	
43	0	91	step_2_no_load	5	6	0.479087223222	0.43534164751	6	440	0	
43	0	92	step_1_no_load	1	2	2	340	
43	0	92	step_2_no_load	3	4	0.679381608313	0.692406274724	4	308	0	
43	0	93	step_1_no_load	1	2	1	475	
43	0	93	step_2_no_load	3	4	0.662863370634	0.70415710998	3	480	0	
43	0	94	step_1_no_load	1	2	1	365	
43	0	94	step_2_no_load	5	6	0.468637558205	0.429211756872	6	322	1	
43	0	95	step_1_no_load	1	2	1	346	
43	0	95	step_2_no_load	3	4	0.640209855442	0.715495469274	4	1269	1	
43	0	96	step_1_no_load	1	2	1	379	
43	0	96	step_2_no_load	3	4	0.663095813561	0.693739812506	4	304	0	
43	0	97	step_1_no_load	1	2	1	188	
43	0	97	step_2_no_load	3	4	0.651202057411	0.681272614291	3	261	1	
43	0	98	step_1_no_load	1	2	1	311	
43	0	98	step_2_no_load	3	4	0.646040060297	0.70287861952	3	236	0	
43	0	99	step_1_no_load	1	2	2	517	
43	0	99	step_2_no_load	5	6	0.375249961522	0.397561363605	6	1061	1	
43	0	100	step_1_no_load	1	2	2	516	
43	0	100	step_2_no_load	5	6	0.363162156005	0.4333505304	6	376	0	
43	0	101	step_1_no_load	1	2	1	454	
43	0	101	step_2_no_load	3	4	0.655903528958	0.623812401974	4	1166	1	
43	0	102	step_1_no_load	1	2	1	456	
43	0	102	step_2_no_load	3	4	0.663124617603	0.666304534392	4	459	0	
43	0	103	step_1_no_load	1	2	1	386	
43	0	103	step_2_no_load	3	4	0.69058998368	0.663997796029	4	555	1	
43	0	104	step_1_no_load	1	2	1	372	
43	0	104	step_2_no_load	3	4	0.743372642809	0.703870701136	4	392	1	
43	0	105	step_1_no_load	1	2	1	309	
43	0	105	step_2_no_load	3	4	0.722851301692	0.689135357059	4	446	1	
43	0	106	step_1_no_load	1	2	1	292	
43	0	106	step_2_no_load	3	4	0.699623252899	0.712883638252	4	541	1	
43	0	107	step_1_no_load	1	2	1	334	
43	0	107	step_2_no_load	5	6	0.388257337796	0.565220528809	6	358	1	
43	0	108	step_1_no_load	1	2	1	77	
43	0	108	step_2_no_load	3	4	0.681491063126	0.695928523711	4	615	1	
43	0	109	step_1_no_load	1	2	1	559	
43	0	109	step_2_no_load	3	4	0.68658494263	0.71632547018	4	319	0	
43	0	110	step_1_no_load	1	2	1	16	
43	0	110	step_2_no_load	5	6	0.395544455384	0.432626681236	5	0	1	
43	0	111	step_1_no_load	1	2	2	409	
43	0	111	step_2_no_load	5	6	0.407158158569	0.384948378665	5	253	1	
43	0	112	step_1_no_load	1	2	2	235	
43	0	112	step_2_no_load	5	6	0.413393106784	0.392887565883	5	273	0	
43	0	113	step_1_no_load	1	2	2	502	
43	0	113	step_2_no_load	5	6	0.387112818105	0.370697120277	5	436	0	
43	0	114	step_1_no_load	1	2	1	386	
43	0	114	step_2_no_load	5	6	0.384736699284	0.380324086676	6	254	1	
43	0	115	step_1_no_load	1	2	2	104	
43	0	115	step_2_no_load	3	4	0.645721217949	0.739704344621	4	125	0	
43	0	116	step_1_no_load	1	2	2	549	
43	0	116	step_2_no_load	3	4	0.680124293449	0.706736514943	4	356	1	
43	0	117	step_1_no_load	1	2	2	298	
43	0	117	step_2_no_load	5	6	0.363056877927	0.374621793791	6	527	1	
43	0	118	step_1_no_load	1	2	2	326	
43	0	118	step_2_no_load	3	4	0.690484235012	0.740051715856	4	323	1	
43	0	119	step_1_no_load	1	2	2	179	
43	0	119	step_2_no_load	5	6	0.358243439099	0.357515098446	6	322	1	
43	0	120	step_1_no_load	1	2	2	311	
43	0	120	step_2_no_load	3	4	0.666433355915	0.70587238626	4	464	1	
43	0	121	step_1_no_load	1	2	2	370	
43	0	121	step_2_no_load	3	4	0.671052306195	0.658856304095	4	721	1	
43	0	122	step_1_no_load	1	2	2	1	
43	0	122	step_2_no_load	5	6	0.266650857402	0.329624572119	6	288	1	
43	0	123	step_1_no_load	1	2	2	191	
43	0	123	step_2_no_load	5	6	0.269780614928	0.337526896345	6	440	1	
43	0	124	step_1_no_load	1	2	2	375	
43	0	124	step_2_no_load	3	4	0.624161788269	0.603013298253	4	623	1	
43	0	125	step_1_no_load	1	2	2	490	
43	0	125	step_2_no_load	5	6	0.290374841566	0.303110862715	6	452	0	
43	0	126	step_1_no_load	1	2	2	1001	
43	0	126	step_2_no_load	3	4	0.600985760967	0.537863824328	4	590	0	
43	0	127	step_1_no_load	1	2	1	576	
43	0	127	step_2_no_load	3	4	0.646945556251	0.560824094575	4	385	0	
43	0	128	step_1_no_load	1	2	1	9	
43	0	128	step_2_no_load	3	4	0.620672334996	0.636905534066	3	131	0	
43	0	129	step_1_no_load	1	2	1	412	
43	0	129	step_2_no_load	3	4	0.632682846317	0.685297910719	3	425	0	
43	0	130	step_1_no_load	1	2	2	434	
43	0	130	step_2_no_load	5	6	0.267460866951	0.274560758494	6	1047	1	
43	0	131	step_1_no_load	1	2	2	452	
43	0	131	step_2_no_load	5	6	0.281500842289	0.311475039155	6	576	0	
43	0	132	step_1_no_load	1	2	2	383	
43	0	132	step_2_no_load	5	6	0.27986961048	0.315328810424	6	696	0	
43	0	133	step_1_no_load	1	2	2	809	
43	0	133	step_2_no_load	5	6	0.315608831386	0.312642735495	5	409	0	
43	0	134	step_1_no_load	1	2	2	564	
43	0	134	step_2_no_load	3	4	0.685529359147	0.621945110858	4	378	1	
43	0	135	step_1_no_load	1	2	2	589	
43	0	135	step_2_no_load	3	4	0.700779221781	0.593710006149	4	328	1	
43	0	136	step_1_no_load	1	2	1	507	
43	0	136	step_2_no_load	3	4	0.674914008636	0.597814413435	4	302	0	
43	0	137	step_1_no_load	1	2	1	161	
43	0	137	step_2_no_load	3	4	0.668540846495	0.605896884497	4	341	1	
43	0	138	step_1_no_load	1	2	1	24	
43	0	138	step_2_no_load	3	4	0.688182193337	0.63240964674	4	378	1	
43	0	139	step_1_no_load	1	2	1	460	
43	0	139	step_2_no_load	3	4	0.696355985729	0.636630981281	4	371	0	
43	0	140	step_1_no_load	1	2	1	379	
43	0	140	step_2_no_load	3	4	0.637682840728	0.671213945178	4	310	1	
43	0	141	step_1_no_load	1	2	1	360	
43	0	141	step_2_no_load	5	6	0.390227133375	0.311809871418	6	378	0	
43	0	142	step_1_no_load	1	2	2	585	
43	0	142	step_2_no_load	3	4	0.627356259123	0.690276058009	3	311	1	
43	0	143	step_1_no_load	1	2	2	300	
43	0	143	step_2_no_load	3	4	0.610219102298	0.661365099615	3	341	1	
43	0	144	step_1_no_load	1	2	2	343	
43	0	144	step_2_no_load	5	6	0.389234194056	0.275932517017	5	842	1	
43	0	145	step_1_no_load	1	2	2	85	
43	0	145	step_2_no_load	5	6	0.355256413269	0.266265924094	5	346	0	
43	0	146	step_1_no_load	1	2	2	10	
43	0	146	step_2_no_load	3	4	0.593778463268	0.681611991725	3	381	0	
43	0	147	step_1_no_load	1	2	2	29	
43	0	147	step_2_no_load	5	6	0.352879785946	0.265578160642	5	1060	0	
43	0	148	step_1_no_load	1	2	1	471	
43	0	148	step_2_no_load	3	4	0.648050021239	0.619272702026	4	430	0	
43	0	149	step_1_no_load	1	2	1	105	
43	0	149	step_2_no_load	3	4	0.623203869836	0.601870110183	3	7	1	
43	0	150	step_1_no_load	1	2	1	19	
43	0	150	step_2_no_load	5	6	0.306860041627	0.305587692243	5	98	0	
43	0	151	step_1_no_load	1	2	1	53	
43	0	151	step_2_no_load	5	6	0.310557101463	0.348172164421	5	170	0	
43	0	152	step_1_no_load	1	2	1	380	
43	0	152	step_2_no_load	3	4	0.644204174791	0.595108765344	3	714	1	
43	0	153	step_1_no_load	1	2	1	340	
43	0	153	step_2_no_load	5	6	0.343622632154	0.309356532263	6	676	0	
43	0	154	step_1_no_load	1	2	1	19	
43	0	154	step_2_no_load	3	4	0.671672162443	0.638934099562	3	36	1	
43	0	155	step_1_no_load	1	2	1	397	
43	0	155	step_2_no_load	3	4	0.716100930629	0.632486591889	3	636	1	
43	0	156	step_1_no_load	1	2	1	316	
43	0	156	step_2_no_load	5	6	0.368378667812	0.32564867104	6	494	0	
43	0	157	step_1_no_load	1	2	1	6	
43	0	157	step_2_no_load	3	4	0.720725456325	0.585191807512	3	623	0	
43	0	158	step_1_no_load	1	2	1	304	
43	0	158	step_2_no_load	5	6	0.334595868098	0.408728803896	6	863	0	
43	0	159	step_1_no_load	1	2	1	0	
43	0	159	step_2_no_load	5	6	0.321150411254	0.413026375257	5	27	0	
43	0	160	step_1_no_load	1	2	1	16	
43	0	160	step_2_no_load	5	6	0.355992626298	0.415052912783	5	76	1	
43	0	161	step_1_no_load	1	2	1	25	
43	0	161	step_2_no_load	3	4	0.719896286569	0.516036498158	3	113	0	
43	0	162	step_1_no_load	1	2	1	754	
43	0	162	step_2_no_load	3	4	0.695144769903	0.566496468084	3	651	1	
43	0	163	step_1_no_load	1	2	1	600	
43	0	163	step_2_no_load	3	4	0.697095951435	0.5863391277	3	683	1	
43	0	164	step_1_no_load	1	2	-1	-1	
43	0	165	step_1_no_load	1	2	1	97	
43	0	165	step_2_no_load	3	4	0.717506143195	0.538026607649	3	226	1	
43	0	166	step_1_no_load	1	2	1	7	
43	0	166	step_2_no_load	5	6	0.356317216644	0.422282731054	5	9	1	
43	0	167	step_1_no_load	1	2	1	16	
43	0	167	step_2_no_load	5	6	0.331115714939	0.38753671275	5	166	0	
43	0	168	step_1_no_load	1	2	1	403	
43	0	168	step_2_no_load	3	4	0.67192508984	0.613361520676	3	380	1	
43	0	169	step_1_no_load	1	2	1	383	
43	0	169	step_2_no_load	5	6	0.365156560071	0.42098542374	5	327	0	
43	0	170	step_1_no_load	1	2	1	132	
43	0	170	step_2_no_load	3	4	0.67334314737	0.57151385403	3	589	1	
43	0	171	step_1_no_load	1	2	1	55	
43	0	171	step_2_no_load	3	4	0.727248140829	0.553314431843	3	741	0	
43	0	172	step_1_no_load	1	2	2	456	
43	0	172	step_2_no_load	5	6	0.490120307546	0.363617002148	5	1452	0	
43	0	173	step_1_no_load	1	2	2	341	
43	0	173	step_2_no_load	5	6	0.462866379815	0.385349297983	6	359	1	
43	0	174	step_1_no_load	1	2	2	373	
43	0	174	step_2_no_load	5	6	0.46236234172	0.387867297446	6	476	0	
43	0	175	step_1_no_load	1	2	2	304	
43	0	175	step_2_no_load	5	6	0.484825491933	0.426185553904	6	323	1	
43	0	176	step_1_no_load	1	2	2	282	
43	0	176	step_2_no_load	5	6	0.500856457218	0.383231572002	6	452	0	
43	0	177	step_1_no_load	1	2	2	309	
43	0	177	step_2_no_load	5	6	0.4798184927	0.357425668099	6	496	0	
43	0	178	step_1_no_load	1	2	1	73	
43	0	178	step_2_no_load	5	6	0.49020858644	0.36473828006	5	1135	1	
43	0	179	step_1_no_load	1	2	1	6	
43	0	179	step_2_no_load	3	4	0.709345707515	0.457298770028	3	1044	1	
43	0	180	step_1_no_load	1	2	1	23	
43	0	180	step_2_no_load	5	6	0.489345734128	0.341214611607	5	112	1	
43	0	181	step_1_no_load	1	2	1	333	
43	0	181	step_2_no_load	5	6	0.480141179559	0.342402764747	5	452	1	
43	0	182	step_1_no_load	1	2	1	332	
43	0	182	step_2_no_load	5	6	0.49907747228	0.340533666308	5	488	1	
43	0	183	step_1_no_load	1	2	1	460	
43	0	183	step_2_no_load	3	4	0.720388040749	0.502991759047	3	460	0	
43	0	184	step_1_no_load	1	2	1	19	
43	0	184	step_2_no_load	3	4	0.657291439324	0.460890977786	3	139	0	
43	0	185	step_1_no_load	1	2	1	471	
43	0	185	step_2_no_load	3	4	0.665622647081	0.479703516092	4	505	1	
43	0	186	step_1_no_load	1	2	1	441	
43	0	186	step_2_no_load	3	4	0.656308636836	0.46870859828	4	660	1	
43	0	187	step_1_no_load	1	2	1	399	
43	0	187	step_2_no_load	3	4	0.678211978625	0.443962917772	4	554	1	
43	0	188	step_1_no_load	1	2	1	312	
43	0	188	step_2_no_load	3	4	0.696362660087	0.471319680586	4	397	0	
43	0	189	step_1_no_load	1	2	1	557	
43	0	189	step_2_no_load	3	4	0.688353284054	0.448897869069	4	945	0	
43	0	190	step_1_no_load	1	2	1	876	
43	0	190	step_2_no_load	3	4	0.667655825994	0.433568856946	3	934	0	
43	0	191	step_1_no_load	1	2	1	682	
43	0	191	step_2_no_load	3	4	0.664271461991	0.435748387321	3	419	1	
43	0	192	step_1_no_load	1	2	1	319	
43	0	192	step_2_no_load	3	4	0.705517419189	0.450791310283	3	547	1	
43	0	193	step_1_no_load	1	2	1	335	
43	0	193	step_2_no_load	3	4	0.679792491164	0.440813209638	3	408	1	
43	0	194	step_1_no_load	1	2	1	346	
43	0	194	step_2_no_load	3	4	0.655261361454	0.433250459893	3	461	1	
43	0	195	step_1_no_load	1	2	1	330	
43	0	195	step_2_no_load	5	6	0.494102184238	0.348571348505	-1	-1	-1	
43	0	196	step_1_no_load	1	2	1	509	
43	0	196	step_2_no_load	5	6	0.496717662777	0.365373286058	6	410	1	
43	0	197	step_1_no_load	1	2	1	468	
43	0	197	step_2_no_load	3	4	0.686552522522	0.422511153127	3	929	1	
43	0	198	step_1_no_load	1	2	1	590	
43	0	198	step_2_no_load	3	4	0.68660989813	0.397292432346	3	794	0	
43	0	199	step_1_no_load	1	2	1	433	
43	0	199	step_2_no_load	5	6	0.529438031858	0.292861528884	6	947	1	
43	0	200	step_1_no_load	1	2	1	293	
43	0	200	step_2_no_load	5	6	0.507902534353	0.299128796668	6	562	1	

Tue Jan  3 15:49:46 2017
