Mon Jan  9 10:29:40 2017	
44	0	1	step_1_no_load	1	2	1	1070	
44	0	1	step_2_no_load	3	4	0.511789129507	0.598297890399	3	799	0	
44	0	2	step_1_no_load	1	2	1	334	
44	0	2	step_2_no_load	3	4	0.533203491871	0.580156942153	3	448	0	
44	0	3	step_1_no_load	1	2	1	310	
44	0	3	step_2_no_load	3	4	0.516002945397	0.584197065669	4	428	1	
44	0	4	step_1_no_load	1	2	1	321	
44	0	4	step_2_no_load	3	4	0.494597764192	0.597491569846	4	391	0	
44	0	5	step_1_no_load	1	2	1	264	
44	0	5	step_2_no_load	5	6	0.576104915614	0.495568760483	6	369	1	
44	0	6	step_1_no_load	1	2	1	238	
44	0	6	step_2_no_load	3	4	0.490454120702	0.585722686883	4	583	1	
44	0	7	step_1_no_load	1	2	1	342	
44	0	7	step_2_no_load	3	4	0.506408070053	0.568656746487	4	629	1	
44	0	8	step_1_no_load	1	2	1	358	
44	0	8	step_2_no_load	3	4	0.499203529332	0.59128639594	4	494	0	
44	0	9	step_1_no_load	1	2	1	287	
44	0	9	step_2_no_load	3	4	0.54429228266	0.598049061473	3	901	0	
44	0	10	step_1_no_load	1	2	1	339	
44	0	10	step_2_no_load	3	4	0.576063520885	0.652626043146	3	368	1	
44	0	11	step_1_no_load	1	2	2	329	
44	0	11	step_2_no_load	5	6	0.609191465743	0.477013315682	6	424	0	
44	0	12	step_1_no_load	1	2	2	312	
44	0	12	step_2_no_load	5	6	0.552770607849	0.48457206759	6	395	1	
44	0	13	step_1_no_load	1	2	2	276	
44	0	13	step_2_no_load	5	6	0.558313135925	0.52012981853	6	313	0	
44	0	14	step_1_no_load	1	2	1	349	
44	0	14	step_2_no_load	5	6	0.545555696267	0.491234392147	5	379	1	
44	0	15	step_1_no_load	1	2	1	0	
44	0	15	step_2_no_load	5	6	0.570419113221	0.505377237737	5	825	1	
44	0	16	step_1_no_load	1	2	1	372	
44	0	16	step_2_no_load	5	6	0.553308964466	0.510958036527	5	604	0	
44	0	17	step_1_no_load	1	2	1	317	
44	0	17	step_2_no_load	3	4	0.643116883134	0.633350170016	3	344	1	
44	0	18	step_1_no_load	1	2	1	437	
44	0	18	step_2_no_load	3	4	0.626895526976	0.626834332012	3	751	1	
44	0	19	step_1_no_load	1	2	1	318	
44	0	19	step_2_no_load	5	6	0.536502319591	0.498240186199	5	510	1	
44	0	20	step_1_no_load	1	2	1	520	
44	0	20	step_2_no_load	3	4	0.60665343963	0.636521555122	4	885	1	
44	0	21	step_1_no_load	1	2	1	353	
44	0	21	step_2_no_load	5	6	0.470207377245	0.49769376036	5	790	1	
44	0	22	step_1_no_load	1	2	1	327	
44	0	22	step_2_no_load	3	4	0.618527126547	0.621949894727	3	802	1	
44	0	23	step_1_no_load	1	2	1	323	
44	0	23	step_2_no_load	3	4	0.604065470975	0.640163623731	3	735	0	
44	0	24	step_1_no_load	1	2	1	410	
44	0	24	step_2_no_load	3	4	0.5800912085	0.582115115688	4	543	1	
44	0	25	step_1_no_load	1	2	1	343	
44	0	25	step_2_no_load	3	4	0.629917901014	0.565698722896	4	529	0	
44	0	26	step_1_no_load	1	2	2	338	
44	0	26	step_2_no_load	3	4	0.640635035276	0.592410219737	4	722	0	
44	0	27	step_1_no_load	1	2	2	405	
44	0	27	step_2_no_load	3	4	0.642144756622	0.57860777711	3	623	1	
44	0	28	step_1_no_load	1	2	2	343	
44	0	28	step_2_no_load	3	4	0.647441527317	0.588356036098	3	541	1	
44	0	29	step_1_no_load	1	2	2	258	
44	0	29	step_2_no_load	5	6	0.561957580386	0.521159009103	6	863	1	
44	0	30	step_1_no_load	1	2	2	319	
44	0	30	step_2_no_load	3	4	0.610227092493	0.608245979832	3	479	0	
44	0	31	step_1_no_load	1	2	1	317	
44	0	31	step_2_no_load	3	4	0.606122691795	0.636602545794	3	913	0	
44	0	32	step_1_no_load	1	2	1	333	
44	0	32	step_2_no_load	3	4	0.605616211083	0.634585171267	4	373	1	
44	0	33	step_1_no_load	1	2	1	272	
44	0	33	step_2_no_load	3	4	0.618000238621	0.611700032906	4	402	0	
44	0	34	step_1_no_load	1	2	1	359	
44	0	34	step_2_no_load	5	6	0.538523758058	0.454565258478	5	431	1	
44	0	35	step_1_no_load	1	2	1	339	
44	0	35	step_2_no_load	3	4	0.649776015006	0.566827313385	3	427	1	
44	0	36	step_1_no_load	1	2	1	443	
44	0	36	step_2_no_load	3	4	0.661229326326	0.527635087561	3	683	0	
44	0	37	step_1_no_load	1	2	1	335	
44	0	37	step_2_no_load	5	6	0.598446394142	0.543074626387	6	858	1	
44	0	38	step_1_no_load	1	2	1	399	
44	0	38	step_2_no_load	3	4	0.651263699161	0.539078491643	4	923	1	
44	0	39	step_1_no_load	1	2	1	541	
44	0	39	step_2_no_load	5	6	0.610601635554	0.578640235206	6	829	1	
44	0	40	step_1_no_load	1	2	1	537	
44	0	40	step_2_no_load	3	4	0.636994900683	0.580760785074	3	922	0	
44	0	41	step_1_no_load	1	2	1	317	
44	0	41	step_2_no_load	3	4	0.633285941184	0.524862294848	4	399	0	
44	0	42	step_1_no_load	1	2	1	254	
44	0	42	step_2_no_load	3	4	0.606696263624	0.533857158543	3	361	1	
44	0	43	step_1_no_load	1	2	1	299	
44	0	43	step_2_no_load	3	4	0.581931546759	0.553703096215	3	386	0	
44	0	44	step_1_no_load	1	2	1	103	
44	0	44	step_2_no_load	5	6	0.611481438855	0.537842745081	5	604	0	
44	0	45	step_1_no_load	1	2	1	422	
44	0	45	step_2_no_load	3	4	0.620699591043	0.579346234508	4	441	1	
44	0	46	step_1_no_load	1	2	1	224	
44	0	46	step_2_no_load	3	4	0.654261318712	0.55511883717	4	417	1	
44	0	47	step_1_no_load	1	2	1	231	
44	0	47	step_2_no_load	3	4	0.634373567175	0.546259467838	4	348	1	
44	0	48	step_1_no_load	1	2	1	755	
44	0	48	step_2_no_load	3	4	0.657624935632	0.534690828011	4	358	1	
44	0	49	step_1_no_load	1	2	1	445	
44	0	49	step_2_no_load	3	4	0.614679490594	0.512405963374	4	394	1	
44	0	50	step_1_no_load	1	2	2	609	
44	0	50	step_2_no_load	3	4	0.593458480934	0.481616544184	4	452	0	
44	0	51	step_1_no_load	1	2	2	342	
44	0	51	step_2_no_load	3	4	0.613357430892	0.508197321577	3	623	1	
44	0	52	step_1_no_load	1	2	2	416	
44	0	52	step_2_no_load	3	4	0.613408921915	0.513589895419	3	500	0	
44	0	53	step_1_no_load	1	2	1	260	
44	0	53	step_2_no_load	3	4	0.630956764252	0.475342927439	3	721	0	
44	0	54	step_1_no_load	1	2	1	376	
44	0	54	step_2_no_load	3	4	0.652515308527	0.493362545513	4	381	0	
44	0	55	step_1_no_load	1	2	1	301	
44	0	55	step_2_no_load	3	4	0.639840796975	0.526704292526	4	482	1	
44	0	56	step_1_no_load	1	2	1	255	
44	0	56	step_2_no_load	3	4	0.60038825769	0.538512915562	4	372	1	
44	0	57	step_1_no_load	1	2	1	383	
44	0	57	step_2_no_load	3	4	0.586335094239	0.516475618243	4	707	0	
44	0	58	step_1_no_load	1	2	1	336	
44	0	58	step_2_no_load	3	4	0.610896130115	0.528376440027	4	400	1	
44	0	59	step_1_no_load	1	2	2	250	
44	0	59	step_2_no_load	3	4	0.608951267756	0.537400760025	3	849	1	
44	0	60	step_1_no_load	1	2	2	357	
44	0	60	step_2_no_load	5	6	0.623687406259	0.491916707098	5	576	0	
44	0	61	step_1_no_load	1	2	2	289	
44	0	61	step_2_no_load	5	6	0.669587072502	0.464268875813	6	358	0	
44	0	62	step_1_no_load	1	2	2	277	
44	0	62	step_2_no_load	5	6	0.691137204746	0.50724109756	6	331	1	
44	0	63	step_1_no_load	1	2	2	320	
44	0	63	step_2_no_load	5	6	0.664284493458	0.53192660365	6	415	1	
44	0	64	step_1_no_load	1	2	2	254	
44	0	64	step_2_no_load	5	6	0.642369708469	0.555062911513	6	343	0	
44	0	65	step_1_no_load	1	2	2	285	
44	0	65	step_2_no_load	5	6	0.612660225018	0.569109504048	6	374	0	
44	0	66	step_1_no_load	1	2	2	481	
44	0	66	step_2_no_load	3	4	0.630357351236	0.555324764318	4	338	1	
44	0	67	step_1_no_load	1	2	2	296	
44	0	67	step_2_no_load	5	6	0.597650193897	0.542076810516	5	406	1	
44	0	68	step_1_no_load	1	2	1	735	
44	0	68	step_2_no_load	3	4	0.719455209845	0.523301545299	3	565	1	
44	0	69	step_1_no_load	1	2	1	283	
44	0	69	step_2_no_load	3	4	0.718756538957	0.560462111264	3	667	1	
44	0	70	step_1_no_load	1	2	1	681	
44	0	70	step_2_no_load	5	6	0.637556284465	0.498834901463	5	466	1	
44	0	71	step_1_no_load	1	2	1	273	
44	0	71	step_2_no_load	3	4	0.706816191949	0.546215110045	3	463	1	
44	0	72	step_1_no_load	1	2	1	351	
44	0	72	step_2_no_load	3	4	0.705884789502	0.556486305476	3	428	1	
44	0	73	step_1_no_load	1	2	1	270	
44	0	73	step_2_no_load	3	4	0.727961155836	0.50185699984	3	590	1	
44	0	74	step_1_no_load	1	2	1	316	
44	0	74	step_2_no_load	5	6	0.614462146454	0.453420386428	6	933	1	
44	0	75	step_1_no_load	1	2	2	280	
44	0	75	step_2_no_load	3	4	0.697629587097	0.483983914712	3	584	1	
44	0	76	step_1_no_load	1	2	2	287	
44	0	76	step_2_no_load	5	6	0.62770291155	0.488583631821	6	477	0	
44	0	77	step_1_no_load	1	2	2	301	
44	0	77	step_2_no_load	5	6	0.564257587118	0.446809557226	6	666	0	
44	0	78	step_1_no_load	1	2	2	331	
44	0	78	step_2_no_load	5	6	0.536711448352	0.435911167612	5	342	1	
44	0	79	step_1_no_load	1	2	2	374	
44	0	79	step_2_no_load	5	6	0.513695512795	0.389124152368	5	391	1	
44	0	80	step_1_no_load	1	2	2	332	
44	0	80	step_2_no_load	5	6	0.518583383166	0.396016175285	5	318	1	
44	0	81	step_1_no_load	1	2	2	327	
44	0	81	step_2_no_load	5	6	0.529745690463	0.419265522488	5	322	1	
44	0	82	step_1_no_load	1	2	2	394	
44	0	82	step_2_no_load	5	6	0.564729328387	0.395813831323	5	648	0	
44	0	83	step_1_no_load	1	2	2	345	
44	0	83	step_2_no_load	5	6	0.607907985871	0.382772464038	5	312	1	
44	0	84	step_1_no_load	1	2	2	256	
44	0	84	step_2_no_load	3	4	0.731466635793	0.505586222209	3	416	0	
44	0	85	step_1_no_load	1	2	1	310	
44	0	85	step_2_no_load	3	4	0.712989604416	0.485785534744	3	757	0	
44	0	86	step_1_no_load	1	2	1	305	
44	0	86	step_2_no_load	3	4	0.721207648497	0.486462788728	4	395	0	
44	0	87	step_1_no_load	1	2	1	330	
44	0	87	step_2_no_load	3	4	0.690012761069	0.493867001103	3	436	1	
44	0	88	step_1_no_load	1	2	1	318	
44	0	88	step_2_no_load	3	4	0.696773608304	0.509563243675	3	341	1	
44	0	89	step_1_no_load	1	2	1	266	
44	0	89	step_2_no_load	5	6	0.690772436485	0.415882489686	5	1095	1	
44	0	90	step_1_no_load	1	2	1	325	
44	0	90	step_2_no_load	3	4	0.688736868033	0.530126112124	4	476	0	
44	0	91	step_1_no_load	1	2	1	254	
44	0	91	step_2_no_load	5	6	0.685023809334	0.43534164751	5	355	0	
44	0	92	step_1_no_load	1	2	1	421	
44	0	92	step_2_no_load	5	6	0.692406274724	0.444368850664	6	574	0	
44	0	93	step_1_no_load	1	2	1	368	
44	0	93	step_2_no_load	3	4	0.662863370634	0.473273727684	3	374	1	
44	0	94	step_1_no_load	1	2	1	333	
44	0	94	step_2_no_load	3	4	0.668295023896	0.468637558205	3	857	1	
44	0	95	step_1_no_load	1	2	1	727	
44	0	95	step_2_no_load	3	4	0.640209855442	0.42505578884	3	581	0	
44	0	96	step_1_no_load	1	2	1	459	
44	0	96	step_2_no_load	3	4	0.663095813561	0.437558890646	3	866	1	
44	0	97	step_1_no_load	1	2	1	364	
44	0	97	step_2_no_load	3	4	0.651202057411	0.455601814112	4	436	1	
44	0	98	step_1_no_load	1	2	1	355	
44	0	98	step_2_no_load	5	6	0.70287861952	0.409778171713	5	471	0	
44	0	99	step_1_no_load	1	2	1	327	
44	0	99	step_2_no_load	3	4	0.645191748454	0.375249961522	3	511	1	
44	0	100	step_1_no_load	1	2	1	387	
44	0	100	step_2_no_load	5	6	0.666227451505	0.4333505304	5	629	1	
44	0	101	step_1_no_load	1	2	1	341	
44	0	101	step_2_no_load	5	6	0.623812401974	0.497432607584	5	872	1	
44	0	102	step_1_no_load	1	2	1	305	
44	0	102	step_2_no_load	3	4	0.663124617603	0.326080462175	3	661	0	
44	0	103	step_1_no_load	1	2	1	353	
44	0	103	step_2_no_load	3	4	0.69058998368	0.322834495838	4	646	0	
44	0	104	step_1_no_load	1	2	1	301	
44	0	104	step_2_no_load	5	6	0.703870701136	0.521047445908	5	313	1	
44	0	105	step_1_no_load	1	2	1	429	
44	0	105	step_2_no_load	5	6	0.689135357059	0.514318365187	5	985	1	
44	0	106	step_1_no_load	1	2	2	325	
44	0	106	step_2_no_load	5	6	0.712883638252	0.508908032404	5	404	1	
44	0	107	step_1_no_load	1	2	2	307	
44	0	107	step_2_no_load	5	6	0.692607431435	0.565220528809	6	973	1	
44	0	108	step_1_no_load	1	2	2	315	
44	0	108	step_2_no_load	3	4	0.681491063126	0.388185708856	3	396	1	
44	0	109	step_1_no_load	1	2	2	330	
44	0	109	step_2_no_load	5	6	0.71632547018	0.479977531501	5	787	1	
44	0	110	step_1_no_load	1	2	2	450	
44	0	110	step_2_no_load	5	6	0.729599891941	0.432626681236	5	539	1	
44	0	111	step_1_no_load	1	2	2	348	
44	0	111	step_2_no_load	3	4	0.634599547742	0.407158158569	4	922	0	
44	0	112	step_1_no_load	1	2	2	329	
44	0	112	step_2_no_load	5	6	0.725701866094	0.392887565883	5	625	1	
44	0	113	step_1_no_load	1	2	2	358	
44	0	113	step_2_no_load	5	6	0.719324307956	0.370697120277	5	589	1	
44	0	114	step_1_no_load	1	2	2	431	
44	0	114	step_2_no_load	5	6	0.718213323791	0.380324086676	5	554	1	
44	0	115	step_1_no_load	1	2	2	347	
44	0	115	step_2_no_load	5	6	0.739704344621	0.390027643099	5	463	1	
44	0	116	step_1_no_load	1	2	2	488	
44	0	116	step_2_no_load	5	6	0.706736514943	0.378149844807	6	824	0	
44	0	117	step_1_no_load	1	2	2	357	
44	0	117	step_2_no_load	5	6	0.747012267642	0.374621793791	6	790	0	
44	0	118	step_1_no_load	1	2	2	393	
44	0	118	step_2_no_load	3	4	0.690484235012	0.362977115924	3	360	0	
44	0	119	step_1_no_load	1	2	1	464	
44	0	119	step_2_no_load	3	4	0.661177321751	0.358243439099	3	503	0	
44	0	120	step_1_no_load	1	2	1	318	
44	0	120	step_2_no_load	3	4	0.666433355915	0.333809617664	4	400	1	
44	0	121	step_1_no_load	1	2	1	288	
44	0	121	step_2_no_load	3	4	0.671052306195	0.310775244958	4	530	0	
44	0	122	step_1_no_load	1	2	1	356	
44	0	122	step_2_no_load	3	4	0.672193618854	0.266650857402	3	482	1	
44	0	123	step_1_no_load	1	2	1	319	
44	0	123	step_2_no_load	3	4	0.664849878232	0.269780614928	3	409	1	
44	0	124	step_1_no_load	1	2	1	360	
44	0	124	step_2_no_load	3	4	0.624161788269	0.26095206597	3	478	1	
44	0	125	step_1_no_load	1	2	1	361	
44	0	125	step_2_no_load	3	4	0.633566302563	0.290374841566	3	406	0	
44	0	126	step_1_no_load	1	2	1	262	
44	0	126	step_2_no_load	3	4	0.600985760967	0.267206368684	3	443	1	
44	0	127	step_1_no_load	1	2	1	304	
44	0	127	step_2_no_load	3	4	0.646945556251	0.273483952592	3	977	0	
44	0	128	step_1_no_load	1	2	1	356	
44	0	128	step_2_no_load	5	6	0.636905534066	0.250790232267	5	394	1	
44	0	129	step_1_no_load	1	2	1	297	
44	0	129	step_2_no_load	3	4	0.632682846317	0.268213321963	3	423	1	
44	0	130	step_1_no_load	1	2	1	310	
44	0	130	step_2_no_load	3	4	0.630285316669	0.267460866951	4	434	0	
44	0	131	step_1_no_load	1	2	2	630	
44	0	131	step_2_no_load	5	6	0.678044920845	0.311475039155	6	675	0	
44	0	132	step_1_no_load	1	2	2	326	
44	0	132	step_2_no_load	3	4	0.660013924697	0.27986961048	3	335	1	
44	0	133	step_1_no_load	1	2	2	308	
44	0	133	step_2_no_load	5	6	0.617383991623	0.312642735495	5	369	0	
44	0	134	step_1_no_load	1	2	2	316	
44	0	134	step_2_no_load	5	6	0.621945110858	0.302839427162	5	494	1	
44	0	135	step_1_no_load	1	2	-1	-1	
44	0	136	step_1_no_load	1	2	2	383	
44	0	136	step_2_no_load	3	4	0.674914008636	0.307766925452	4	490	0	
44	0	137	step_1_no_load	1	2	2	286	
44	0	137	step_2_no_load	5	6	0.605896884497	0.325016613024	5	499	1	
44	0	138	step_1_no_load	1	2	2	285	
44	0	138	step_2_no_load	5	6	0.63240964674	0.307694123906	5	325	1	
44	0	139	step_1_no_load	1	2	2	232	
44	0	139	step_2_no_load	3	4	0.696355985729	0.325611400511	3	1000	1	
44	0	140	step_1_no_load	1	2	2	321	
44	0	140	step_2_no_load	5	6	0.671213945178	0.328174526491	5	407	1	
44	0	141	step_1_no_load	1	2	2	284	
44	0	141	step_2_no_load	5	6	0.711987889705	0.311809871418	5	303	0	
44	0	142	step_1_no_load	1	2	2	316	
44	0	142	step_2_no_load	3	4	0.627356259123	0.397052682821	3	811	0	
44	0	143	step_1_no_load	1	2	2	357	
44	0	143	step_2_no_load	5	6	0.661365099615	0.313516825296	6	725	1	
44	0	144	step_1_no_load	1	2	2	299	
44	0	144	step_2_no_load	3	4	0.639347300184	0.389234194056	3	1010	1	
44	0	145	step_1_no_load	1	2	2	381	
44	0	145	step_2_no_load	3	4	0.606515632748	0.355256413269	3	1122	1	
44	0	146	step_1_no_load	1	2	2	352	
44	0	146	step_2_no_load	5	6	0.681611991725	0.257861956214	6	605	0	
44	0	147	step_1_no_load	1	2	2	288	
44	0	147	step_2_no_load	5	6	0.647798886916	0.265578160642	5	543	1	
44	0	148	step_1_no_load	1	2	2	436	
44	0	148	step_2_no_load	5	6	0.619272702026	0.305288021243	5	366	1	
44	0	149	step_1_no_load	1	2	2	380	
44	0	149	step_2_no_load	5	6	0.601870110183	0.269951834184	5	376	1	
44	0	150	step_1_no_load	1	2	2	264	
44	0	150	step_2_no_load	5	6	0.575985663078	0.305587692243	5	410	0	
44	0	151	step_1_no_load	1	2	1	307	
44	0	151	step_2_no_load	3	4	0.614159737668	0.310557101463	3	764	1	
44	0	152	step_1_no_load	1	2	2	318	
44	0	152	step_2_no_load	3	4	0.644204174791	0.323194010514	3	520	0	
44	0	153	step_1_no_load	1	2	2	351	
44	0	153	step_2_no_load	3	4	0.681559292085	0.343622632154	4	577	0	
44	0	154	step_1_no_load	1	2	2	449	
44	0	154	step_2_no_load	5	6	0.638934099562	0.316375537537	6	532	1	
44	0	155	step_1_no_load	1	2	2	306	
44	0	155	step_2_no_load	5	6	0.632486591889	0.296093457977	5	424	0	
44	0	156	step_1_no_load	1	2	2	292	
44	0	156	step_2_no_load	5	6	0.631048201903	0.32564867104	5	327	1	
44	0	157	step_1_no_load	1	2	2	291	
44	0	157	step_2_no_load	3	4	0.720725456325	0.324728201487	3	344	1	
44	0	158	step_1_no_load	1	2	2	447	
44	0	158	step_2_no_load	3	4	0.694270715354	0.334595868098	3	372	0	
44	0	159	step_1_no_load	1	2	1	288	
44	0	159	step_2_no_load	3	4	0.697903160072	0.321150411254	4	483	0	
44	0	160	step_1_no_load	1	2	1	319	
44	0	160	step_2_no_load	5	6	0.521229931064	0.415052912783	5	674	1	
44	0	161	step_1_no_load	1	2	1	364	
44	0	161	step_2_no_load	5	6	0.516036498158	0.407025633682	-1	-1	-1	
44	0	162	step_1_no_load	1	2	1	355	
44	0	162	step_2_no_load	3	4	0.695144769903	0.455329532209	4	1123	0	
44	0	163	step_1_no_load	1	2	1	289	
44	0	163	step_2_no_load	3	4	0.697095951435	0.430920885959	3	461	1	
44	0	164	step_1_no_load	1	2	1	557	
44	0	164	step_2_no_load	3	4	0.692137394606	0.430844125626	3	669	0	
44	0	165	step_1_no_load	1	2	1	506	
44	0	165	step_2_no_load	5	6	0.538026607649	0.463777557969	5	486	1	
44	0	166	step_1_no_load	1	2	2	279	
44	0	166	step_2_no_load	3	4	0.686594248975	0.356317216644	4	779	1	
44	0	167	step_1_no_load	1	2	2	337	
44	0	167	step_2_no_load	5	6	0.585131062446	0.38753671275	5	592	1	
44	0	168	step_1_no_load	1	2	2	356	
44	0	168	step_2_no_load	5	6	0.613361520676	0.400817642375	5	413	1	
44	0	169	step_1_no_load	1	2	2	278	
44	0	169	step_2_no_load	5	6	0.586049140041	0.42098542374	6	530	1	
44	0	170	step_1_no_load	1	2	2	339	
44	0	170	step_2_no_load	3	4	0.67334314737	0.364989630435	3	384	1	
44	0	171	step_1_no_load	1	2	2	264	
44	0	171	step_2_no_load	5	6	0.553314431843	0.386979310814	6	73	1	
44	0	172	step_1_no_load	1	2	2	334	
44	0	172	step_2_no_load	5	6	0.519090471457	0.363617002148	5	394	1	
44	0	173	step_1_no_load	1	2	2	313	
44	0	173	step_2_no_load	3	4	0.667027212577	0.462866379815	3	483	1	
44	0	174	step_1_no_load	1	2	2	313	
44	0	174	step_2_no_load	3	4	0.729877433725	0.46236234172	3	451	0	
44	0	175	step_1_no_load	1	2	2	486	
44	0	175	step_2_no_load	5	6	0.52644949356	0.426185553904	5	625	1	
44	0	176	step_1_no_load	1	2	2	297	
44	0	176	step_2_no_load	5	6	0.474046874473	0.383231572002	5	561	0	
44	0	177	step_1_no_load	1	2	1	558	
44	0	177	step_2_no_load	5	6	0.501268576771	0.357425668099	5	648	1	
44	0	178	step_1_no_load	1	2	1	299	
44	0	178	step_2_no_load	3	4	0.705993797498	0.49020858644	4	740	1	
44	0	179	step_1_no_load	1	2	1	361	
44	0	179	step_2_no_load	3	4	0.709345707515	0.493565996034	4	617	1	
44	0	180	step_1_no_load	1	2	1	434	
44	0	180	step_2_no_load	3	4	0.719795072986	0.489345734128	4	448	0	
44	0	181	step_1_no_load	1	2	1	561	
44	0	181	step_2_no_load	5	6	0.508735114046	0.342402764747	5	416	1	
44	0	182	step_1_no_load	1	2	1	361	
44	0	182	step_2_no_load	3	4	0.72717560423	0.49907747228	3	538	1	
44	0	183	step_1_no_load	1	2	1	400	
44	0	183	step_2_no_load	3	4	0.720388040749	0.492742497507	4	687	0	
44	0	184	step_1_no_load	1	2	1	332	
44	0	184	step_2_no_load	5	6	0.460890977786	0.362743255194	5	606	1	
44	0	185	step_1_no_load	1	2	1	377	
44	0	185	step_2_no_load	3	4	0.665622647081	0.482228039858	4	530	0	
44	0	186	step_1_no_load	1	2	1	341	
44	0	186	step_2_no_load	3	4	0.656308636836	0.484672582719	3	347	1	
44	0	187	step_1_no_load	1	2	1	358	
44	0	187	step_2_no_load	3	4	0.678211978625	0.498596507669	3	504	0	
44	0	188	step_1_no_load	1	2	1	325	
44	0	188	step_2_no_load	3	4	0.696362660087	0.548350535247	3	594	0	
44	0	189	step_1_no_load	1	2	1	310	
44	0	189	step_2_no_load	3	4	0.688353284054	0.534753756004	4	370	1	
44	0	190	step_1_no_load	1	2	1	321	
44	0	190	step_2_no_load	3	4	0.667655825994	0.505820429042	4	386	1	
44	0	191	step_1_no_load	1	2	1	405	
44	0	191	step_2_no_load	3	4	0.664271461991	0.512103523931	4	419	1	
44	0	192	step_1_no_load	1	2	1	313	
44	0	192	step_2_no_load	5	6	0.450791310283	0.299297135717	6	567	1	
44	0	193	step_1_no_load	1	2	1	338	
44	0	193	step_2_no_load	3	4	0.679792491164	0.504944704439	4	425	1	
44	0	194	step_1_no_load	1	2	1	363	
44	0	194	step_2_no_load	3	4	0.655261361454	0.505359594715	4	644	0	
44	0	195	step_1_no_load	1	2	2	691	
44	0	195	step_2_no_load	5	6	0.466795336969	0.348571348505	5	650	1	
44	0	196	step_1_no_load	1	2	2	317	
44	0	196	step_2_no_load	5	6	0.421761207498	0.365373286058	5	374	0	
44	0	197	step_1_no_load	1	2	2	342	
44	0	197	step_2_no_load	3	4	0.686552522522	0.47786945426	3	504	1	
44	0	198	step_1_no_load	1	2	2	347	
44	0	198	step_2_no_load	3	4	0.68660989813	0.485065498391	4	332	0	
44	0	199	step_1_no_load	1	2	2	338	
44	0	199	step_2_no_load	5	6	0.39793773834	0.292861528884	5	517	0	
44	0	200	step_1_no_load	1	2	2	322	
44	0	200	step_2_no_load	3	4	0.728996708473	0.507902534353	3	379	0	

Mon Jan  9 10:49:14 2017
