Wed Jan 11 12:33:24 2017	
45	0	1	step_1_no_load	1	2	1	893	
45	0	1	step_2_no_load	3	4	0.594299910136	0.511789129507	3	588	0	
45	0	2	step_1_no_load	1	2	1	1	
45	0	2	step_2_no_load	3	4	0.610961032466	0.533203491871	3	65	0	
45	0	3	step_1_no_load	1	2	1	526	
45	0	3	step_2_no_load	3	4	0.589215227351	0.516002945397	4	641	0	
45	0	4	step_1_no_load	1	2	2	393	
45	0	4	step_2_no_load	5	6	0.597491569846	0.478607661228	6	398	0	
45	0	5	step_1_no_load	1	2	2	456	
45	0	5	step_2_no_load	5	6	0.623810210114	0.495568760483	6	659	0	
45	0	6	step_1_no_load	1	2	1	340	
45	0	6	step_2_no_load	3	4	0.603642866427	0.490454120702	3	413	1	
45	0	7	step_1_no_load	1	2	1	707	
45	0	7	step_2_no_load	3	4	0.622642364361	0.506408070053	3	492	0	
45	0	8	step_1_no_load	1	2	1	473	
45	0	8	step_2_no_load	5	6	0.59128639594	0.489816616396	5	556	1	
45	0	9	step_1_no_load	1	2	2	318	
45	0	9	step_2_no_load	5	6	0.598049061473	0.496546708465	6	478	0	
45	0	10	step_1_no_load	1	2	1	232	
45	0	10	step_2_no_load	3	4	0.636063269715	0.576063520885	3	625	0	
45	0	11	step_1_no_load	1	2	1	276	
45	0	11	step_2_no_load	3	4	0.609191465743	0.59022801242	3	1083	0	
45	0	12	step_1_no_load	1	2	1	574	
45	0	12	step_2_no_load	3	4	0.552770607849	0.597131918027	4	658	1	
45	0	13	step_1_no_load	1	2	1	907	
45	0	13	step_2_no_load	3	4	0.558313135925	0.595790490356	4	721	1	
45	0	14	step_1_no_load	1	2	2	801	
45	0	14	step_2_no_load	5	6	0.629137942344	0.491234392147	6	903	0	
45	0	15	step_1_no_load	1	2	1	429	
45	0	15	step_2_no_load	3	4	0.570419113221	0.633564630036	4	861	1	
45	0	16	step_1_no_load	1	2	1	466	
45	0	16	step_2_no_load	3	4	0.553308964466	0.626326396372	4	586	1	
45	0	17	step_1_no_load	1	2	2	518	
45	0	17	step_2_no_load	5	6	0.633350170016	0.535958400205	5	566	1	
45	0	18	step_1_no_load	1	2	2	360	
45	0	18	step_2_no_load	3	4	0.553554620302	0.626895526976	4	1178	0	
45	0	19	step_1_no_load	1	2	2	557	
45	0	19	step_2_no_load	5	6	0.619895761657	0.498240186199	5	676	0	
45	0	20	step_1_no_load	1	2	1	405	
45	0	20	step_2_no_load	3	4	0.491720931314	0.60665343963	4	844	1	
45	0	21	step_1_no_load	1	2	1	560	
45	0	21	step_2_no_load	5	6	0.630305464549	0.49769376036	5	1248	1	
45	0	22	step_1_no_load	1	2	1	689	
45	0	22	step_2_no_load	5	6	0.621949894727	0.506100011497	5	690	1	
45	0	23	step_1_no_load	1	2	2	437	
45	0	23	step_2_no_load	5	6	0.640163623731	0.520606588181	6	1242	1	
45	0	24	step_1_no_load	1	2	2	439	
45	0	24	step_2_no_load	3	4	0.503316199018	0.5800912085	-1	-1	-1	
45	0	25	step_1_no_load	1	2	1	512	
45	0	25	step_2_no_load	3	4	0.503605105412	0.629917901014	4	646	0	
45	0	26	step_1_no_load	1	2	2	547	
45	0	26	step_2_no_load	5	6	0.592410219737	0.511744353778	6	790	0	
45	0	27	step_1_no_load	1	2	1	372	
45	0	27	step_2_no_load	3	4	0.54756089792	0.642144756622	3	690	1	
45	0	28	step_1_no_load	1	2	1	402	
45	0	28	step_2_no_load	3	4	0.553259388875	0.647441527317	3	498	0	
45	0	29	step_1_no_load	1	2	1	450	
45	0	29	step_2_no_load	3	4	0.561957580386	0.618626354124	4	626	1	
45	0	30	step_1_no_load	1	2	1	563	
45	0	30	step_2_no_load	3	4	0.574272497114	0.610227092493	4	459	1	
45	0	31	step_1_no_load	1	2	1	453	
45	0	31	step_2_no_load	3	4	0.541819886458	0.606122691795	4	581	1	
45	0	32	step_1_no_load	1	2	2	317	
45	0	32	step_2_no_load	5	6	0.634585171267	0.520318771114	5	682	1	
45	0	33	step_1_no_load	1	2	2	304	
45	0	33	step_2_no_load	5	6	0.611700032906	0.487664344039	5	808	1	
45	0	34	step_1_no_load	1	2	1	346	
45	0	34	step_2_no_load	5	6	0.575802910074	0.454565258478	6	980	0	
45	0	35	step_1_no_load	1	2	1	439	
45	0	35	step_2_no_load	3	4	0.594167768198	0.649776015006	3	1459	1	
45	0	36	step_1_no_load	1	2	1	347	
45	0	36	step_2_no_load	5	6	0.527635087561	0.513210053121	6	1351	1	
45	0	37	step_1_no_load	1	2	1	443	
45	0	37	step_2_no_load	3	4	0.598446394142	0.660658056664	3	454	1	
45	0	38	step_1_no_load	1	2	1	328	
45	0	38	step_2_no_load	3	4	0.595113730206	0.651263699161	3	735	0	
45	0	39	step_1_no_load	1	2	2	313	
45	0	39	step_2_no_load	3	4	0.610601635554	0.634483337633	3	938	1	
45	0	40	step_1_no_load	1	2	2	279	
45	0	40	step_2_no_load	5	6	0.580760785074	0.5691386571	6	876	0	
45	0	41	step_1_no_load	1	2	2	300	
45	0	41	step_2_no_load	3	4	0.588857868869	0.633285941184	3	603	0	
45	0	42	step_1_no_load	1	2	2	283	
45	0	42	step_2_no_load	5	6	0.533857158543	0.553461946234	5	571	0	
45	0	43	step_1_no_load	1	2	1	289	
45	0	43	step_2_no_load	3	4	0.612705031264	0.581931546759	3	462	1	
45	0	44	step_1_no_load	1	2	1	276	
45	0	44	step_2_no_load	5	6	0.541854396676	0.537842745081	5	393	1	
45	0	45	step_1_no_load	1	2	1	496	
45	0	45	step_2_no_load	3	4	0.632991467829	0.620699591043	3	616	0	
45	0	46	step_1_no_load	1	2	2	302	
45	0	46	step_2_no_load	3	4	0.600964500555	0.654261318712	3	696	1	
45	0	47	step_1_no_load	1	2	2	336	
45	0	47	step_2_no_load	3	4	0.598724660986	0.634373567175	3	601	1	
45	0	48	step_1_no_load	1	2	2	325	
45	0	48	step_2_no_load	3	4	0.615767119776	0.657624935632	3	549	1	
45	0	49	step_1_no_load	1	2	2	939	
45	0	49	step_2_no_load	5	6	0.512405963374	0.489287375157	6	953	0	
45	0	50	step_1_no_load	1	2	1	728	
45	0	50	step_2_no_load	3	4	0.606862017918	0.593458480934	3	541	0	
45	0	51	step_1_no_load	1	2	1	451	
45	0	51	step_2_no_load	5	6	0.508197321577	0.469943944943	5	536	0	
45	0	52	step_1_no_load	1	2	1	343	
45	0	52	step_2_no_load	3	4	0.539065404057	0.613408921915	4	549	0	
45	0	53	step_1_no_load	1	2	1	336	
45	0	53	step_2_no_load	3	4	0.551457882502	0.630956764252	3	542	1	
45	0	54	step_1_no_load	1	2	1	289	
45	0	54	step_2_no_load	5	6	0.493362545513	0.491512498697	5	574	1	
45	0	55	step_1_no_load	1	2	1	381	
45	0	55	step_2_no_load	3	4	0.574045915747	0.639840796975	3	395	1	
45	0	56	step_1_no_load	1	2	1	518	
45	0	56	step_2_no_load	5	6	0.538512915562	0.459773408493	6	371	0	
45	0	57	step_1_no_load	1	2	2	322	
45	0	57	step_2_no_load	5	6	0.516475618243	0.466449077359	5	434	0	
45	0	58	step_1_no_load	1	2	2	347	
45	0	58	step_2_no_load	5	6	0.528376440027	0.478335218822	6	477	0	
45	0	59	step_1_no_load	1	2	1	285	
45	0	59	step_2_no_load	3	4	0.632500293208	0.608951267756	3	391	1	
45	0	60	step_1_no_load	1	2	1	317	
45	0	60	step_2_no_load	3	4	0.623687406259	0.599559577859	4	573	0	
45	0	61	step_1_no_load	1	2	1	248	
45	0	61	step_2_no_load	5	6	0.527144452559	0.464268875813	5	382	1	
45	0	62	step_1_no_load	1	2	1	291	
45	0	62	step_2_no_load	3	4	0.691137204746	0.622820395113	3	310	1	
45	0	63	step_1_no_load	1	2	1	337	
45	0	63	step_2_no_load	3	4	0.664284493458	0.642623127313	3	410	1	
45	0	64	step_1_no_load	1	2	1	129	
45	0	64	step_2_no_load	5	6	0.533849886794	0.555062911513	6	641	1	
45	0	65	step_1_no_load	1	2	1	269	
45	0	65	step_2_no_load	3	4	0.612660225018	0.619953360065	4	570	1	
45	0	66	step_1_no_load	1	2	1	457	
45	0	66	step_2_no_load	5	6	0.555324764318	0.573761869714	6	562	1	
45	0	67	step_1_no_load	1	2	1	328	
45	0	67	step_2_no_load	3	4	0.597650193897	0.674463681351	4	955	1	
45	0	68	step_1_no_load	1	2	1	751	
45	0	68	step_2_no_load	5	6	0.523301545299	0.509127161919	5	629	0	
45	0	69	step_1_no_load	1	2	2	493	
45	0	69	step_2_no_load	5	6	0.560462111264	0.499137600991	5	413	0	
45	0	70	step_1_no_load	1	2	2	282	
45	0	70	step_2_no_load	3	4	0.637556284465	0.697741832068	4	382	1	
45	0	71	step_1_no_load	1	2	2	267	
45	0	71	step_2_no_load	5	6	0.546215110045	0.482863323776	6	416	0	
45	0	72	step_1_no_load	1	2	2	66	
45	0	72	step_2_no_load	5	6	0.556486305476	0.47409116389	5	875	0	
45	0	73	step_1_no_load	1	2	2	243	
45	0	73	step_2_no_load	5	6	0.50185699984	0.435957313805	6	381	1	
45	0	74	step_1_no_load	1	2	2	229	
45	0	74	step_2_no_load	5	6	0.491044983779	0.453420386428	6	578	0	
45	0	75	step_1_no_load	1	2	1	255	
45	0	75	step_2_no_load	3	4	0.615552849174	0.697629587097	3	840	0	
45	0	76	step_1_no_load	1	2	1	485	
45	0	76	step_2_no_load	3	4	0.62770291155	0.690117652944	4	521	1	
45	0	77	step_1_no_load	1	2	1	277	
45	0	77	step_2_no_load	3	4	0.564257587118	0.679737625371	4	414	1	
45	0	78	step_1_no_load	1	2	1	262	
45	0	78	step_2_no_load	3	4	0.536711448352	0.647586191228	4	535	1	
45	0	79	step_1_no_load	1	2	1	289	
45	0	79	step_2_no_load	5	6	0.540085062695	0.389124152368	5	859	0	
45	0	80	step_1_no_load	1	2	1	256	
45	0	80	step_2_no_load	3	4	0.518583383166	0.703969305517	4	300	0	
45	0	81	step_1_no_load	1	2	1	251	
45	0	81	step_2_no_load	5	6	0.494116554432	0.419265522488	6	331	1	
45	0	82	step_1_no_load	1	2	1	301	
45	0	82	step_2_no_load	3	4	0.564729328387	0.688340116885	4	362	1	
45	0	83	step_1_no_load	1	2	1	324	
45	0	83	step_2_no_load	5	6	0.483255412498	0.382772464038	6	785	1	
45	0	84	step_1_no_load	1	2	2	305	
45	0	84	step_2_no_load	5	6	0.505586222209	0.385087938645	6	403	0	
45	0	85	step_1_no_load	1	2	2	268	
45	0	85	step_2_no_load	5	6	0.485785534744	0.384458259121	5	330	0	
45	0	86	step_1_no_load	1	2	1	396	
45	0	86	step_2_no_load	5	6	0.486462788728	0.345323068124	6	371	1	
45	0	87	step_1_no_load	1	2	1	244	
45	0	87	step_2_no_load	5	6	0.493867001103	0.40000499778	6	442	1	
45	0	88	step_1_no_load	1	2	1	289	
45	0	88	step_2_no_load	3	4	0.717410082358	0.696773608304	4	614	1	
45	0	89	step_1_no_load	1	2	1	258	
45	0	89	step_2_no_load	3	4	0.690772436485	0.660112261017	4	548	0	
45	0	90	step_1_no_load	1	2	1	264	
45	0	90	step_2_no_load	3	4	0.712247848046	0.688736868033	4	436	1	
45	0	91	step_1_no_load	1	2	1	430	
45	0	91	step_2_no_load	3	4	0.685023809334	0.657820521772	4	371	1	
45	0	92	step_1_no_load	1	2	1	293	
45	0	92	step_2_no_load	3	4	0.692406274724	0.679381608313	4	521	0	
45	0	93	step_1_no_load	1	2	2	270	
45	0	93	step_2_no_load	5	6	0.473273727684	0.439878153082	5	544	0	
45	0	94	step_1_no_load	1	2	2	318	
45	0	94	step_2_no_load	3	4	0.719464414227	0.668295023896	3	663	1	
45	0	95	step_1_no_load	1	2	2	0	
45	0	95	step_2_no_load	5	6	0.42505578884	0.427150666411	6	865	0	
45	0	96	step_1_no_load	1	2	2	291	
45	0	96	step_2_no_load	3	4	0.693739812506	0.663095813561	3	350	1	
45	0	97	step_1_no_load	1	2	2	265	
45	0	97	step_2_no_load	5	6	0.455601814112	0.392885664353	5	380	0	
45	0	98	step_1_no_load	1	2	2	284	
45	0	98	step_2_no_load	5	6	0.431479829356	0.409778171713	6	680	1	
45	0	99	step_1_no_load	1	2	2	322	
45	0	99	step_2_no_load	5	6	0.375249961522	0.397561363605	6	367	0	
45	0	100	step_1_no_load	1	2	1	301	
45	0	100	step_2_no_load	3	4	0.666227451505	0.66579920021	3	756	1	
45	0	101	step_1_no_load	1	2	1	546	
45	0	101	step_2_no_load	5	6	0.366879421891	0.497432607584	5	436	0	
45	0	102	step_1_no_load	1	2	1	327	
45	0	102	step_2_no_load	5	6	0.326080462175	0.494584754513	6	412	1	
45	0	103	step_1_no_load	1	2	1	279	
45	0	103	step_2_no_load	3	4	0.663997796029	0.69058998368	4	246	1	
45	0	104	step_1_no_load	1	2	1	294	
45	0	104	step_2_no_load	3	4	0.703870701136	0.743372642809	4	389	0	
45	0	105	step_1_no_load	1	2	1	339	
45	0	105	step_2_no_load	5	6	0.352639603242	0.514318365187	6	760	1	
45	0	106	step_1_no_load	1	2	1	427	
45	0	106	step_2_no_load	3	4	0.712883638252	0.699623252899	3	585	0	
45	0	107	step_1_no_load	1	2	1	360	
45	0	107	step_2_no_load	5	6	0.388257337796	0.565220528809	6	809	1	
45	0	108	step_1_no_load	1	2	1	312	
45	0	108	step_2_no_load	3	4	0.695928523711	0.681491063126	3	1242	1	
45	0	109	step_1_no_load	1	2	1	380	
45	0	109	step_2_no_load	3	4	0.71632547018	0.68658494263	3	949	1	
45	0	110	step_1_no_load	1	2	1	369	
45	0	110	step_2_no_load	3	4	0.729599891941	0.65455226558	3	572	1	
45	0	111	step_1_no_load	1	2	1	399	
45	0	111	step_2_no_load	3	4	0.724852671171	0.634599547742	3	610	1	
45	0	112	step_1_no_load	1	2	1	671	
45	0	112	step_2_no_load	3	4	0.725701866094	0.635252945963	3	556	1	
45	0	113	step_1_no_load	1	2	1	558	
45	0	113	step_2_no_load	3	4	0.719324307956	0.634627459817	3	857	1	
45	0	114	step_1_no_load	1	2	1	507	
45	0	114	step_2_no_load	5	6	0.384736699284	0.380324086676	5	1155	1	
45	0	115	step_1_no_load	1	2	1	349	
45	0	115	step_2_no_load	5	6	0.357661171116	0.390027643099	5	623	0	
45	0	116	step_1_no_load	1	2	1	349	
45	0	116	step_2_no_load	3	4	0.706736514943	0.680124293449	3	841	0	
45	0	117	step_1_no_load	1	2	2	563	
45	0	117	step_2_no_load	5	6	0.363056877927	0.374621793791	5	686	0	
45	0	118	step_1_no_load	1	2	2	520	
45	0	118	step_2_no_load	5	6	0.362977115924	0.357645851833	5	658	1	
45	0	119	step_1_no_load	1	2	2	563	
45	0	119	step_2_no_load	3	4	0.690424535099	0.661177321751	3	946	1	
45	0	120	step_1_no_load	1	2	2	309	
45	0	120	step_2_no_load	3	4	0.70587238626	0.666433355915	3	592	1	
45	0	121	step_1_no_load	1	2	2	300	
45	0	121	step_2_no_load	5	6	0.310775244958	0.352721767208	5	445	0	
45	0	122	step_1_no_load	1	2	2	384	
45	0	122	step_2_no_load	5	6	0.266650857402	0.329624572119	6	1176	0	
45	0	123	step_1_no_load	1	2	2	354	
45	0	123	step_2_no_load	3	4	0.583607229978	0.664849878232	3	642	1	
45	0	124	step_1_no_load	1	2	2	301	
45	0	124	step_2_no_load	5	6	0.26095206597	0.309430836661	5	456	0	
45	0	125	step_1_no_load	1	2	2	120	
45	0	125	step_2_no_load	5	6	0.290374841566	0.303110862715	6	834	0	
45	0	126	step_1_no_load	1	2	1	60	
45	0	126	step_2_no_load	3	4	0.537863824328	0.600985760967	3	583	1	
45	0	127	step_1_no_load	1	2	1	322	
45	0	127	step_2_no_load	3	4	0.560824094575	0.646945556251	3	461	0	
45	0	128	step_1_no_load	1	2	1	310	
45	0	128	step_2_no_load	5	6	0.260252451606	0.250790232267	5	523	1	
45	0	129	step_1_no_load	1	2	1	340	
45	0	129	step_2_no_load	3	4	0.685297910719	0.632682846317	3	476	0	
45	0	130	step_1_no_load	1	2	1	242	
45	0	130	step_2_no_load	3	4	0.682031489739	0.630285316669	4	567	0	
45	0	131	step_1_no_load	1	2	1	387	
45	0	131	step_2_no_load	3	4	0.678044920845	0.638450601212	3	623	1	
45	0	132	step_1_no_load	1	2	1	300	
45	0	132	step_2_no_load	3	4	0.668578020634	0.660013924697	3	614	0	
45	0	133	step_1_no_load	1	2	1	316	
45	0	133	step_2_no_load	5	6	0.315608831386	0.312642735495	5	961	1	
45	0	134	step_1_no_load	1	2	1	359	
45	0	134	step_2_no_load	3	4	0.621945110858	0.685529359147	4	958	0	
45	0	135	step_1_no_load	1	2	2	783	
45	0	135	step_2_no_load	5	6	0.300079459047	0.287118934166	5	576	1	
45	0	136	step_1_no_load	1	2	2	345	
45	0	136	step_2_no_load	5	6	0.307766925452	0.284521085726	5	466	0	
45	0	137	step_1_no_load	1	2	2	297	
45	0	137	step_2_no_load	5	6	0.346433498467	0.325016613024	5	401	1	
45	0	138	step_1_no_load	1	2	2	520	
45	0	138	step_2_no_load	3	4	0.63240964674	0.688182193337	3	876	1	
45	0	139	step_1_no_load	1	2	2	583	
45	0	139	step_2_no_load	3	4	0.636630981281	0.696355985729	3	489	1	
45	0	140	step_1_no_load	1	2	2	301	
45	0	140	step_2_no_load	5	6	0.348740542008	0.328174526491	5	364	0	
45	0	141	step_1_no_load	1	2	2	315	
45	0	141	step_2_no_load	3	4	0.711987889705	0.616803346728	3	362	0	
45	0	142	step_1_no_load	1	2	2	242	
45	0	142	step_2_no_load	5	6	0.397052682821	0.304203281606	5	386	0	
45	0	143	step_1_no_load	1	2	1	507	
45	0	143	step_2_no_load	3	4	0.661365099615	0.610219102298	3	478	0	
45	0	144	step_1_no_load	1	2	1	541	
45	0	144	step_2_no_load	3	4	0.626443722248	0.639347300184	3	399	0	
45	0	145	step_1_no_load	1	2	1	311	
45	0	145	step_2_no_load	3	4	0.6669125229	0.606515632748	4	830	1	
45	0	146	step_1_no_load	1	2	1	616	
45	0	146	step_2_no_load	3	4	0.681611991725	0.593778463268	4	412	0	
45	0	147	step_1_no_load	1	2	1	292	
45	0	147	step_2_no_load	3	4	0.647798886916	0.594861186319	4	717	1	
45	0	148	step_1_no_load	1	2	1	278	
45	0	148	step_2_no_load	3	4	0.619272702026	0.648050021239	4	437	1	
45	0	149	step_1_no_load	1	2	1	312	
45	0	149	step_2_no_load	3	4	0.601870110183	0.623203869836	4	336	0	
45	0	150	step_1_no_load	1	2	1	214	
45	0	150	step_2_no_load	5	6	0.306860041627	0.305587692243	6	1000	0	
45	0	151	step_1_no_load	1	2	1	277	
45	0	151	step_2_no_load	5	6	0.310557101463	0.348172164421	6	382	1	
45	0	152	step_1_no_load	1	2	1	361	
45	0	152	step_2_no_load	3	4	0.595108765344	0.644204174791	4	281	0	
45	0	153	step_1_no_load	1	2	1	415	
45	0	153	step_2_no_load	3	4	0.613336203392	0.681559292085	4	804	1	
45	0	154	step_1_no_load	1	2	1	372	
45	0	154	step_2_no_load	3	4	0.638934099562	0.671672162443	4	644	1	
45	0	155	step_1_no_load	1	2	1	310	
45	0	155	step_2_no_load	3	4	0.632486591889	0.716100930629	4	317	1	
45	0	156	step_1_no_load	1	2	1	372	
45	0	156	step_2_no_load	3	4	0.631048201903	0.734436160799	4	354	0	
45	0	157	step_1_no_load	1	2	1	487	
45	0	157	step_2_no_load	5	6	0.324728201487	0.350909357271	6	729	0	
45	0	158	step_1_no_load	1	2	1	302	
45	0	158	step_2_no_load	5	6	0.334595868098	0.408728803896	5	317	0	
45	0	159	step_1_no_load	1	2	1	350	
45	0	159	step_2_no_load	3	4	0.541222065796	0.697903160072	4	1080	1	
45	0	160	step_1_no_load	1	2	1	368	
45	0	160	step_2_no_load	3	4	0.521229931064	0.710728171711	4	957	0	
45	0	161	step_1_no_load	1	2	2	426	
45	0	161	step_2_no_load	5	6	0.438878285506	0.407025633682	5	428	1	
45	0	162	step_1_no_load	1	2	2	281	
45	0	162	step_2_no_load	3	4	0.566496468084	0.695144769903	3	491	0	
45	0	163	step_1_no_load	1	2	2	290	
45	0	163	step_2_no_load	3	4	0.5863391277	0.697095951435	4	676	1	
45	0	164	step_1_no_load	1	2	2	336	
45	0	164	step_2_no_load	5	6	0.430844125626	0.432761720497	5	1072	0	
45	0	165	step_1_no_load	1	2	2	411	
45	0	165	step_2_no_load	5	6	0.347974240867	0.463777557969	5	601	0	
45	0	166	step_1_no_load	1	2	2	240	
45	0	166	step_2_no_load	5	6	0.356317216644	0.422282731054	6	950	0	
45	0	167	step_1_no_load	1	2	2	317	
45	0	167	step_2_no_load	5	6	0.331115714939	0.38753671275	5	360	0	
45	0	168	step_1_no_load	1	2	1	243	
45	0	168	step_2_no_load	3	4	0.613361520676	0.67192508984	3	687	1	
45	0	169	step_1_no_load	1	2	1	277	
45	0	169	step_2_no_load	3	4	0.586049140041	0.704981910944	3	461	1	
45	0	170	step_1_no_load	1	2	1	308	
45	0	170	step_2_no_load	3	4	0.57151385403	0.67334314737	3	375	1	
45	0	171	step_1_no_load	1	2	1	313	
45	0	171	step_2_no_load	3	4	0.553314431843	0.727248140829	3	328	1	
45	0	172	step_1_no_load	1	2	1	310	
45	0	172	step_2_no_load	3	4	0.519090471457	0.668669556875	3	564	0	
45	0	173	step_1_no_load	1	2	1	350	
45	0	173	step_2_no_load	3	4	0.484428109849	0.667027212577	3	979	1	
45	0	174	step_1_no_load	1	2	1	274	
45	0	174	step_2_no_load	5	6	0.46236234172	0.387867297446	5	369	1	
45	0	175	step_1_no_load	1	2	1	346	
45	0	175	step_2_no_load	3	4	0.52644949356	0.693968268443	3	546	0	
45	0	176	step_1_no_load	1	2	1	285	
45	0	176	step_2_no_load	3	4	0.474046874473	0.679250000396	3	897	0	
45	0	177	step_1_no_load	1	2	1	358	
45	0	177	step_2_no_load	3	4	0.501268576771	0.714070205704	3	774	1	
45	0	178	step_1_no_load	1	2	1	294	
45	0	178	step_2_no_load	5	6	0.49020858644	0.36473828006	5	822	1	
45	0	179	step_1_no_load	1	2	1	296	
45	0	179	step_2_no_load	5	6	0.493565996034	0.324685418097	5	463	1	
45	0	180	step_1_no_load	1	2	1	317	
45	0	180	step_2_no_load	5	6	0.489345734128	0.341214611607	5	525	0	
45	0	181	step_1_no_load	1	2	1	623	
45	0	181	step_2_no_load	3	4	0.508735114046	0.746910336326	3	621	1	
45	0	182	step_1_no_load	1	2	1	304	
45	0	182	step_2_no_load	3	4	0.506773281362	0.72717560423	3	522	1	
45	0	183	step_1_no_load	1	2	1	288	
45	0	183	step_2_no_load	5	6	0.492742497507	0.350175837802	5	1029	1	
45	0	184	step_1_no_load	1	2	1	263	
45	0	184	step_2_no_load	3	4	0.460890977786	0.657291439324	3	331	0	
45	0	185	step_1_no_load	1	2	1	243	
45	0	185	step_2_no_load	3	4	0.479703516092	0.665622647081	4	781	1	
45	0	186	step_1_no_load	1	2	1	355	
45	0	186	step_2_no_load	5	6	0.484672582719	0.332733011923	5	842	0	
45	0	187	step_1_no_load	1	2	1	258	
45	0	187	step_2_no_load	3	4	0.443962917772	0.678211978625	4	720	1	
45	0	188	step_1_no_load	1	2	1	1	
45	0	188	step_2_no_load	5	6	0.548350535247	0.291508050861	-1	-1	-1	
45	0	189	step_1_no_load	1	2	1	267	
45	0	189	step_2_no_load	3	4	0.448897869069	0.688353284054	3	499	1	
45	0	190	step_1_no_load	1	2	2	294	
45	0	190	step_2_no_load	3	4	0.433568856946	0.667655825994	3	356	1	
45	0	191	step_1_no_load	1	2	2	257	
45	0	191	step_2_no_load	5	6	0.512103523931	0.318839908867	5	545	1	
45	0	192	step_1_no_load	1	2	2	332	
45	0	192	step_2_no_load	3	4	0.450791310283	0.705517419189	3	440	0	
45	0	193	step_1_no_load	1	2	2	335	
45	0	193	step_2_no_load	5	6	0.504944704439	0.321008037746	5	602	0	
45	0	194	step_1_no_load	1	2	2	353	
45	0	194	step_2_no_load	5	6	0.505359594715	0.342437174514	6	676	1	
45	0	195	step_1_no_load	1	2	2	552	
45	0	195	step_2_no_load	5	6	0.494102184238	0.348571348505	6	563	1	
45	0	196	step_1_no_load	1	2	2	347	
45	0	196	step_2_no_load	5	6	0.496717662777	0.365373286058	6	507	1	
45	0	197	step_1_no_load	1	2	2	265	
45	0	197	step_2_no_load	3	4	0.422511153127	0.686552522522	3	555	0	
45	0	198	step_1_no_load	1	2	2	289	
45	0	198	step_2_no_load	3	4	0.397292432346	0.68660989813	4	977	1	
45	0	199	step_1_no_load	1	2	2	302	
45	0	199	step_2_no_load	5	6	0.529438031858	0.292861528884	6	348	1	
45	0	200	step_1_no_load	1	2	2	303	
45	0	200	step_2_no_load	3	4	0.372436949782	0.728996708473	4	805	0	

Wed Jan 11 12:51:45 2017
