Wed Jan 11 15:18:18 2017	
46	0	1	step_1_no_load	1	2	1	528	
46	0	1	step_2_no_load	3	4	0.457620150462	0.598297890399	3	890	0	
46	0	2	step_1_no_load	1	2	1	413	
46	0	2	step_2_no_load	3	4	0.474613197709	0.580156942153	4	676	1	
46	0	3	step_1_no_load	1	2	1	275	
46	0	3	step_2_no_load	3	4	0.476767372206	0.584197065669	4	713	1	
46	0	4	step_1_no_load	1	2	1	306	
46	0	4	step_2_no_load	3	4	0.478607661228	0.597491569846	4	620	1	
46	0	5	step_1_no_load	1	2	1	232	
46	0	5	step_2_no_load	3	4	0.495568760483	0.623810210114	4	418	1	
46	0	6	step_1_no_load	1	2	1	309	
46	0	6	step_2_no_load	5	6	0.603642866427	0.490454120702	5	1340	0	
46	0	7	step_1_no_load	1	2	1	291	
46	0	7	step_2_no_load	3	4	0.500071913476	0.568656746487	4	566	1	
46	0	8	step_1_no_load	1	2	1	231	
46	0	8	step_2_no_load	3	4	0.489816616396	0.59128639594	4	465	1	
46	0	9	step_1_no_load	1	2	1	121	
46	0	9	step_2_no_load	3	4	0.496546708465	0.598049061473	4	427	1	
46	0	10	step_1_no_load	1	2	1	415	
46	0	10	step_2_no_load	3	4	0.482364178155	0.652626043146	4	387	0	
46	0	11	step_1_no_load	1	2	1	362	
46	0	11	step_2_no_load	3	4	0.477013315682	0.69163818036	4	399	0	
46	0	12	step_1_no_load	1	2	1	507	
46	0	12	step_2_no_load	3	4	0.48457206759	0.682786328054	3	445	0	
46	0	13	step_1_no_load	1	2	1	414	
46	0	13	step_2_no_load	3	4	0.52012981853	0.653587098421	4	643	1	
46	0	14	step_1_no_load	1	2	1	309	
46	0	14	step_2_no_load	5	6	0.545555696267	0.611256675753	-1	-1	-1	
46	0	15	step_1_no_load	1	2	1	453	
46	0	15	step_2_no_load	3	4	0.505377237737	0.612260006668	4	666	0	
46	0	16	step_1_no_load	1	2	1	398	
46	0	16	step_2_no_load	3	4	0.510958036527	0.628091198119	4	469	0	
46	0	17	step_1_no_load	1	2	1	423	
46	0	17	step_2_no_load	5	6	0.562895132605	0.643116883134	5	1292	1	
46	0	18	step_1_no_load	1	2	1	686	
46	0	18	step_2_no_load	3	4	0.517514133912	0.626834332012	4	814	1	
46	0	19	step_1_no_load	1	2	1	371	
46	0	19	step_2_no_load	3	4	0.498240186199	0.619895761657	3	664	0	
46	0	20	step_1_no_load	1	2	1	307	
46	0	20	step_2_no_load	3	4	0.478025448397	0.636521555122	3	663	0	
46	0	21	step_1_no_load	1	2	1	516	
46	0	21	step_2_no_load	3	4	0.49769376036	0.630305464549	4	1249	0	
46	0	22	step_1_no_load	1	2	1	476	
46	0	22	step_2_no_load	3	4	0.506100011497	0.621949894727	3	969	1	
46	0	23	step_1_no_load	1	2	1	502	
46	0	23	step_2_no_load	3	4	0.520606588181	0.640163623731	3	497	0	
46	0	24	step_1_no_load	1	2	1	325	
46	0	24	step_2_no_load	5	6	0.503316199018	0.5800912085	6	632	0	
46	0	25	step_1_no_load	1	2	1	393	
46	0	25	step_2_no_load	3	4	0.503316372362	0.565698722896	-1	-1	-1	
46	0	26	step_1_no_load	1	2	1	342	
46	0	26	step_2_no_load	5	6	0.532884212818	0.640635035276	6	290	0	
46	0	27	step_1_no_load	1	2	1	280	
46	0	27	step_2_no_load	3	4	0.507272671939	0.57860777711	3	335	1	
46	0	28	step_1_no_load	1	2	1	484	
46	0	28	step_2_no_load	5	6	0.553259388875	0.647441527317	5	390	0	
46	0	29	step_1_no_load	1	2	1	297	
46	0	29	step_2_no_load	3	4	0.521159009103	0.606613029227	3	829	0	
46	0	30	step_1_no_load	1	2	1	263	
46	0	30	step_2_no_load	3	4	0.4919199548	0.608245979832	4	1051	0	
46	0	31	step_1_no_load	1	2	1	398	
46	0	31	step_2_no_load	3	4	0.483156722265	0.636602545794	3	320	1	
46	0	32	step_1_no_load	1	2	1	396	
46	0	32	step_2_no_load	5	6	0.522993086096	0.605616211083	5	365	1	
46	0	33	step_1_no_load	1	2	1	554	
46	0	33	step_2_no_load	5	6	0.542309898544	0.618000238621	5	325	0	
46	0	34	step_1_no_load	1	2	1	620	
46	0	34	step_2_no_load	3	4	0.454565258478	0.575802910074	4	1173	1	
46	0	35	step_1_no_load	1	2	1	275	
46	0	35	step_2_no_load	3	4	0.491437207585	0.566827313385	4	670	1	
46	0	36	step_1_no_load	1	2	1	474	
46	0	36	step_2_no_load	5	6	0.611274573488	0.661229326326	-1	-1	-1	
46	0	37	step_1_no_load	1	2	1	237	
46	0	37	step_2_no_load	5	6	0.598446394142	0.660658056664	5	709	0	
46	0	38	step_1_no_load	1	2	1	600	
46	0	38	step_2_no_load	3	4	0.553931241266	0.539078491643	4	872	0	
46	0	39	step_1_no_load	1	2	1	585	
46	0	39	step_2_no_load	5	6	0.610601635554	0.634483337633	5	1007	1	
46	0	40	step_1_no_load	1	2	1	332	
46	0	40	step_2_no_load	3	4	0.5691386571	0.580760785074	3	779	0	
46	0	41	step_1_no_load	1	2	1	360	
46	0	41	step_2_no_load	5	6	0.588857868869	0.633285941184	6	860	0	
46	0	42	step_1_no_load	1	2	1	344	
46	0	42	step_2_no_load	3	4	0.553461946234	0.533857158543	4	650	1	
46	0	43	step_1_no_load	1	2	1	345	
46	0	43	step_2_no_load	5	6	0.612705031264	0.581931546759	5	1175	1	
46	0	44	step_1_no_load	1	2	1	271	
46	0	44	step_2_no_load	3	4	0.537842745081	0.541854396676	4	475	1	
46	0	45	step_1_no_load	1	2	1	287	
46	0	45	step_2_no_load	3	4	0.5288039409	0.579346234508	3	566	1	
46	0	46	step_1_no_load	1	2	1	278	
46	0	46	step_2_no_load	5	6	0.600964500555	0.654261318712	6	844	1	
46	0	47	step_1_no_load	1	2	1	364	
46	0	47	step_2_no_load	3	4	0.493112702321	0.546259467838	3	539	1	
46	0	48	step_1_no_load	1	2	1	630	
46	0	48	step_2_no_load	3	4	0.488280685105	0.534690828011	3	394	1	
46	0	49	step_1_no_load	1	2	1	417	
46	0	49	step_2_no_load	3	4	0.489287375157	0.512405963374	4	411	0	
46	0	50	step_1_no_load	1	2	1	238	
46	0	50	step_2_no_load	5	6	0.606862017918	0.593458480934	6	1011	1	
46	0	51	step_1_no_load	1	2	1	416	
46	0	51	step_2_no_load	3	4	0.469943944943	0.508197321577	4	579	0	
46	0	52	step_1_no_load	1	2	1	542	
46	0	52	step_2_no_load	3	4	0.429622901875	0.513589895419	4	612	1	
46	0	53	step_1_no_load	1	2	1	530	
46	0	53	step_2_no_load	3	4	0.451905460347	0.475342927439	3	360	1	
46	0	54	step_1_no_load	1	2	1	334	
46	0	54	step_2_no_load	5	6	0.570223904064	0.652515308527	6	849	1	
46	0	55	step_1_no_load	1	2	1	321	
46	0	55	step_2_no_load	3	4	0.487025527704	0.526704292526	3	409	0	
46	0	56	step_1_no_load	1	2	1	425	
46	0	56	step_2_no_load	3	4	0.459773408493	0.538512915562	4	382	0	
46	0	57	step_1_no_load	1	2	1	360	
46	0	57	step_2_no_load	5	6	0.641849303307	0.586335094239	6	850	1	
46	0	58	step_1_no_load	1	2	1	448	
46	0	58	step_2_no_load	5	6	0.664682809182	0.610896130115	5	366	1	
46	0	59	step_1_no_load	1	2	1	316	
46	0	59	step_2_no_load	5	6	0.632500293208	0.608951267756	6	670	1	
46	0	60	step_1_no_load	1	2	1	380	
46	0	60	step_2_no_load	3	4	0.491916707098	0.479287247283	4	403	0	
46	0	61	step_1_no_load	1	2	1	454	
46	0	61	step_2_no_load	5	6	0.669587072502	0.602879526975	5	976	0	
46	0	62	step_1_no_load	1	2	1	280	
46	0	62	step_2_no_load	3	4	0.50724109756	0.533031417444	4	1073	1	
46	0	63	step_1_no_load	1	2	1	427	
46	0	63	step_2_no_load	5	6	0.664284493458	0.642623127313	5	743	0	
46	0	64	step_1_no_load	1	2	1	405	
46	0	64	step_2_no_load	3	4	0.555062911513	0.533849886794	4	883	0	
46	0	65	step_1_no_load	1	2	1	244	
46	0	65	step_2_no_load	3	4	0.569109504048	0.517687993213	3	550	1	
46	0	66	step_1_no_load	1	2	1	255	
46	0	66	step_2_no_load	3	4	0.573761869714	0.555324764318	3	594	0	
46	0	67	step_1_no_load	1	2	1	431	
46	0	67	step_2_no_load	5	6	0.597650193897	0.674463681351	5	720	0	
46	0	68	step_1_no_load	1	2	1	900	
46	0	68	step_2_no_load	3	4	0.509127161919	0.523301545299	4	551	0	
46	0	69	step_1_no_load	1	2	1	278	
46	0	69	step_2_no_load	3	4	0.499137600991	0.560462111264	3	500	1	
46	0	70	step_1_no_load	1	2	1	350	
46	0	70	step_2_no_load	5	6	0.637556284465	0.697741832068	6	775	1	
46	0	71	step_1_no_load	1	2	1	358	
46	0	71	step_2_no_load	3	4	0.482863323776	0.546215110045	3	468	1	
46	0	72	step_1_no_load	1	2	1	365	
46	0	72	step_2_no_load	3	4	0.47409116389	0.556486305476	3	447	0	
46	0	73	step_1_no_load	1	2	1	475	
46	0	73	step_2_no_load	3	4	0.435957313805	0.50185699984	4	678	0	
46	0	74	step_1_no_load	1	2	1	656	
46	0	74	step_2_no_load	3	4	0.453420386428	0.491044983779	3	266	1	
46	0	75	step_1_no_load	1	2	1	536	
46	0	75	step_2_no_load	3	4	0.44832280175	0.483983914712	3	336	0	
46	0	76	step_1_no_load	1	2	1	616	
46	0	76	step_2_no_load	3	4	0.488583631821	0.518881389358	3	543	0	
46	0	77	step_1_no_load	1	2	1	404	
46	0	77	step_2_no_load	3	4	0.446809557226	0.538119616568	3	518	0	
46	0	78	step_1_no_load	1	2	1	667	
46	0	78	step_2_no_load	3	4	0.435911167612	0.538654072849	4	658	0	
46	0	79	step_1_no_load	1	2	1	477	
46	0	79	step_2_no_load	3	4	0.389124152368	0.540085062695	3	673	0	
46	0	80	step_1_no_load	1	2	1	508	
46	0	80	step_2_no_load	3	4	0.396016175285	0.49921021142	3	798	1	
46	0	81	step_1_no_load	1	2	1	420	
46	0	81	step_2_no_load	5	6	0.529745690463	0.702400933084	6	872	0	
46	0	82	step_1_no_load	1	2	1	281	
46	0	82	step_2_no_load	3	4	0.395813831323	0.482727017837	3	248	1	
46	0	83	step_1_no_load	1	2	1	255	
46	0	83	step_2_no_load	3	4	0.382772464038	0.483255412498	3	391	1	
46	0	84	step_1_no_load	1	2	1	296	
46	0	84	step_2_no_load	3	4	0.385087938645	0.505586222209	3	420	1	
46	0	85	step_1_no_load	1	2	1	294	
46	0	85	step_2_no_load	5	6	0.692384972752	0.712989604416	5	299	0	
46	0	86	step_1_no_load	1	2	1	1	
46	0	86	step_2_no_load	5	6	0.691782850001	0.721207648497	5	279	1	
46	0	87	step_1_no_load	1	2	1	0	
46	0	87	step_2_no_load	3	4	0.40000499778	0.493867001103	3	488	1	
46	0	88	step_1_no_load	1	2	1	268	
46	0	88	step_2_no_load	3	4	0.377947492322	0.509563243675	3	505	0	
46	0	89	step_1_no_load	1	2	1	7	
46	0	89	step_2_no_load	3	4	0.415882489686	0.490019385174	3	444	0	
46	0	90	step_1_no_load	1	2	1	244	
46	0	90	step_2_no_load	5	6	0.712247848046	0.688736868033	6	943	0	
46	0	91	step_1_no_load	1	2	1	193	
46	0	91	step_2_no_load	3	4	0.43534164751	0.479087223222	3	523	0	
46	0	92	step_1_no_load	1	2	1	320	
46	0	92	step_2_no_load	3	4	0.444368850664	0.484260039873	3	346	0	
46	0	93	step_1_no_load	1	2	1	316	
46	0	93	step_2_no_load	3	4	0.439878153082	0.473273727684	4	264	0	
46	0	94	step_1_no_load	1	2	1	267	
46	0	94	step_2_no_load	3	4	0.429211756872	0.468637558205	4	246	0	
46	0	95	step_1_no_load	1	2	1	403	
46	0	95	step_2_no_load	3	4	0.427150666411	0.42505578884	3	352	1	
46	0	96	step_1_no_load	1	2	1	367	
46	0	96	step_2_no_load	3	4	0.383038640121	0.437558890646	3	378	1	
46	0	97	step_1_no_load	1	2	1	37	
46	0	97	step_2_no_load	3	4	0.392885664353	0.455601814112	3	262	1	
46	0	98	step_1_no_load	1	2	1	364	
46	0	98	step_2_no_load	5	6	0.70287861952	0.646040060297	6	797	1	
46	0	99	step_1_no_load	1	2	1	943	
46	0	99	step_2_no_load	3	4	0.397561363605	0.375249961522	3	529	0	
46	0	100	step_1_no_load	1	2	1	336	
46	0	100	step_2_no_load	3	4	0.4333505304	0.363162156005	4	345	0	
46	0	101	step_1_no_load	1	2	1	420	
46	0	101	step_2_no_load	3	4	0.497432607584	0.366879421891	3	440	1	
46	0	102	step_1_no_load	1	2	1	355	
46	0	102	step_2_no_load	5	6	0.666304534392	0.663124617603	5	1149	0	
46	0	103	step_1_no_load	1	2	1	293	
46	0	103	step_2_no_load	5	6	0.663997796029	0.69058998368	6	1187	1	
46	0	104	step_1_no_load	1	2	1	338	
46	0	104	step_2_no_load	5	6	0.703870701136	0.743372642809	5	294	1	
46	0	105	step_1_no_load	1	2	1	289	
46	0	105	step_2_no_load	3	4	0.514318365187	0.352639603242	3	772	0	
46	0	106	step_1_no_load	1	2	1	367	
46	0	106	step_2_no_load	3	4	0.508908032404	0.374131494222	4	856	0	
46	0	107	step_1_no_load	1	2	1	411	
46	0	107	step_2_no_load	3	4	0.565220528809	0.388257337796	3	895	1	
46	0	108	step_1_no_load	1	2	1	426	
46	0	108	step_2_no_load	3	4	0.526955028982	0.388185708856	4	515	1	
46	0	109	step_1_no_load	1	2	1	233	
46	0	109	step_2_no_load	3	4	0.479977531501	0.372328831887	4	391	0	
46	0	110	step_1_no_load	1	2	1	360	
46	0	110	step_2_no_load	3	4	0.432626681236	0.395544455384	3	421	1	
46	0	111	step_1_no_load	1	2	1	471	
46	0	111	step_2_no_load	3	4	0.384948378665	0.407158158569	3	387	0	
46	0	112	step_1_no_load	1	2	1	403	
46	0	112	step_2_no_load	3	4	0.392887565883	0.413393106784	3	412	1	
46	0	113	step_1_no_load	1	2	1	259	
46	0	113	step_2_no_load	5	6	0.719324307956	0.634627459817	5	393	0	
46	0	114	step_1_no_load	1	2	1	366	
46	0	114	step_2_no_load	3	4	0.380324086676	0.384736699284	4	665	1	
46	0	115	step_1_no_load	1	2	1	344	
46	0	115	step_2_no_load	3	4	0.390027643099	0.357661171116	3	400	1	
46	0	116	step_1_no_load	1	2	1	390	
46	0	116	step_2_no_load	3	4	0.378149844807	0.369438791876	3	839	0	
46	0	117	step_1_no_load	1	2	1	362	
46	0	117	step_2_no_load	3	4	0.374621793791	0.363056877927	4	397	0	
46	0	118	step_1_no_load	1	2	1	418	
46	0	118	step_2_no_load	5	6	0.740051715856	0.690484235012	6	937	1	
46	0	119	step_1_no_load	1	2	1	324	
46	0	119	step_2_no_load	5	6	0.690424535099	0.661177321751	6	917	1	
46	0	120	step_1_no_load	1	2	2	656	
46	0	120	step_2_no_load	3	4	0.370150243662	0.333809617664	3	801	0	
46	0	121	step_1_no_load	1	2	2	257	
46	0	121	step_2_no_load	3	4	0.352721767208	0.310775244958	-1	-1	-1	
46	0	122	step_1_no_load	1	2	2	290	
46	0	122	step_2_no_load	5	6	0.6136886145	0.672193618854	6	404	1	
46	0	123	step_1_no_load	1	2	2	152	
46	0	123	step_2_no_load	5	6	0.583607229978	0.664849878232	6	378	1	
46	0	124	step_1_no_load	1	2	2	126	
46	0	124	step_2_no_load	5	6	0.603013298253	0.624161788269	6	329	1	
46	0	125	step_1_no_load	1	2	2	236	
46	0	125	step_2_no_load	5	6	0.559596800931	0.633566302563	6	402	0	
46	0	126	step_1_no_load	1	2	2	263	
46	0	126	step_2_no_load	3	4	0.300846667696	0.267206368684	4	282	1	
46	0	127	step_1_no_load	1	2	2	273	
46	0	127	step_2_no_load	5	6	0.560824094575	0.646945556251	6	273	0	
46	0	128	step_1_no_load	1	2	2	365	
46	0	128	step_2_no_load	5	6	0.636905534066	0.620672334996	6	424	0	
46	0	129	step_1_no_load	1	2	1	245	
46	0	129	step_2_no_load	5	6	0.685297910719	0.632682846317	5	461	0	
46	0	130	step_1_no_load	1	2	1	326	
46	0	130	step_2_no_load	5	6	0.682031489739	0.630285316669	6	445	1	
46	0	131	step_1_no_load	1	2	2	413	
46	0	131	step_2_no_load	5	6	0.678044920845	0.638450601212	6	321	0	
46	0	132	step_1_no_load	1	2	1	522	
46	0	132	step_2_no_load	3	4	0.315328810424	0.27986961048	3	503	1	
46	0	133	step_1_no_load	1	2	1	356	
46	0	133	step_2_no_load	3	4	0.312642735495	0.315608831386	3	456	1	
46	0	134	step_1_no_load	1	2	1	205	
46	0	134	step_2_no_load	3	4	0.302839427162	0.287393715313	4	419	0	
46	0	135	step_1_no_load	1	2	1	675	
46	0	135	step_2_no_load	3	4	0.287118934166	0.300079459047	3	795	1	
46	0	136	step_1_no_load	1	2	1	458	
46	0	136	step_2_no_load	5	6	0.597814413435	0.674914008636	5	766	0	
46	0	137	step_1_no_load	1	2	-1	-1	
46	0	138	step_1_no_load	1	2	-1	-1	
46	0	139	step_1_no_load	1	2	1	540	
46	0	139	step_2_no_load	3	4	0.323660750961	0.325611400511	3	420	0	
46	0	140	step_1_no_load	1	2	2	286	
46	0	140	step_2_no_load	5	6	0.671213945178	0.637682840728	6	472	1	
46	0	141	step_1_no_load	1	2	2	303	
46	0	141	step_2_no_load	5	6	0.711987889705	0.616803346728	6	297	0	
46	0	142	step_1_no_load	1	2	2	122	
46	0	142	step_2_no_load	3	4	0.304203281606	0.397052682821	3	608	1	
46	0	143	step_1_no_load	1	2	1	449	
46	0	143	step_2_no_load	3	4	0.313516825296	0.410970957547	3	439	1	
46	0	144	step_1_no_load	1	2	1	358	
46	0	144	step_2_no_load	5	6	0.626443722248	0.639347300184	5	282	1	
46	0	145	step_1_no_load	1	2	1	462	
46	0	145	step_2_no_load	3	4	0.266265924094	0.355256413269	3	495	0	
46	0	146	step_1_no_load	1	2	1	970	
46	0	146	step_2_no_load	3	4	0.257861956214	0.320877500969	3	425	1	
46	0	147	step_1_no_load	1	2	1	395	
46	0	147	step_2_no_load	3	4	0.265578160642	0.352879785946	3	247	0	
46	0	148	step_1_no_load	1	2	1	464	
46	0	148	step_2_no_load	5	6	0.619272702026	0.648050021239	6	382	0	
46	0	149	step_1_no_load	1	2	1	323	
46	0	149	step_2_no_load	5	6	0.601870110183	0.623203869836	5	314	1	
46	0	150	step_1_no_load	1	2	1	294	
46	0	150	step_2_no_load	5	6	0.575985663078	0.605912419156	5	457	1	
46	0	151	step_1_no_load	1	2	2	273	
46	0	151	step_2_no_load	5	6	0.59154759351	0.614159737668	5	322	1	
46	0	152	step_1_no_load	1	2	2	1	
46	0	152	step_2_no_load	5	6	0.595108765344	0.644204174791	5	333	0	
46	0	153	step_1_no_load	1	2	2	281	
46	0	153	step_2_no_load	5	6	0.613336203392	0.681559292085	5	373	1	
46	0	154	step_1_no_load	1	2	2	412	
46	0	154	step_2_no_load	5	6	0.638934099562	0.671672162443	5	369	1	
46	0	155	step_1_no_load	1	2	2	639	
46	0	155	step_2_no_load	3	4	0.296093457977	0.372188990474	4	904	1	
46	0	156	step_1_no_load	1	2	2	318	
46	0	156	step_2_no_load	3	4	0.32564867104	0.368378667812	4	815	0	
46	0	157	step_1_no_load	1	2	2	6	
46	0	157	step_2_no_load	5	6	0.585191807512	0.720725456325	5	366	0	
46	0	158	step_1_no_load	1	2	2	379	
46	0	158	step_2_no_load	5	6	0.532722108502	0.694270715354	5	976	1	
46	0	159	step_1_no_load	1	2	2	361	
46	0	159	step_2_no_load	3	4	0.413026375257	0.321150411254	3	384	1	
46	0	160	step_1_no_load	1	2	2	240	
46	0	160	step_2_no_load	5	6	0.521229931064	0.710728171711	5	332	1	
46	0	161	step_1_no_load	1	2	2	397	
46	0	161	step_2_no_load	5	6	0.516036498158	0.719896286569	5	369	0	
46	0	162	step_1_no_load	1	2	1	232	
46	0	162	step_2_no_load	3	4	0.3926701003	0.455329532209	3	336	0	
46	0	163	step_1_no_load	1	2	1	0	
46	0	163	step_2_no_load	3	4	0.395221309311	0.430920885959	4	409	0	
46	0	164	step_1_no_load	1	2	1	252	
46	0	164	step_2_no_load	3	4	0.432761720497	0.430844125626	4	376	1	
46	0	165	step_1_no_load	1	2	1	405	
46	0	165	step_2_no_load	5	6	0.538026607649	0.717506143195	6	655	0	
46	0	166	step_1_no_load	1	2	1	459	
46	0	166	step_2_no_load	3	4	0.422282731054	0.356317216644	4	379	0	
46	0	167	step_1_no_load	1	2	1	353	
46	0	167	step_2_no_load	5	6	0.585131062446	0.706271792549	5	925	1	
46	0	168	step_1_no_load	1	2	1	373	
46	0	168	step_2_no_load	3	4	0.400817642375	0.335777599654	4	350	0	
46	0	169	step_1_no_load	1	2	1	559	
46	0	169	step_2_no_load	5	6	0.586049140041	0.704981910944	5	369	1	
46	0	170	step_1_no_load	1	2	2	294	
46	0	170	step_2_no_load	5	6	0.57151385403	0.67334314737	5	348	1	
46	0	171	step_1_no_load	1	2	2	355	
46	0	171	step_2_no_load	5	6	0.553314431843	0.727248140829	5	337	1	
46	0	172	step_1_no_load	1	2	2	330	
46	0	172	step_2_no_load	5	6	0.519090471457	0.668669556875	5	417	1	
46	0	173	step_1_no_load	1	2	2	325	
46	0	173	step_2_no_load	5	6	0.484428109849	0.667027212577	5	325	1	
46	0	174	step_1_no_load	1	2	2	211	
46	0	174	step_2_no_load	3	4	0.387867297446	0.46236234172	3	330	1	
46	0	175	step_1_no_load	1	2	2	551	
46	0	175	step_2_no_load	5	6	0.52644949356	0.693968268443	5	565	0	
46	0	176	step_1_no_load	1	2	2	427	
46	0	176	step_2_no_load	5	6	0.474046874473	0.679250000396	5	235	1	
46	0	177	step_1_no_load	1	2	2	272	
46	0	177	step_2_no_load	5	6	0.501268576771	0.714070205704	5	365	0	
46	0	178	step_1_no_load	1	2	2	541	
46	0	178	step_2_no_load	5	6	0.493712351915	0.705993797498	5	312	0	
46	0	179	step_1_no_load	1	2	1	375	
46	0	179	step_2_no_load	3	4	0.324685418097	0.493565996034	3	289	0	
46	0	180	step_1_no_load	1	2	1	5	
46	0	180	step_2_no_load	3	4	0.341214611607	0.489345734128	4	288	0	
46	0	181	step_1_no_load	1	2	1	627	
46	0	181	step_2_no_load	3	4	0.342402764747	0.480141179559	3	369	0	
46	0	182	step_1_no_load	1	2	1	407	
46	0	182	step_2_no_load	5	6	0.506773281362	0.72717560423	5	293	1	
46	0	183	step_1_no_load	1	2	1	112	
46	0	183	step_2_no_load	3	4	0.350175837802	0.492742497507	3	511	1	
46	0	184	step_1_no_load	1	2	1	416	
46	0	184	step_2_no_load	5	6	0.460890977786	0.657291439324	5	592	0	
46	0	185	step_1_no_load	1	2	1	427	
46	0	185	step_2_no_load	3	4	0.362611152222	0.482228039858	3	763	1	
46	0	186	step_1_no_load	1	2	1	465	
46	0	186	step_2_no_load	5	6	0.46870859828	0.656308636836	5	410	0	
46	0	187	step_1_no_load	1	2	1	548	
46	0	187	step_2_no_load	3	4	0.328890769988	0.498596507669	3	381	1	
46	0	188	step_1_no_load	1	2	1	353	
46	0	188	step_2_no_load	3	4	0.291508050861	0.548350535247	3	420	0	
46	0	189	step_1_no_load	1	2	1	965	
46	0	189	step_2_no_load	3	4	0.285168135955	0.534753756004	3	816	1	
46	0	190	step_1_no_load	1	2	1	353	
46	0	190	step_2_no_load	3	4	0.304557739386	0.505820429042	3	360	0	
46	0	191	step_1_no_load	1	2	1	348	
46	0	191	step_2_no_load	3	4	0.318839908867	0.512103523931	3	447	0	
46	0	192	step_1_no_load	1	2	1	342	
46	0	192	step_2_no_load	3	4	0.299297135717	0.493851022417	4	446	1	
46	0	193	step_1_no_load	1	2	1	290	
46	0	193	step_2_no_load	5	6	0.440813209638	0.679792491164	5	792	1	
46	0	194	step_1_no_load	1	2	1	388	
46	0	194	step_2_no_load	5	6	0.433250459893	0.655261361454	6	414	1	
46	0	195	step_1_no_load	1	2	1	455	
46	0	195	step_2_no_load	3	4	0.348571348505	0.494102184238	4	589	1	
46	0	196	step_1_no_load	1	2	1	876	
46	0	196	step_2_no_load	3	4	0.365373286058	0.496717662777	4	568	0	
46	0	197	step_1_no_load	1	2	1	276	
46	0	197	step_2_no_load	5	6	0.422511153127	0.686552522522	5	1009	0	
46	0	198	step_1_no_load	1	2	1	462	
46	0	198	step_2_no_load	5	6	0.397292432346	0.68660989813	6	1011	1	
46	0	199	step_1_no_load	1	2	1	273	
46	0	199	step_2_no_load	3	4	0.292861528884	0.529438031858	4	350	1	
46	0	200	step_1_no_load	1	2	1	298	
46	0	200	step_2_no_load	3	4	0.299128796668	0.507902534353	4	266	0	

Wed Jan 11 15:37:42 2017
