Thu Jan 12 14:31:04 2017	
47	0	1	step_1_no_load	1	2	1	650	
47	0	1	step_2_no_load	5	6	0.594299910136	0.511789129507	6	1189	1	
47	0	2	step_1_no_load	1	2	1	423	
47	0	2	step_2_no_load	3	4	0.580156942153	0.474613197709	3	866	1	
47	0	3	step_1_no_load	1	2	2	349	
47	0	3	step_2_no_load	5	6	0.589215227351	0.516002945397	6	747	0	
47	0	4	step_1_no_load	1	2	2	452	
47	0	4	step_2_no_load	5	6	0.564086293706	0.494597764192	6	1059	1	
47	0	5	step_1_no_load	1	2	1	487	
47	0	5	step_2_no_load	3	4	0.623810210114	0.495568760483	3	893	0	
47	0	6	step_1_no_load	1	2	1	729	
47	0	6	step_2_no_load	3	4	0.585722686883	0.506877622204	3	685	1	
47	0	7	step_1_no_load	1	2	2	454	
47	0	7	step_2_no_load	3	4	0.568656746487	0.500071913476	-1	-1	-1	
47	0	8	step_1_no_load	1	2	2	1135	
47	0	8	step_2_no_load	3	4	0.59128639594	0.489816616396	3	849	1	
47	0	9	step_1_no_load	1	2	1	288	
47	0	9	step_2_no_load	3	4	0.598049061473	0.496546708465	3	678	1	
47	0	10	step_1_no_load	1	2	2	315	
47	0	10	step_2_no_load	5	6	0.636063269715	0.576063520885	6	1025	0	
47	0	11	step_1_no_load	1	2	2	386	
47	0	11	step_2_no_load	5	6	0.609191465743	0.59022801242	6	799	0	
47	0	12	step_1_no_load	1	2	2	316	
47	0	12	step_2_no_load	3	4	0.682786328054	0.48457206759	3	1025	0	
47	0	13	step_1_no_load	1	2	1	475	
47	0	13	step_2_no_load	3	4	0.653587098421	0.52012981853	3	921	1	
47	0	14	step_1_no_load	1	2	2	524	
47	0	14	step_2_no_load	3	4	0.629137942344	0.491234392147	3	744	0	
47	0	15	step_1_no_load	1	2	2	393	
47	0	15	step_2_no_load	5	6	0.570419113221	0.633564630036	6	632	0	
47	0	16	step_1_no_load	1	2	2	321	
47	0	16	step_2_no_load	3	4	0.628091198119	0.510958036527	3	1207	1	
47	0	17	step_1_no_load	1	2	2	519	
47	0	17	step_2_no_load	3	4	0.633350170016	0.535958400205	4	1424	1	
47	0	18	step_1_no_load	1	2	1	485	
47	0	18	step_2_no_load	5	6	0.553554620302	0.626895526976	6	1054	1	
47	0	19	step_1_no_load	1	2	1	371	
47	0	19	step_2_no_load	3	4	0.619895761657	0.498240186199	3	505	0	
47	0	20	step_1_no_load	1	2	1	292	
47	0	20	step_2_no_load	3	4	0.636521555122	0.478025448397	4	954	1	
47	0	21	step_1_no_load	1	2	2	439	
47	0	21	step_2_no_load	5	6	0.470207377245	0.611328949295	5	917	1	
47	0	22	step_1_no_load	1	2	2	339	
47	0	22	step_2_no_load	5	6	0.468700882609	0.618527126547	6	679	1	
47	0	23	step_1_no_load	1	2	1	366	
47	0	23	step_2_no_load	3	4	0.640163623731	0.520606588181	3	849	1	
47	0	24	step_1_no_load	1	2	1	551	
47	0	24	step_2_no_load	3	4	0.582115115688	0.505388876622	3	667	1	
47	0	25	step_1_no_load	1	2	2	363	
47	0	25	step_2_no_load	3	4	0.565698722896	0.503316372362	3	844	1	
47	0	26	step_1_no_load	1	2	2	449	
47	0	26	step_2_no_load	5	6	0.532884212818	0.640635035276	6	838	0	
47	0	27	step_1_no_load	1	2	2	422	
47	0	27	step_2_no_load	3	4	0.57860777711	0.507272671939	3	813	1	
47	0	28	step_1_no_load	1	2	2	368	
47	0	28	step_2_no_load	5	6	0.553259388875	0.647441527317	5	910	1	
47	0	29	step_1_no_load	1	2	1	453	
47	0	29	step_2_no_load	3	4	0.606613029227	0.521159009103	4	952	0	
47	0	30	step_1_no_load	1	2	1	322	
47	0	30	step_2_no_load	3	4	0.608245979832	0.4919199548	3	1038	0	
47	0	31	step_1_no_load	1	2	1	294	
47	0	31	step_2_no_load	3	4	0.636602545794	0.483156722265	3	1059	1	
47	0	32	step_1_no_load	1	2	1	349	
47	0	32	step_2_no_load	3	4	0.634585171267	0.520318771114	3	408	1	
47	0	33	step_1_no_load	1	2	1	308	
47	0	33	step_2_no_load	3	4	0.611700032906	0.487664344039	3	837	0	
47	0	34	step_1_no_load	1	2	1	380	
47	0	34	step_2_no_load	5	6	0.538523758058	0.670290552209	5	1258	0	
47	0	35	step_1_no_load	1	2	1	463	
47	0	35	step_2_no_load	3	4	0.566827313385	0.491437207585	4	1021	1	
47	0	36	step_1_no_load	1	2	2	330	
47	0	36	step_2_no_load	3	4	0.527635087561	0.513210053121	4	845	0	
47	0	37	step_1_no_load	1	2	2	338	
47	0	37	step_2_no_load	5	6	0.598446394142	0.660658056664	6	1127	1	
47	0	38	step_1_no_load	1	2	2	369	
47	0	38	step_2_no_load	3	4	0.539078491643	0.553931241266	3	870	1	
47	0	39	step_1_no_load	1	2	2	531	
47	0	39	step_2_no_load	5	6	0.610601635554	0.634483337633	6	1208	1	
47	0	40	step_1_no_load	1	2	2	496	
47	0	40	step_2_no_load	5	6	0.607992802154	0.636994900683	6	867	0	
47	0	41	step_1_no_load	1	2	2	506	
47	0	41	step_2_no_load	5	6	0.588857868869	0.633285941184	5	1124	0	
47	0	42	step_1_no_load	1	2	2	410	
47	0	42	step_2_no_load	5	6	0.609164606591	0.606696263624	6	1195	1	
47	0	43	step_1_no_load	1	2	1	334	
47	0	43	step_2_no_load	3	4	0.553703096215	0.548128010644	3	933	1	
47	0	44	step_1_no_load	1	2	1	381	
47	0	44	step_2_no_load	3	4	0.541854396676	0.537842745081	3	1076	0	
47	0	45	step_1_no_load	1	2	1	287	
47	0	45	step_2_no_load	5	6	0.632991467829	0.620699591043	5	715	1	
47	0	46	step_1_no_load	1	2	1	368	
47	0	46	step_2_no_load	3	4	0.55511883717	0.532238720495	3	915	1	
47	0	47	step_1_no_load	1	2	1	396	
47	0	47	step_2_no_load	5	6	0.598724660986	0.634373567175	6	861	1	
47	0	48	step_1_no_load	1	2	2	323	
47	0	48	step_2_no_load	5	6	0.615767119776	0.657624935632	6	731	1	
47	0	49	step_1_no_load	1	2	2	406	
47	0	49	step_2_no_load	5	6	0.610193185592	0.614679490594	5	760	0	
47	0	50	step_1_no_load	1	2	1	497	
47	0	50	step_2_no_load	3	4	0.481616544184	0.47381367271	3	780	1	
47	0	51	step_1_no_load	1	2	2	286	
47	0	51	step_2_no_load	5	6	0.564866799699	0.613357430892	6	1155	0	
47	0	52	step_1_no_load	1	2	2	355	
47	0	52	step_2_no_load	3	4	0.513589895419	0.429622901875	3	826	0	
47	0	53	step_1_no_load	1	2	2	348	
47	0	53	step_2_no_load	3	4	0.475342927439	0.451905460347	4	836	0	
47	0	54	step_1_no_load	1	2	2	351	
47	0	54	step_2_no_load	5	6	0.570223904064	0.652515308527	6	1112	0	
47	0	55	step_1_no_load	1	2	2	344	
47	0	55	step_2_no_load	3	4	0.526704292526	0.487025527704	3	1000	0	
47	0	56	step_1_no_load	1	2	2	465	
47	0	56	step_2_no_load	5	6	0.601856598146	0.60038825769	6	758	1	
47	0	57	step_1_no_load	1	2	2	408	
47	0	57	step_2_no_load	5	6	0.641849303307	0.586335094239	6	696	1	
47	0	58	step_1_no_load	1	2	1	308	
47	0	58	step_2_no_load	3	4	0.528376440027	0.478335218822	3	432	0	
47	0	59	step_1_no_load	1	2	1	303	
47	0	59	step_2_no_load	3	4	0.537400760025	0.480274332693	3	956	1	
47	0	60	step_1_no_load	1	2	1	399	
47	0	60	step_2_no_load	3	4	0.479287247283	0.491916707098	3	920	0	
47	0	61	step_1_no_load	1	2	2	267	
47	0	61	step_2_no_load	5	6	0.669587072502	0.602879526975	6	787	1	
47	0	62	step_1_no_load	1	2	2	322	
47	0	62	step_2_no_load	5	6	0.691137204746	0.622820395113	6	674	1	
47	0	63	step_1_no_load	1	2	2	500	
47	0	63	step_2_no_load	3	4	0.519445130796	0.53192660365	3	1054	1	
47	0	64	step_1_no_load	1	2	2	337	
47	0	64	step_2_no_load	5	6	0.642369708469	0.626149195169	5	831	0	
47	0	65	step_1_no_load	1	2	2	377	
47	0	65	step_2_no_load	5	6	0.612660225018	0.619953360065	5	823	1	
47	0	66	step_1_no_load	1	2	2	327	
47	0	66	step_2_no_load	5	6	0.606938648072	0.630357351236	6	960	0	
47	0	67	step_1_no_load	1	2	2	353	
47	0	67	step_2_no_load	5	6	0.597650193897	0.674463681351	6	487	0	
47	0	68	step_1_no_load	1	2	1	556	
47	0	68	step_2_no_load	3	4	0.523301545299	0.509127161919	3	966	0	
47	0	69	step_1_no_load	1	2	1	757	
47	0	69	step_2_no_load	5	6	0.622221685203	0.718756538957	6	937	0	
47	0	70	step_1_no_load	1	2	1	531	
47	0	70	step_2_no_load	5	6	0.637556284465	0.697741832068	5	1094	0	
47	0	71	step_1_no_load	1	2	1	310	
47	0	71	step_2_no_load	5	6	0.639174917797	0.706816191949	6	864	1	
47	0	72	step_1_no_load	1	2	2	648	
47	0	72	step_2_no_load	5	6	0.626024641967	0.705884789502	6	449	1	
47	0	73	step_1_no_load	1	2	2	320	
47	0	73	step_2_no_load	5	6	0.657126403029	0.727961155836	6	535	1	
47	0	74	step_1_no_load	1	2	2	608	
47	0	74	step_2_no_load	3	4	0.491044983779	0.453420386428	3	806	1	
47	0	75	step_1_no_load	1	2	1	387	
47	0	75	step_2_no_load	5	6	0.615552849174	0.697629587097	6	1036	1	
47	0	76	step_1_no_load	1	2	2	399	
47	0	76	step_2_no_load	3	4	0.518881389358	0.488583631821	3	928	0	
47	0	77	step_1_no_load	1	2	2	439	
47	0	77	step_2_no_load	5	6	0.564257587118	0.679737625371	6	554	0	
47	0	78	step_1_no_load	1	2	2	476	
47	0	78	step_2_no_load	5	6	0.536711448352	0.647586191228	6	735	1	
47	0	79	step_1_no_load	1	2	1	320	
47	0	79	step_2_no_load	5	6	0.513695512795	0.647841624544	6	942	0	
47	0	80	step_1_no_load	1	2	2	402	
47	0	80	step_2_no_load	5	6	0.518583383166	0.703969305517	5	1161	1	
47	0	81	step_1_no_load	1	2	2	284	
47	0	81	step_2_no_load	5	6	0.529745690463	0.702400933084	5	809	1	
47	0	82	step_1_no_load	1	2	1	381	
47	0	82	step_2_no_load	3	4	0.482727017837	0.395813831323	3	837	1	
47	0	83	step_1_no_load	1	2	1	447	
47	0	83	step_2_no_load	5	6	0.607907985871	0.726885136842	5	1264	0	
47	0	84	step_1_no_load	1	2	2	633	
47	0	84	step_2_no_load	5	6	0.65843840156	0.731466635793	6	1377	1	
47	0	85	step_1_no_load	1	2	2	555	
47	0	85	step_2_no_load	5	6	0.692384972752	0.712989604416	6	919	1	
47	0	86	step_1_no_load	1	2	2	340	
47	0	86	step_2_no_load	5	6	0.691782850001	0.721207648497	6	1014	0	
47	0	87	step_1_no_load	1	2	2	538	
47	0	87	step_2_no_load	3	4	0.493867001103	0.40000499778	3	1061	1	
47	0	88	step_1_no_load	1	2	2	386	
47	0	88	step_2_no_load	5	6	0.717410082358	0.696773608304	6	973	1	
47	0	89	step_1_no_load	1	2	2	500	
47	0	89	step_2_no_load	5	6	0.690772436485	0.660112261017	6	693	1	
47	0	90	step_1_no_load	1	2	2	319	
47	0	90	step_2_no_load	3	4	0.530126112124	0.411459496853	4	1448	0	
47	0	91	step_1_no_load	1	2	2	401	
47	0	91	step_2_no_load	5	6	0.685023809334	0.657820521772	5	1003	1	
47	0	92	step_1_no_load	1	2	1	573	
47	0	92	step_2_no_load	3	4	0.484260039873	0.444368850664	3	1117	1	
47	0	93	step_1_no_load	1	2	1	479	
47	0	93	step_2_no_load	3	4	0.473273727684	0.439878153082	3	1017	1	
47	0	94	step_1_no_load	1	2	1	430	
47	0	94	step_2_no_load	3	4	0.468637558205	0.429211756872	4	1004	0	
47	0	95	step_1_no_load	1	2	1	420	
47	0	95	step_2_no_load	3	4	0.42505578884	0.427150666411	4	1001	0	
47	0	96	step_1_no_load	1	2	1	352	
47	0	96	step_2_no_load	3	4	0.437558890646	0.383038640121	4	863	0	
47	0	97	step_1_no_load	1	2	1	465	
47	0	97	step_2_no_load	3	4	0.455601814112	0.392885664353	4	1154	0	
47	0	98	step_1_no_load	1	2	1	399	
47	0	98	step_2_no_load	3	4	0.431479829356	0.409778171713	3	673	0	
47	0	99	step_1_no_load	1	2	1	333	
47	0	99	step_2_no_load	3	4	0.375249961522	0.397561363605	4	363	0	
47	0	100	step_1_no_load	1	2	1	280	
47	0	100	step_2_no_load	5	6	0.666227451505	0.66579920021	5	401	1	
47	0	101	step_1_no_load	1	2	2	343	
47	0	101	step_2_no_load	3	4	0.366879421891	0.497432607584	4	762	1	
47	0	102	step_1_no_load	1	2	2	432	
47	0	102	step_2_no_load	5	6	0.666304534392	0.663124617603	5	843	0	
47	0	103	step_1_no_load	1	2	2	378	
47	0	103	step_2_no_load	5	6	0.663997796029	0.69058998368	6	669	1	
47	0	104	step_1_no_load	1	2	2	613	
47	0	104	step_2_no_load	5	6	0.703870701136	0.743372642809	5	871	0	
47	0	105	step_1_no_load	1	2	2	285	
47	0	105	step_2_no_load	5	6	0.689135357059	0.722851301692	6	688	1	
47	0	106	step_1_no_load	1	2	2	480	
47	0	106	step_2_no_load	3	4	0.374131494222	0.508908032404	3	732	0	
47	0	107	step_1_no_load	1	2	2	332	
47	0	107	step_2_no_load	5	6	0.692607431435	0.677514185929	6	1002	0	
47	0	108	step_1_no_load	1	2	2	404	
47	0	108	step_2_no_load	3	4	0.388185708856	0.526955028982	3	669	1	
47	0	109	step_1_no_load	1	2	2	380	
47	0	109	step_2_no_load	5	6	0.71632547018	0.68658494263	5	543	1	
47	0	110	step_1_no_load	1	2	2	528	
47	0	110	step_2_no_load	5	6	0.729599891941	0.65455226558	5	759	0	
47	0	111	step_1_no_load	1	2	2	353	
47	0	111	step_2_no_load	5	6	0.724852671171	0.634599547742	5	574	1	
47	0	112	step_1_no_load	1	2	2	485	
47	0	112	step_2_no_load	5	6	0.725701866094	0.635252945963	6	864	1	
47	0	113	step_1_no_load	1	2	1	320	
47	0	113	step_2_no_load	3	4	0.387112818105	0.370697120277	3	822	0	
47	0	114	step_1_no_load	1	2	1	312	
47	0	114	step_2_no_load	5	6	0.718213323791	0.657654904272	6	360	1	
47	0	115	step_1_no_load	1	2	1	327	
47	0	115	step_2_no_load	3	4	0.357661171116	0.390027643099	4	459	1	
47	0	116	step_1_no_load	1	2	1	412	
47	0	116	step_2_no_load	3	4	0.369438791876	0.378149844807	4	634	0	
47	0	117	step_1_no_load	1	2	1	436	
47	0	117	step_2_no_load	3	4	0.363056877927	0.374621793791	3	1017	0	
47	0	118	step_1_no_load	1	2	2	372	
47	0	118	step_2_no_load	3	4	0.362977115924	0.357645851833	3	528	0	
47	0	119	step_1_no_load	1	2	1	537	
47	0	119	step_2_no_load	3	4	0.358243439099	0.357515098446	3	877	0	
47	0	120	step_1_no_load	1	2	1	345	
47	0	120	step_2_no_load	3	4	0.333809617664	0.370150243662	3	635	0	
47	0	121	step_1_no_load	1	2	2	645	
47	0	121	step_2_no_load	3	4	0.310775244958	0.352721767208	3	1053	0	
47	0	122	step_1_no_load	1	2	2	411	
47	0	122	step_2_no_load	5	6	0.6136886145	0.672193618854	6	1221	1	
47	0	123	step_1_no_load	1	2	2	417	
47	0	123	step_2_no_load	5	6	0.583607229978	0.664849878232	6	614	0	
47	0	124	step_1_no_load	1	2	2	372	
47	0	124	step_2_no_load	5	6	0.603013298253	0.624161788269	5	680	1	
47	0	125	step_1_no_load	1	2	1	353	
47	0	125	step_2_no_load	5	6	0.559596800931	0.633566302563	6	544	1	
47	0	126	step_1_no_load	1	2	1	308	
47	0	126	step_2_no_load	3	4	0.267206368684	0.300846667696	4	569	0	
47	0	127	step_1_no_load	1	2	1	309	
47	0	127	step_2_no_load	3	4	0.273483952592	0.274944938508	3	736	1	
47	0	128	step_1_no_load	1	2	1	531	
47	0	128	step_2_no_load	3	4	0.260252451606	0.250790232267	-1	-1	-1	
47	0	129	step_1_no_load	1	2	1	470	
47	0	129	step_2_no_load	3	4	0.268213321963	0.271709703542	3	466	0	
47	0	130	step_1_no_load	1	2	2	281	
47	0	130	step_2_no_load	5	6	0.682031489739	0.630285316669	5	405	1	
47	0	131	step_1_no_load	1	2	2	331	
47	0	131	step_2_no_load	5	6	0.678044920845	0.638450601212	6	386	1	
47	0	132	step_1_no_load	1	2	2	453	
47	0	132	step_2_no_load	3	4	0.27986961048	0.315328810424	3	1002	0	
47	0	133	step_1_no_load	1	2	2	419	
47	0	133	step_2_no_load	5	6	0.617383991623	0.691649444281	6	804	0	
47	0	134	step_1_no_load	1	2	2	533	
47	0	134	step_2_no_load	5	6	0.621945110858	0.685529359147	5	883	0	
47	0	135	step_1_no_load	1	2	2	667	
47	0	135	step_2_no_load	5	6	0.593710006149	0.700779221781	6	991	0	
47	0	136	step_1_no_load	1	2	2	421	
47	0	136	step_2_no_load	5	6	0.597814413435	0.674914008636	5	475	0	
47	0	137	step_1_no_load	1	2	2	728	
47	0	137	step_2_no_load	5	6	0.605896884497	0.668540846495	6	696	0	
47	0	138	step_1_no_load	1	2	2	651	
47	0	138	step_2_no_load	5	6	0.63240964674	0.688182193337	6	552	0	
47	0	139	step_1_no_load	1	2	2	408	
47	0	139	step_2_no_load	3	4	0.325611400511	0.323660750961	4	1142	1	
47	0	140	step_1_no_load	1	2	1	543	
47	0	140	step_2_no_load	3	4	0.348740542008	0.328174526491	4	615	1	
47	0	141	step_1_no_load	1	2	1	377	
47	0	141	step_2_no_load	3	4	0.390227133375	0.311809871418	3	391	0	
47	0	142	step_1_no_load	1	2	1	306	
47	0	142	step_2_no_load	3	4	0.397052682821	0.304203281606	4	445	1	
47	0	143	step_1_no_load	1	2	1	373	
47	0	143	step_2_no_load	3	4	0.410970957547	0.313516825296	4	447	0	
47	0	144	step_1_no_load	1	2	1	42	
47	0	144	step_2_no_load	3	4	0.389234194056	0.275932517017	3	387	0	
47	0	145	step_1_no_load	1	2	2	366	
47	0	145	step_2_no_load	3	4	0.355256413269	0.266265924094	3	876	1	
47	0	146	step_1_no_load	1	2	2	337	
47	0	146	step_2_no_load	5	6	0.681611991725	0.593778463268	6	860	1	
47	0	147	step_1_no_load	1	2	2	332	
47	0	147	step_2_no_load	5	6	0.647798886916	0.594861186319	5	1143	1	
47	0	148	step_1_no_load	1	2	2	261	
47	0	148	step_2_no_load	5	6	0.619272702026	0.648050021239	6	357	1	
47	0	149	step_1_no_load	1	2	2	297	
47	0	149	step_2_no_load	5	6	0.601870110183	0.623203869836	5	410	1	
47	0	150	step_1_no_load	1	2	2	327	
47	0	150	step_2_no_load	5	6	0.575985663078	0.605912419156	6	401	1	
47	0	151	step_1_no_load	1	2	2	401	
47	0	151	step_2_no_load	3	4	0.310557101463	0.348172164421	4	912	0	
47	0	152	step_1_no_load	1	2	2	372	
47	0	152	step_2_no_load	3	4	0.323194010514	0.307702500543	4	830	0	
47	0	153	step_1_no_load	1	2	2	394	
47	0	153	step_2_no_load	3	4	0.343622632154	0.309356532263	3	661	1	
47	0	154	step_1_no_load	1	2	1	668	
47	0	154	step_2_no_load	3	4	0.348349389262	0.316375537537	3	1089	0	
47	0	155	step_1_no_load	1	2	1	314	
47	0	155	step_2_no_load	5	6	0.632486591889	0.716100930629	5	855	1	
47	0	156	step_1_no_load	1	2	1	325	
47	0	156	step_2_no_load	3	4	0.368378667812	0.32564867104	4	935	0	
47	0	157	step_1_no_load	1	2	2	294	
47	0	157	step_2_no_load	5	6	0.585191807512	0.720725456325	6	812	1	
47	0	158	step_1_no_load	1	2	2	340	
47	0	158	step_2_no_load	5	6	0.532722108502	0.694270715354	5	512	1	
47	0	159	step_1_no_load	1	2	2	324	
47	0	159	step_2_no_load	5	6	0.541222065796	0.697903160072	6	406	1	
47	0	160	step_1_no_load	1	2	2	402	
47	0	160	step_2_no_load	5	6	0.521229931064	0.710728171711	5	578	1	
47	0	161	step_1_no_load	1	2	1	546	
47	0	161	step_2_no_load	3	4	0.438878285506	0.407025633682	4	1200	1	
47	0	162	step_1_no_load	1	2	1	316	
47	0	162	step_2_no_load	5	6	0.566496468084	0.695144769903	6	1257	1	
47	0	163	step_1_no_load	1	2	1	403	
47	0	163	step_2_no_load	3	4	0.430920885959	0.395221309311	3	623	1	
47	0	164	step_1_no_load	1	2	1	401	
47	0	164	step_2_no_load	3	4	0.430844125626	0.432761720497	4	1361	1	
47	0	165	step_1_no_load	1	2	1	303	
47	0	165	step_2_no_load	5	6	0.538026607649	0.717506143195	-1	-1	-1	
47	0	166	step_1_no_load	1	2	1	402	
47	0	166	step_2_no_load	3	4	0.356317216644	0.422282731054	3	844	0	
47	0	167	step_1_no_load	1	2	1	301	
47	0	167	step_2_no_load	3	4	0.331115714939	0.38753671275	3	547	0	
47	0	168	step_1_no_load	1	2	1	395	
47	0	168	step_2_no_load	3	4	0.335777599654	0.400817642375	4	594	0	
47	0	169	step_1_no_load	1	2	2	523	
47	0	169	step_2_no_load	3	4	0.365156560071	0.42098542374	3	1048	0	
47	0	170	step_1_no_load	1	2	2	320	
47	0	170	step_2_no_load	3	4	0.364989630435	0.411067820436	4	826	0	
47	0	171	step_1_no_load	1	2	2	359	
47	0	171	step_2_no_load	5	6	0.553314431843	0.727248140829	6	800	1	
47	0	172	step_1_no_load	1	2	2	294	
47	0	172	step_2_no_load	3	4	0.490120307546	0.363617002148	4	847	0	
47	0	173	step_1_no_load	1	2	2	300	
47	0	173	step_2_no_load	5	6	0.484428109849	0.667027212577	6	750	0	
47	0	174	step_1_no_load	1	2	2	365	
47	0	174	step_2_no_load	5	6	0.472729524832	0.729877433725	6	600	1	
47	0	175	step_1_no_load	1	2	2	400	
47	0	175	step_2_no_load	3	4	0.484825491933	0.426185553904	3	1102	1	
47	0	176	step_1_no_load	1	2	2	407	
47	0	176	step_2_no_load	3	4	0.500856457218	0.383231572002	3	962	0	
47	0	177	step_1_no_load	1	2	2	280	
47	0	177	step_2_no_load	5	6	0.501268576771	0.714070205704	6	427	0	
47	0	178	step_1_no_load	1	2	2	326	
47	0	178	step_2_no_load	5	6	0.493712351915	0.705993797498	5	607	0	
47	0	179	step_1_no_load	1	2	2	489	
47	0	179	step_2_no_load	3	4	0.493565996034	0.324685418097	3	1418	0	
47	0	180	step_1_no_load	1	2	2	406	
47	0	180	step_2_no_load	3	4	0.489345734128	0.341214611607	4	1092	0	
47	0	181	step_1_no_load	1	2	2	367	
47	0	181	step_2_no_load	5	6	0.508735114046	0.746910336326	6	616	1	
47	0	182	step_1_no_load	1	2	2	339	
47	0	182	step_2_no_load	5	6	0.506773281362	0.72717560423	5	696	0	
47	0	183	step_1_no_load	1	2	2	362	
47	0	183	step_2_no_load	5	6	0.502991759047	0.720388040749	6	498	1	
47	0	184	step_1_no_load	1	2	2	346	
47	0	184	step_2_no_load	3	4	0.480863422096	0.362743255194	4	991	0	
47	0	185	step_1_no_load	1	2	2	331	
47	0	185	step_2_no_load	5	6	0.479703516092	0.665622647081	5	697	0	
47	0	186	step_1_no_load	1	2	2	371	
47	0	186	step_2_no_load	3	4	0.484672582719	0.332733011923	4	663	1	
47	0	187	step_1_no_load	1	2	2	579	
47	0	187	step_2_no_load	5	6	0.443962917772	0.678211978625	6	503	1	
47	0	188	step_1_no_load	1	2	2	376	
47	0	188	step_2_no_load	5	6	0.471319680586	0.696362660087	6	1016	1	
47	0	189	step_1_no_load	1	2	2	468	
47	0	189	step_2_no_load	3	4	0.534753756004	0.285168135955	4	1065	0	
47	0	190	step_1_no_load	1	2	2	342	
47	0	190	step_2_no_load	5	6	0.433568856946	0.667655825994	6	601	1	
47	0	191	step_1_no_load	1	2	2	411	
47	0	191	step_2_no_load	3	4	0.512103523931	0.318839908867	3	777	1	
47	0	192	step_1_no_load	1	2	1	360	
47	0	192	step_2_no_load	3	4	0.493851022417	0.299297135717	3	926	0	
47	0	193	step_1_no_load	1	2	1	344	
47	0	193	step_2_no_load	3	4	0.504944704439	0.321008037746	4	661	0	
47	0	194	step_1_no_load	1	2	1	331	
47	0	194	step_2_no_load	3	4	0.505359594715	0.342437174514	3	583	0	
47	0	195	step_1_no_load	1	2	1	320	
47	0	195	step_2_no_load	3	4	0.494102184238	0.348571348505	4	1114	1	
47	0	196	step_1_no_load	1	2	2	506	
47	0	196	step_2_no_load	3	4	0.496717662777	0.365373286058	3	961	0	
47	0	197	step_1_no_load	1	2	2	306	
47	0	197	step_2_no_load	5	6	0.422511153127	0.686552522522	6	583	1	
47	0	198	step_1_no_load	1	2	2	411	
47	0	198	step_2_no_load	5	6	0.397292432346	0.68660989813	5	705	0	
47	0	199	step_1_no_load	1	2	2	318	
47	0	199	step_2_no_load	3	4	0.529438031858	0.292861528884	4	685	1	
47	0	200	step_1_no_load	1	2	2	497	
47	0	200	step_2_no_load	3	4	0.507902534353	0.299128796668	4	827	0	

Thu Jan 12 14:48:35 2017
