Tue Jan 17 13:24:48 2017	
48	0	1	step_1_no_load	1	2	1	783	
48	0	1	step_2_no_load	3	4	0.457620150462	0.598297890399	4	665	1	
48	0	2	step_1_no_load	1	2	1	880	
48	0	2	step_2_no_load	3	4	0.474613197709	0.580156942153	4	914	1	
48	0	3	step_1_no_load	1	2	1	667	
48	0	3	step_2_no_load	3	4	0.476767372206	0.584197065669	4	824	1	
48	0	4	step_1_no_load	1	2	1	495	
48	0	4	step_2_no_load	3	4	0.478607661228	0.597491569846	4	447	1	
48	0	5	step_1_no_load	1	2	1	469	
48	0	5	step_2_no_load	3	4	0.495568760483	0.623810210114	4	517	0	
48	0	6	step_1_no_load	1	2	2	479	
48	0	6	step_2_no_load	3	4	0.506877622204	0.585722686883	4	1212	1	
48	0	7	step_1_no_load	1	2	2	461	
48	0	7	step_2_no_load	5	6	0.622642364361	0.506408070053	6	880	0	
48	0	8	step_1_no_load	1	2	1	488	
48	0	8	step_2_no_load	3	4	0.489816616396	0.59128639594	4	572	1	
48	0	9	step_1_no_load	1	2	1	373	
48	0	9	step_2_no_load	3	4	0.496546708465	0.598049061473	4	410	0	
48	0	10	step_1_no_load	1	2	2	436	
48	0	10	step_2_no_load	5	6	0.636063269715	0.576063520885	6	741	0	
48	0	11	step_1_no_load	1	2	1	862	
48	0	11	step_2_no_load	3	4	0.477013315682	0.69163818036	4	442	0	
48	0	12	step_1_no_load	1	2	1	403	
48	0	12	step_2_no_load	3	4	0.48457206759	0.682786328054	3	416	0	
48	0	13	step_1_no_load	1	2	1	369	
48	0	13	step_2_no_load	5	6	0.558313135925	0.595790490356	6	408	1	
48	0	14	step_1_no_load	1	2	1	551	
48	0	14	step_2_no_load	3	4	0.491234392147	0.629137942344	4	655	0	
48	0	15	step_1_no_load	1	2	2	1228	
48	0	15	step_2_no_load	5	6	0.570419113221	0.633564630036	6	596	1	
48	0	16	step_1_no_load	1	2	2	371	
48	0	16	step_2_no_load	5	6	0.553308964466	0.626326396372	6	445	1	
48	0	17	step_1_no_load	1	2	2	441	
48	0	17	step_2_no_load	3	4	0.535958400205	0.633350170016	4	481	0	
48	0	18	step_1_no_load	1	2	2	514	
48	0	18	step_2_no_load	5	6	0.553554620302	0.626895526976	6	600	1	
48	0	19	step_1_no_load	1	2	2	563	
48	0	19	step_2_no_load	5	6	0.536502319591	0.644773170243	6	605	1	
48	0	20	step_1_no_load	1	2	2	577	
48	0	20	step_2_no_load	5	6	0.491720931314	0.60665343963	6	605	0	
48	0	21	step_1_no_load	1	2	2	420	
48	0	21	step_2_no_load	5	6	0.470207377245	0.611328949295	6	592	1	
48	0	22	step_1_no_load	1	2	2	600	
48	0	22	step_2_no_load	3	4	0.506100011497	0.621949894727	4	1080	0	
48	0	23	step_1_no_load	1	2	2	426	
48	0	23	step_2_no_load	3	4	0.520606588181	0.640163623731	3	1147	1	
48	0	24	step_1_no_load	1	2	1	473	
48	0	24	step_2_no_load	3	4	0.505388876622	0.582115115688	3	644	1	
48	0	25	step_1_no_load	1	2	1	525	
48	0	25	step_2_no_load	3	4	0.503316372362	0.565698722896	3	558	0	
48	0	26	step_1_no_load	1	2	2	425	
48	0	26	step_2_no_load	3	4	0.511744353778	0.592410219737	4	832	1	
48	0	27	step_1_no_load	1	2	2	481	
48	0	27	step_2_no_load	3	4	0.507272671939	0.57860777711	4	818	1	
48	0	28	step_1_no_load	1	2	2	742	
48	0	28	step_2_no_load	5	6	0.553259388875	0.647441527317	6	830	1	
48	0	29	step_1_no_load	1	2	2	514	
48	0	29	step_2_no_load	5	6	0.561957580386	0.618626354124	6	588	1	
48	0	30	step_1_no_load	1	2	2	528	
48	0	30	step_2_no_load	5	6	0.574272497114	0.610227092493	6	832	1	
48	0	31	step_1_no_load	1	2	2	514	
48	0	31	step_2_no_load	3	4	0.483156722265	0.636602545794	4	727	1	
48	0	32	step_1_no_load	1	2	2	407	
48	0	32	step_2_no_load	3	4	0.520318771114	0.634585171267	4	860	1	
48	0	33	step_1_no_load	1	2	2	515	
48	0	33	step_2_no_load	5	6	0.542309898544	0.618000238621	6	681	0	
48	0	34	step_1_no_load	1	2	2	318	
48	0	34	step_2_no_load	5	6	0.538523758058	0.670290552209	6	540	1	
48	0	35	step_1_no_load	1	2	2	545	
48	0	35	step_2_no_load	3	4	0.491437207585	0.566827313385	4	774	0	
48	0	36	step_1_no_load	1	2	2	409	
48	0	36	step_2_no_load	3	4	0.513210053121	0.527635087561	4	511	1	
48	0	37	step_1_no_load	1	2	2	418	
48	0	37	step_2_no_load	5	6	0.598446394142	0.660658056664	6	738	0	
48	0	38	step_1_no_load	1	2	1	651	
48	0	38	step_2_no_load	3	4	0.553931241266	0.539078491643	3	428	1	
48	0	39	step_1_no_load	1	2	1	450	
48	0	39	step_2_no_load	3	4	0.578640235206	0.557005857101	3	757	1	
48	0	40	step_1_no_load	1	2	1	413	
48	0	40	step_2_no_load	3	4	0.5691386571	0.580760785074	3	738	1	
48	0	41	step_1_no_load	1	2	1	514	
48	0	41	step_2_no_load	5	6	0.588857868869	0.633285941184	5	983	0	
48	0	42	step_1_no_load	1	2	1	0	
48	0	42	step_2_no_load	5	6	0.609164606591	0.606696263624	5	1138	1	
48	0	43	step_1_no_load	1	2	1	514	
48	0	43	step_2_no_load	3	4	0.548128010644	0.553703096215	3	621	1	
48	0	44	step_1_no_load	1	2	1	670	
48	0	44	step_2_no_load	3	4	0.537842745081	0.541854396676	3	874	0	
48	0	45	step_1_no_load	1	2	1	479	
48	0	45	step_2_no_load	3	4	0.5288039409	0.579346234508	3	843	1	
48	0	46	step_1_no_load	1	2	1	531	
48	0	46	step_2_no_load	3	4	0.532238720495	0.55511883717	3	546	0	
48	0	47	step_1_no_load	1	2	2	367	
48	0	47	step_2_no_load	5	6	0.598724660986	0.634373567175	6	603	1	
48	0	48	step_1_no_load	1	2	2	383	
48	0	48	step_2_no_load	5	6	0.615767119776	0.657624935632	6	430	1	
48	0	49	step_1_no_load	1	2	2	514	
48	0	49	step_2_no_load	3	4	0.489287375157	0.512405963374	3	1226	0	
48	0	50	step_1_no_load	1	2	2	416	
48	0	50	step_2_no_load	5	6	0.606862017918	0.593458480934	6	393	0	
48	0	51	step_1_no_load	1	2	2	409	
48	0	51	step_2_no_load	5	6	0.564866799699	0.613357430892	6	417	1	
48	0	52	step_1_no_load	1	2	2	422	
48	0	52	step_2_no_load	3	4	0.429622901875	0.513589895419	4	798	0	
48	0	53	step_1_no_load	1	2	2	387	
48	0	53	step_2_no_load	5	6	0.551457882502	0.630956764252	6	752	0	
48	0	54	step_1_no_load	1	2	1	682	
48	0	54	step_2_no_load	3	4	0.491512498697	0.493362545513	3	862	0	
48	0	55	step_1_no_load	1	2	1	598	
48	0	55	step_2_no_load	5	6	0.574045915747	0.639840796975	5	618	1	
48	0	56	step_1_no_load	1	2	1	484	
48	0	56	step_2_no_load	3	4	0.459773408493	0.538512915562	3	443	1	
48	0	57	step_1_no_load	1	2	1	437	
48	0	57	step_2_no_load	3	4	0.466449077359	0.516475618243	3	703	0	
48	0	58	step_1_no_load	1	2	2	520	
48	0	58	step_2_no_load	3	4	0.478335218822	0.528376440027	4	1119	0	
48	0	59	step_1_no_load	1	2	2	363	
48	0	59	step_2_no_load	5	6	0.632500293208	0.608951267756	6	426	0	
48	0	60	step_1_no_load	1	2	2	442	
48	0	60	step_2_no_load	5	6	0.623687406259	0.599559577859	6	656	1	
48	0	61	step_1_no_load	1	2	2	583	
48	0	61	step_2_no_load	5	6	0.669587072502	0.602879526975	6	789	0	
48	0	62	step_1_no_load	1	2	2	611	
48	0	62	step_2_no_load	3	4	0.50724109756	0.533031417444	4	1040	0	
48	0	63	step_1_no_load	1	2	2	583	
48	0	63	step_2_no_load	3	4	0.53192660365	0.519445130796	4	739	0	
48	0	64	step_1_no_load	1	2	2	553	
48	0	64	step_2_no_load	5	6	0.642369708469	0.626149195169	6	640	1	
48	0	65	step_1_no_load	1	2	2	1083	
48	0	65	step_2_no_load	5	6	0.612660225018	0.619953360065	6	705	0	
48	0	66	step_1_no_load	1	2	2	544	
48	0	66	step_2_no_load	3	4	0.573761869714	0.555324764318	4	1264	1	
48	0	67	step_1_no_load	1	2	1	486	
48	0	67	step_2_no_load	3	4	0.542076810516	0.538279387614	3	518	1	
48	0	68	step_1_no_load	1	2	1	1354	
48	0	68	step_2_no_load	3	4	0.509127161919	0.523301545299	3	624	0	
48	0	69	step_1_no_load	1	2	1	644	
48	0	69	step_2_no_load	3	4	0.499137600991	0.560462111264	3	653	0	
48	0	70	step_1_no_load	1	2	2	526	
48	0	70	step_2_no_load	5	6	0.637556284465	0.697741832068	6	665	1	
48	0	71	step_1_no_load	1	2	2	650	
48	0	71	step_2_no_load	3	4	0.482863323776	0.546215110045	3	995	1	
48	0	72	step_1_no_load	1	2	2	559	
48	0	72	step_2_no_load	3	4	0.47409116389	0.556486305476	3	862	0	
48	0	73	step_1_no_load	1	2	2	511	
48	0	73	step_2_no_load	5	6	0.657126403029	0.727961155836	6	668	1	
48	0	74	step_1_no_load	1	2	2	568	
48	0	74	step_2_no_load	5	6	0.614462146454	0.693624670847	6	533	1	
48	0	75	step_1_no_load	1	2	2	576	
48	0	75	step_2_no_load	5	6	0.615552849174	0.697629587097	6	606	0	
48	0	76	step_1_no_load	1	2	-1	-1	
48	0	77	step_1_no_load	1	2	-1	-1	
48	0	78	step_1_no_load	1	2	-1	-1	
48	0	79	step_1_no_load	1	2	-1	-1	
48	0	80	step_1_no_load	1	2	-1	-1	
48	0	81	step_1_no_load	1	2	-1	-1	
48	0	82	step_1_no_load	1	2	2	994	
48	0	82	step_2_no_load	3	4	0.395813831323	0.482727017837	-1	-1	-1	
48	0	83	step_1_no_load	1	2	-1	-1	
48	0	84	step_1_no_load	1	2	-1	-1	
48	0	85	step_1_no_load	1	2	-1	-1	
48	0	86	step_1_no_load	1	2	-1	-1	
48	0	87	step_1_no_load	1	2	-1	-1	
48	0	88	step_1_no_load	1	2	2	358	
48	0	88	step_2_no_load	5	6	0.717410082358	0.696773608304	6	468	1	
48	0	89	step_1_no_load	1	2	2	482	
48	0	89	step_2_no_load	3	4	0.415882489686	0.490019385174	4	512	0	
48	0	90	step_1_no_load	1	2	1	542	
48	0	90	step_2_no_load	5	6	0.712247848046	0.688736868033	5	600	1	
48	0	91	step_1_no_load	1	2	1	621	
48	0	91	step_2_no_load	5	6	0.685023809334	0.657820521772	5	585	1	
48	0	92	step_1_no_load	1	2	1	489	
48	0	92	step_2_no_load	3	4	0.444368850664	0.484260039873	3	792	1	
48	0	93	step_1_no_load	1	2	1	521	
48	0	93	step_2_no_load	3	4	0.439878153082	0.473273727684	3	620	0	
48	0	94	step_1_no_load	1	2	1	550	
48	0	94	step_2_no_load	3	4	0.429211756872	0.468637558205	3	784	1	
48	0	95	step_1_no_load	1	2	1	569	
48	0	95	step_2_no_load	5	6	0.715495469274	0.640209855442	5	596	1	
48	0	96	step_1_no_load	1	2	1	494	
48	0	96	step_2_no_load	3	4	0.383038640121	0.437558890646	3	641	0	
48	0	97	step_1_no_load	1	2	2	499	
48	0	97	step_2_no_load	3	4	0.392885664353	0.455601814112	4	713	0	
48	0	98	step_1_no_load	1	2	2	467	
48	0	98	step_2_no_load	5	6	0.70287861952	0.646040060297	6	552	1	
48	0	99	step_1_no_load	1	2	2	511	
48	0	99	step_2_no_load	5	6	0.673709850038	0.645191748454	6	530	1	
48	0	100	step_1_no_load	1	2	2	433	
48	0	100	step_2_no_load	3	4	0.4333505304	0.363162156005	4	868	0	
48	0	101	step_1_no_load	1	2	2	413	
48	0	101	step_2_no_load	5	6	0.623812401974	0.655903528958	6	515	0	
48	0	102	step_1_no_load	1	2	2	530	
48	0	102	step_2_no_load	5	6	0.666304534392	0.663124617603	6	493	0	
48	0	103	step_1_no_load	1	2	2	556	
48	0	103	step_2_no_load	5	6	0.663997796029	0.69058998368	6	620	0	
48	0	104	step_1_no_load	1	2	1	803	
48	0	104	step_2_no_load	5	6	0.703870701136	0.743372642809	5	444	0	
48	0	105	step_1_no_load	1	2	1	646	
48	0	105	step_2_no_load	3	4	0.514318365187	0.352639603242	3	428	1	
48	0	106	step_1_no_load	1	2	1	398	
48	0	106	step_2_no_load	3	4	0.508908032404	0.374131494222	3	632	1	
48	0	107	step_1_no_load	1	2	1	483	
48	0	107	step_2_no_load	3	4	0.565220528809	0.388257337796	3	562	0	
48	0	108	step_1_no_load	1	2	2	444	
48	0	108	step_2_no_load	5	6	0.695928523711	0.681491063126	6	629	1	
48	0	109	step_1_no_load	1	2	2	879	
48	0	109	step_2_no_load	5	6	0.71632547018	0.68658494263	6	797	1	
48	0	110	step_1_no_load	1	2	2	458	
48	0	110	step_2_no_load	5	6	0.729599891941	0.65455226558	6	453	1	
48	0	111	step_1_no_load	1	2	2	579	
48	0	111	step_2_no_load	5	6	0.724852671171	0.634599547742	6	723	0	
48	0	112	step_1_no_load	1	2	1	582	
48	0	112	step_2_no_load	3	4	0.392887565883	0.413393106784	3	688	0	
48	0	113	step_1_no_load	1	2	2	449	
48	0	113	step_2_no_load	3	4	0.370697120277	0.387112818105	4	542	1	
48	0	114	step_1_no_load	1	2	2	797	
48	0	114	step_2_no_load	5	6	0.718213323791	0.657654904272	6	696	1	
48	0	115	step_1_no_load	1	2	2	720	
48	0	115	step_2_no_load	5	6	0.739704344621	0.645721217949	6	671	1	
48	0	116	step_1_no_load	1	2	2	513	
48	0	116	step_2_no_load	5	6	0.706736514943	0.680124293449	6	615	1	
48	0	117	step_1_no_load	1	2	2	483	
48	0	117	step_2_no_load	3	4	0.374621793791	0.363056877927	4	664	0	
48	0	118	step_1_no_load	1	2	2	450	
48	0	118	step_2_no_load	5	6	0.740051715856	0.690484235012	6	519	1	
48	0	119	step_1_no_load	1	2	2	602	
48	0	119	step_2_no_load	3	4	0.357515098446	0.358243439099	3	1019	1	
48	0	120	step_1_no_load	1	2	2	511	
48	0	120	step_2_no_load	3	4	0.370150243662	0.333809617664	4	851	0	
48	0	121	step_1_no_load	1	2	2	491	
48	0	121	step_2_no_load	5	6	0.658856304095	0.671052306195	5	739	1	
48	0	122	step_1_no_load	1	2	2	500	
48	0	122	step_2_no_load	5	6	0.6136886145	0.672193618854	6	624	1	
48	0	123	step_1_no_load	1	2	2	550	
48	0	123	step_2_no_load	3	4	0.337526896345	0.269780614928	4	669	0	
48	0	124	step_1_no_load	1	2	2	649	
48	0	124	step_2_no_load	5	6	0.603013298253	0.624161788269	5	636	0	
48	0	125	step_1_no_load	1	2	2	275	
48	0	125	step_2_no_load	3	4	0.303110862715	0.290374841566	4	373	1	
48	0	126	step_1_no_load	1	2	2	292	
48	0	126	step_2_no_load	5	6	0.537863824328	0.600985760967	6	332	1	
48	0	127	step_1_no_load	1	2	2	394	
48	0	127	step_2_no_load	3	4	0.274944938508	0.273483952592	4	692	0	
48	0	128	step_1_no_load	1	2	2	442	
48	0	128	step_2_no_load	5	6	0.636905534066	0.620672334996	6	740	1	
48	0	129	step_1_no_load	1	2	2	597	
48	0	129	step_2_no_load	5	6	0.685297910719	0.632682846317	6	712	1	
48	0	130	step_1_no_load	1	2	2	502	
48	0	130	step_2_no_load	5	6	0.682031489739	0.630285316669	6	585	1	
48	0	131	step_1_no_load	1	2	2	402	
48	0	131	step_2_no_load	5	6	0.678044920845	0.638450601212	6	526	1	
48	0	132	step_1_no_load	1	2	2	620	
48	0	132	step_2_no_load	3	4	0.315328810424	0.27986961048	4	686	0	
48	0	133	step_1_no_load	1	2	2	82	
48	0	133	step_2_no_load	3	4	0.312642735495	0.315608831386	4	722	0	
48	0	134	step_1_no_load	1	2	2	442	
48	0	134	step_2_no_load	5	6	0.621945110858	0.685529359147	6	650	1	
48	0	135	step_1_no_load	1	2	2	1325	
48	0	135	step_2_no_load	3	4	0.287118934166	0.300079459047	3	906	0	
48	0	136	step_1_no_load	1	2	2	516	
48	0	136	step_2_no_load	3	4	0.284521085726	0.307766925452	4	791	0	
48	0	137	step_1_no_load	1	2	1	374	
48	0	137	step_2_no_load	5	6	0.605896884497	0.668540846495	5	545	1	
48	0	138	step_1_no_load	1	2	1	436	
48	0	138	step_2_no_load	5	6	0.63240964674	0.688182193337	5	452	0	
48	0	139	step_1_no_load	1	2	1	561	
48	0	139	step_2_no_load	3	4	0.323660750961	0.325611400511	3	943	0	
48	0	140	step_1_no_load	1	2	1	666	
48	0	140	step_2_no_load	3	4	0.328174526491	0.348740542008	4	392	1	
48	0	141	step_1_no_load	1	2	1	422	
48	0	141	step_2_no_load	3	4	0.311809871418	0.390227133375	4	631	0	
48	0	142	step_1_no_load	1	2	2	343	
48	0	142	step_2_no_load	5	6	0.690276058009	0.627356259123	6	442	0	
48	0	143	step_1_no_load	1	2	1	442	
48	0	143	step_2_no_load	3	4	0.313516825296	0.410970957547	3	765	1	
48	0	144	step_1_no_load	1	2	1	674	
48	0	144	step_2_no_load	3	4	0.275932517017	0.389234194056	3	591	1	
48	0	145	step_1_no_load	1	2	1	506	
48	0	145	step_2_no_load	3	4	0.266265924094	0.355256413269	3	635	0	
48	0	146	step_1_no_load	1	2	1	529	
48	0	146	step_2_no_load	3	4	0.257861956214	0.320877500969	3	582	0	
48	0	147	step_1_no_load	1	2	2	436	
48	0	147	step_2_no_load	5	6	0.647798886916	0.594861186319	6	440	0	
48	0	148	step_1_no_load	1	2	1	436	
48	0	148	step_2_no_load	3	4	0.305288021243	0.311162711725	3	435	0	
48	0	149	step_1_no_load	1	2	2	455	
48	0	149	step_2_no_load	5	6	0.601870110183	0.623203869836	6	486	1	
48	0	150	step_1_no_load	1	2	2	496	
48	0	150	step_2_no_load	5	6	0.575985663078	0.605912419156	6	506	1	
48	0	151	step_1_no_load	1	2	2	647	
48	0	151	step_2_no_load	5	6	0.59154759351	0.614159737668	6	478	1	
48	0	152	step_1_no_load	1	2	2	481	
48	0	152	step_2_no_load	3	4	0.307702500543	0.323194010514	4	487	0	
48	0	153	step_1_no_load	1	2	2	445	
48	0	153	step_2_no_load	5	6	0.613336203392	0.681559292085	6	585	1	
48	0	154	step_1_no_load	1	2	2	291	
48	0	154	step_2_no_load	5	6	0.638934099562	0.671672162443	6	298	1	
48	0	155	step_1_no_load	1	2	2	433	
48	0	155	step_2_no_load	5	6	0.632486591889	0.716100930629	6	557	1	
48	0	156	step_1_no_load	1	2	2	567	
48	0	156	step_2_no_load	3	4	0.32564867104	0.368378667812	4	807	0	
48	0	157	step_1_no_load	1	2	1	457	
48	0	157	step_2_no_load	3	4	0.350909357271	0.324728201487	3	951	1	
48	0	158	step_1_no_load	1	2	1	421	
48	0	158	step_2_no_load	3	4	0.408728803896	0.334595868098	3	866	1	
48	0	159	step_1_no_load	1	2	1	503	
48	0	159	step_2_no_load	3	4	0.413026375257	0.321150411254	3	648	0	
48	0	160	step_1_no_load	1	2	1	439	
48	0	160	step_2_no_load	3	4	0.415052912783	0.355992626298	3	452	1	
48	0	161	step_1_no_load	1	2	1	592	
48	0	161	step_2_no_load	3	4	0.407025633682	0.438878285506	3	653	0	
48	0	162	step_1_no_load	1	2	1	484	
48	0	162	step_2_no_load	3	4	0.3926701003	0.455329532209	3	677	0	
48	0	163	step_1_no_load	1	2	2	1039	
48	0	163	step_2_no_load	3	4	0.395221309311	0.430920885959	3	833	0	
48	0	164	step_1_no_load	1	2	2	465	
48	0	164	step_2_no_load	3	4	0.432761720497	0.430844125626	4	606	0	
48	0	165	step_1_no_load	1	2	2	585	
48	0	165	step_2_no_load	5	6	0.538026607649	0.717506143195	6	693	0	
48	0	166	step_1_no_load	1	2	2	475	
48	0	166	step_2_no_load	5	6	0.549095060025	0.686594248975	6	717	1	
48	0	167	step_1_no_load	1	2	2	549	
48	0	167	step_2_no_load	5	6	0.585131062446	0.706271792549	6	676	1	
48	0	168	step_1_no_load	1	2	2	581	
48	0	168	step_2_no_load	5	6	0.613361520676	0.67192508984	6	907	1	
48	0	169	step_1_no_load	1	2	2	540	
48	0	169	step_2_no_load	5	6	0.586049140041	0.704981910944	6	836	1	
48	0	170	step_1_no_load	1	2	2	445	
48	0	170	step_2_no_load	5	6	0.57151385403	0.67334314737	6	590	1	
48	0	171	step_1_no_load	1	2	2	128	
48	0	171	step_2_no_load	5	6	0.553314431843	0.727248140829	6	712	1	
48	0	172	step_1_no_load	1	2	2	546	
48	0	172	step_2_no_load	5	6	0.519090471457	0.668669556875	6	721	1	
48	0	173	step_1_no_load	1	2	2	582	
48	0	173	step_2_no_load	5	6	0.484428109849	0.667027212577	6	569	1	
48	0	174	step_1_no_load	1	2	2	550	
48	0	174	step_2_no_load	5	6	0.472729524832	0.729877433725	6	528	1	
48	0	175	step_1_no_load	1	2	2	484	
48	0	175	step_2_no_load	5	6	0.52644949356	0.693968268443	6	733	0	
48	0	176	step_1_no_load	1	2	2	732	
48	0	176	step_2_no_load	5	6	0.474046874473	0.679250000396	6	649	0	
48	0	177	step_1_no_load	1	2	2	541	
48	0	177	step_2_no_load	5	6	0.501268576771	0.714070205704	6	480	1	
48	0	178	step_1_no_load	1	2	2	481	
48	0	178	step_2_no_load	5	6	0.493712351915	0.705993797498	6	716	1	
48	0	179	step_1_no_load	1	2	2	467	
48	0	179	step_2_no_load	5	6	0.457298770028	0.709345707515	6	715	1	
48	0	180	step_1_no_load	1	2	2	520	
48	0	180	step_2_no_load	5	6	0.482853857291	0.719795072986	6	895	1	
48	0	181	step_1_no_load	1	2	2	538	
48	0	181	step_2_no_load	5	6	0.508735114046	0.746910336326	6	555	1	
48	0	182	step_1_no_load	1	2	2	478	
48	0	182	step_2_no_load	5	6	0.506773281362	0.72717560423	6	478	1	
48	0	183	step_1_no_load	1	2	2	523	
48	0	183	step_2_no_load	5	6	0.502991759047	0.720388040749	6	526	1	
48	0	184	step_1_no_load	1	2	2	458	
48	0	184	step_2_no_load	5	6	0.460890977786	0.657291439324	6	535	0	
48	0	185	step_1_no_load	1	2	2	519	
48	0	185	step_2_no_load	5	6	0.479703516092	0.665622647081	6	514	0	
48	0	186	step_1_no_load	1	2	2	456	
48	0	186	step_2_no_load	5	6	0.46870859828	0.656308636836	6	620	0	
48	0	187	step_1_no_load	1	2	2	637	
48	0	187	step_2_no_load	3	4	0.328890769988	0.498596507669	3	914	0	
48	0	188	step_1_no_load	1	2	2	476	
48	0	188	step_2_no_load	3	4	0.291508050861	0.548350535247	4	631	0	
48	0	189	step_1_no_load	1	2	2	588	
48	0	189	step_2_no_load	5	6	0.448897869069	0.688353284054	6	673	1	
48	0	190	step_1_no_load	1	2	2	581	
48	0	190	step_2_no_load	3	4	0.304557739386	0.505820429042	4	799	0	
48	0	191	step_1_no_load	1	2	2	633	
48	0	191	step_2_no_load	3	4	0.318839908867	0.512103523931	4	790	1	
48	0	192	step_1_no_load	1	2	2	794	
48	0	192	step_2_no_load	5	6	0.450791310283	0.705517419189	6	675	1	
48	0	193	step_1_no_load	1	2	2	524	
48	0	193	step_2_no_load	5	6	0.440813209638	0.679792491164	6	829	1	
48	0	194	step_1_no_load	1	2	2	627	
48	0	194	step_2_no_load	5	6	0.433250459893	0.655261361454	6	689	1	
48	0	195	step_1_no_load	1	2	2	557	
48	0	195	step_2_no_load	5	6	0.466795336969	0.646280688878	6	682	1	
48	0	196	step_1_no_load	1	2	2	575	
48	0	196	step_2_no_load	5	6	0.421761207498	0.695101215304	6	634	0	
48	0	197	step_1_no_load	1	2	2	537	
48	0	197	step_2_no_load	5	6	0.422511153127	0.686552522522	6	653	1	
48	0	198	step_1_no_load	1	2	2	639	
48	0	198	step_2_no_load	3	4	0.303352625941	0.485065498391	4	1019	1	
48	0	199	step_1_no_load	1	2	2	462	
48	0	199	step_2_no_load	5	6	0.39793773834	0.73697129762	6	576	1	
48	0	200	step_1_no_load	1	2	2	480	
48	0	200	step_2_no_load	3	4	0.299128796668	0.507902534353	4	1256	1	

Tue Jan 17 13:42:06 2017
