Thu Jan 19 11:56:32 2017	
50	0	1	step_1_no_load	1	2	-1	-1	
50	0	2	step_1_no_load	1	2	1	559	
50	0	2	step_2_no_load	3	4	0.580156942153	0.533203491871	3	1101	1	
50	0	3	step_1_no_load	1	2	1	577	
50	0	3	step_2_no_load	5	6	0.589215227351	0.476767372206	6	985	1	
50	0	4	step_1_no_load	1	2	1	1076	
50	0	4	step_2_no_load	5	6	0.564086293706	0.478607661228	6	434	1	
50	0	5	step_1_no_load	1	2	-1	-1	
50	0	6	step_1_no_load	1	2	1	756	
50	0	6	step_2_no_load	3	4	0.585722686883	0.490454120702	3	1032	1	
50	0	7	step_1_no_load	1	2	1	1177	
50	0	7	step_2_no_load	3	4	0.568656746487	0.506408070053	3	651	0	
50	0	8	step_1_no_load	1	2	2	796	
50	0	8	step_2_no_load	5	6	0.624210374623	0.489816616396	6	804	1	
50	0	9	step_1_no_load	1	2	2	1468	
50	0	9	step_2_no_load	5	6	0.641106877158	0.496546708465	6	738	0	
50	0	10	step_1_no_load	1	2	2	1356	
50	0	10	step_2_no_load	5	6	0.636063269715	0.482364178155	5	356	1	
50	0	11	step_1_no_load	1	2	2	684	
50	0	11	step_2_no_load	3	4	0.69163818036	0.59022801242	3	391	1	
50	0	12	step_1_no_load	1	2	-1	-1	
50	0	13	step_1_no_load	1	2	2	797	
50	0	13	step_2_no_load	5	6	0.558313135925	0.52012981853	5	1036	0	
50	0	14	step_1_no_load	1	2	1	308	
50	0	14	step_2_no_load	5	6	0.545555696267	0.491234392147	5	520	0	
50	0	15	step_1_no_load	1	2	1	504	
50	0	15	step_2_no_load	3	4	0.612260006668	0.633564630036	3	1095	0	
50	0	16	step_1_no_load	1	2	1	1093	
50	0	16	step_2_no_load	3	4	0.628091198119	0.626326396372	3	1036	0	
50	0	17	step_1_no_load	1	2	2	439	
50	0	17	step_2_no_load	5	6	0.562895132605	0.535958400205	6	768	0	
50	0	18	step_1_no_load	1	2	1	1216	
50	0	18	step_2_no_load	3	4	0.626834332012	0.626895526976	4	743	0	
50	0	19	step_1_no_load	1	2	2	1023	
50	0	19	step_2_no_load	3	4	0.619895761657	0.644773170243	4	1438	1	
50	0	20	step_1_no_load	1	2	-1	-1	
50	0	21	step_1_no_load	1	2	1	1298	
50	0	21	step_2_no_load	3	4	0.630305464549	0.611328949295	4	1182	1	
50	0	22	step_1_no_load	1	2	1	696	
50	0	22	step_2_no_load	3	4	0.621949894727	0.618527126547	4	566	1	
50	0	23	step_1_no_load	1	2	1	952	
50	0	23	step_2_no_load	5	6	0.513759772011	0.520606588181	6	1476	0	
50	0	24	step_1_no_load	1	2	2	667	
50	0	24	step_2_no_load	5	6	0.503316199018	0.505388876622	6	820	1	
50	0	25	step_1_no_load	1	2	2	1493	
50	0	25	step_2_no_load	5	6	0.503605105412	0.503316372362	6	936	0	
50	0	26	step_1_no_load	1	2	1	531	
50	0	26	step_2_no_load	3	4	0.592410219737	0.640635035276	4	997	0	
50	0	27	step_1_no_load	1	2	-1	-1	
50	0	28	step_1_no_load	1	2	2	548	
50	0	28	step_2_no_load	5	6	0.553259388875	0.520177259699	6	1214	1	
50	0	29	step_1_no_load	1	2	2	442	
50	0	29	step_2_no_load	3	4	0.606613029227	0.618626354124	-1	-1	-1	
50	0	30	step_1_no_load	1	2	1	672	
50	0	30	step_2_no_load	3	4	0.608245979832	0.610227092493	3	556	1	
50	0	31	step_1_no_load	1	2	1	349	
50	0	31	step_2_no_load	5	6	0.541819886458	0.483156722265	6	815	0	
50	0	32	step_1_no_load	1	2	2	320	
50	0	32	step_2_no_load	5	6	0.522993086096	0.520318771114	6	1441	0	
50	0	33	step_1_no_load	1	2	2	1440	
50	0	33	step_2_no_load	5	6	0.542309898544	0.487664344039	-1	-1	-1	
50	0	34	step_1_no_load	1	2	1	294	
50	0	34	step_2_no_load	3	4	0.575802910074	0.670290552209	3	569	1	
50	0	35	step_1_no_load	1	2	1	299	
50	0	35	step_2_no_load	3	4	0.566827313385	0.649776015006	3	321	0	
50	0	36	step_1_no_load	1	2	1	270	
50	0	36	step_2_no_load	5	6	0.611274573488	0.513210053121	6	256	1	
50	0	37	step_1_no_load	1	2	1	749	
50	0	37	step_2_no_load	5	6	0.598446394142	0.543074626387	6	425	1	
50	0	38	step_1_no_load	1	2	1	896	
50	0	38	step_2_no_load	3	4	0.539078491643	0.651263699161	4	401	1	
50	0	39	step_1_no_load	1	2	1	529	
50	0	39	step_2_no_load	3	4	0.557005857101	0.634483337633	4	378	1	
50	0	40	step_1_no_load	1	2	1	334	
50	0	40	step_2_no_load	3	4	0.580760785074	0.636994900683	4	362	1	
50	0	41	step_1_no_load	1	2	1	485	
50	0	41	step_2_no_load	3	4	0.524862294848	0.633285941184	4	434	1	
50	0	42	step_1_no_load	1	2	1	327	
50	0	42	step_2_no_load	3	4	0.533857158543	0.606696263624	4	324	0	
50	0	43	step_1_no_load	1	2	1	1128	
50	0	43	step_2_no_load	5	6	0.612705031264	0.548128010644	6	1115	0	
50	0	44	step_1_no_load	1	2	1	286	
50	0	44	step_2_no_load	3	4	0.541854396676	0.589653131867	4	632	1	
50	0	45	step_1_no_load	1	2	1	295	
50	0	45	step_2_no_load	3	4	0.579346234508	0.620699591043	4	425	1	
50	0	46	step_1_no_load	1	2	1	356	
50	0	46	step_2_no_load	3	4	0.55511883717	0.654261318712	4	401	0	
50	0	47	step_1_no_load	1	2	1	717	
50	0	47	step_2_no_load	5	6	0.598724660986	0.493112702321	-1	-1	-1	
50	0	48	step_1_no_load	1	2	1	31	
50	0	48	step_2_no_load	5	6	0.615767119776	0.488280685105	6	313	1	
50	0	49	step_1_no_load	1	2	1	244	
50	0	49	step_2_no_load	3	4	0.512405963374	0.614679490594	4	319	0	
50	0	50	step_1_no_load	1	2	1	1470	
50	0	50	step_2_no_load	5	6	0.606862017918	0.47381367271	6	806	0	
50	0	51	step_1_no_load	1	2	1	253	
50	0	51	step_2_no_load	3	4	0.508197321577	0.613357430892	4	390	0	
50	0	52	step_1_no_load	1	2	2	510	
50	0	52	step_2_no_load	5	6	0.539065404057	0.429622901875	6	909	0	
50	0	53	step_1_no_load	1	2	2	235	
50	0	53	step_2_no_load	3	4	0.475342927439	0.630956764252	3	392	1	
50	0	54	step_1_no_load	1	2	2	984	
50	0	54	step_2_no_load	3	4	0.493362545513	0.652515308527	3	594	1	
50	0	55	step_1_no_load	1	2	2	393	
50	0	55	step_2_no_load	5	6	0.574045915747	0.487025527704	5	852	0	
50	0	56	step_1_no_load	1	2	2	493	
50	0	56	step_2_no_load	3	4	0.538512915562	0.60038825769	3	592	0	
50	0	57	step_1_no_load	1	2	1	253	
50	0	57	step_2_no_load	3	4	0.516475618243	0.586335094239	4	529	1	
50	0	58	step_1_no_load	1	2	1	561	
50	0	58	step_2_no_load	3	4	0.528376440027	0.610896130115	4	407	1	
50	0	59	step_1_no_load	1	2	1	485	
50	0	59	step_2_no_load	3	4	0.537400760025	0.608951267756	4	479	0	
50	0	60	step_1_no_load	1	2	2	313	
50	0	60	step_2_no_load	5	6	0.623687406259	0.491916707098	5	611	0	
50	0	61	step_1_no_load	1	2	2	1	
50	0	61	step_2_no_load	3	4	0.527144452559	0.602879526975	4	796	0	
50	0	62	step_1_no_load	1	2	1	270	
50	0	62	step_2_no_load	3	4	0.533031417444	0.622820395113	4	762	0	
50	0	63	step_1_no_load	1	2	2	369	
50	0	63	step_2_no_load	3	4	0.519445130796	0.642623127313	3	513	0	
50	0	64	step_1_no_load	1	2	2	417	
50	0	64	step_2_no_load	3	4	0.533849886794	0.626149195169	4	681	1	
50	0	65	step_1_no_load	1	2	2	395	
50	0	65	step_2_no_load	5	6	0.612660225018	0.569109504048	-1	-1	-1	
50	0	66	step_1_no_load	1	2	2	533	
50	0	66	step_2_no_load	5	6	0.606938648072	0.573761869714	6	410	0	
50	0	67	step_1_no_load	1	2	1	0	
50	0	67	step_2_no_load	5	6	0.597650193897	0.542076810516	6	1331	1	
50	0	68	step_1_no_load	1	2	1	1085	
50	0	68	step_2_no_load	3	4	0.523301545299	0.719455209845	4	862	1	
50	0	69	step_1_no_load	1	2	1	384	
50	0	69	step_2_no_load	3	4	0.560462111264	0.718756538957	4	489	0	
50	0	70	step_1_no_load	1	2	1	478	
50	0	70	step_2_no_load	3	4	0.548075770764	0.697741832068	3	372	1	
50	0	71	step_1_no_load	1	2	1	377	
50	0	71	step_2_no_load	3	4	0.546215110045	0.706816191949	3	566	0	
50	0	72	step_1_no_load	1	2	2	1047	
50	0	72	step_2_no_load	5	6	0.626024641967	0.47409116389	6	508	1	
50	0	73	step_1_no_load	1	2	2	506	
50	0	73	step_2_no_load	5	6	0.657126403029	0.435957313805	6	349	0	
50	0	74	step_1_no_load	1	2	2	420	
50	0	74	step_2_no_load	5	6	0.614462146454	0.453420386428	5	385	0	
50	0	75	step_1_no_load	1	2	1	252	
50	0	75	step_2_no_load	3	4	0.483983914712	0.697629587097	4	776	1	
50	0	76	step_1_no_load	1	2	1	600	
50	0	76	step_2_no_load	3	4	0.518881389358	0.690117652944	4	491	1	
50	0	77	step_1_no_load	1	2	1	369	
50	0	77	step_2_no_load	3	4	0.538119616568	0.679737625371	4	364	1	
50	0	78	step_1_no_load	1	2	1	259	
50	0	78	step_2_no_load	3	4	0.538654072849	0.647586191228	4	393	1	
50	0	79	step_1_no_load	1	2	1	149	
50	0	79	step_2_no_load	3	4	0.540085062695	0.647841624544	4	344	1	
50	0	80	step_1_no_load	1	2	1	309	
50	0	80	step_2_no_load	3	4	0.49921021142	0.703969305517	4	406	1	
50	0	81	step_1_no_load	1	2	1	292	
50	0	81	step_2_no_load	3	4	0.494116554432	0.702400933084	4	457	1	
50	0	82	step_1_no_load	1	2	1	319	
50	0	82	step_2_no_load	3	4	0.482727017837	0.688340116885	4	520	1	
50	0	83	step_1_no_load	1	2	1	247	
50	0	83	step_2_no_load	3	4	0.483255412498	0.726885136842	4	385	1	
50	0	84	step_1_no_load	1	2	1	278	
50	0	84	step_2_no_load	3	4	0.505586222209	0.731466635793	4	433	1	
50	0	85	step_1_no_load	1	2	1	84	
50	0	85	step_2_no_load	5	6	0.692384972752	0.384458259121	6	395	1	
50	0	86	step_1_no_load	1	2	1	376	
50	0	86	step_2_no_load	3	4	0.486462788728	0.721207648497	4	467	1	
50	0	87	step_1_no_load	1	2	1	339	
50	0	87	step_2_no_load	5	6	0.719375344246	0.40000499778	6	371	0	
50	0	88	step_1_no_load	1	2	1	0	
50	0	88	step_2_no_load	3	4	0.509563243675	0.696773608304	3	46	0	
50	0	89	step_1_no_load	1	2	1	447	
50	0	89	step_2_no_load	5	6	0.690772436485	0.415882489686	6	855	1	
50	0	90	step_1_no_load	1	2	1	339	
50	0	90	step_2_no_load	3	4	0.530126112124	0.688736868033	4	542	1	
50	0	91	step_1_no_load	1	2	1	529	
50	0	91	step_2_no_load	5	6	0.685023809334	0.43534164751	6	463	0	
50	0	92	step_1_no_load	1	2	1	347	
50	0	92	step_2_no_load	3	4	0.484260039873	0.679381608313	4	438	1	
50	0	93	step_1_no_load	1	2	1	253	
50	0	93	step_2_no_load	5	6	0.70415710998	0.439878153082	6	295	0	
50	0	94	step_1_no_load	1	2	1	723	
50	0	94	step_2_no_load	5	6	0.719464414227	0.429211756872	6	519	1	
50	0	95	step_1_no_load	1	2	1	972	
50	0	95	step_2_no_load	3	4	0.42505578884	0.640209855442	4	446	1	
50	0	96	step_1_no_load	1	2	1	355	
50	0	96	step_2_no_load	3	4	0.437558890646	0.663095813561	4	472	1	
50	0	97	step_1_no_load	1	2	1	355	
50	0	97	step_2_no_load	5	6	0.681272614291	0.392885664353	6	458	1	
50	0	98	step_1_no_load	1	2	1	397	
50	0	98	step_2_no_load	5	6	0.70287861952	0.409778171713	6	452	1	
50	0	99	step_1_no_load	1	2	1	435	
50	0	99	step_2_no_load	5	6	0.673709850038	0.397561363605	6	615	0	
50	0	100	step_1_no_load	1	2	1	944	
50	0	100	step_2_no_load	3	4	0.363162156005	0.66579920021	4	684	1	
50	0	101	step_1_no_load	1	2	1	460	
50	0	101	step_2_no_load	3	4	0.366879421891	0.655903528958	4	366	1	
50	0	102	step_1_no_load	1	2	1	301	
50	0	102	step_2_no_load	5	6	0.666304534392	0.494584754513	6	318	0	
50	0	103	step_1_no_load	1	2	1	194	
50	0	103	step_2_no_load	3	4	0.322834495838	0.69058998368	4	466	1	
50	0	104	step_1_no_load	1	2	1	345	
50	0	104	step_2_no_load	3	4	0.303696146503	0.743372642809	4	628	1	
50	0	105	step_1_no_load	1	2	1	1018	
50	0	105	step_2_no_load	3	4	0.352639603242	0.722851301692	4	468	1	
50	0	106	step_1_no_load	1	2	1	239	
50	0	106	step_2_no_load	5	6	0.712883638252	0.508908032404	6	373	0	
50	0	107	step_1_no_load	1	2	1	286	
50	0	107	step_2_no_load	3	4	0.388257337796	0.677514185929	4	604	0	
50	0	108	step_1_no_load	1	2	-1	-1	
50	0	109	step_1_no_load	1	2	1	454	
50	0	109	step_2_no_load	3	4	0.372328831887	0.68658494263	3	449	0	
50	0	110	step_1_no_load	1	2	1	361	
50	0	110	step_2_no_load	3	4	0.395544455384	0.65455226558	4	309	0	
50	0	111	step_1_no_load	1	2	2	348	
50	0	111	step_2_no_load	5	6	0.724852671171	0.384948378665	6	370	0	
50	0	112	step_1_no_load	1	2	2	303	
50	0	112	step_2_no_load	5	6	0.725701866094	0.392887565883	5	523	1	
50	0	113	step_1_no_load	1	2	2	351	
50	0	113	step_2_no_load	5	6	0.719324307956	0.370697120277	5	684	0	
50	0	114	step_1_no_load	1	2	2	1315	
50	0	114	step_2_no_load	3	4	0.384736699284	0.657654904272	4	1101	1	
50	0	115	step_1_no_load	1	2	2	832	
50	0	115	step_2_no_load	3	4	0.357661171116	0.645721217949	4	873	0	
50	0	116	step_1_no_load	1	2	2	251	
50	0	116	step_2_no_load	3	4	0.369438791876	0.680124293449	4	812	0	
50	0	117	step_1_no_load	1	2	1	322	
50	0	117	step_2_no_load	5	6	0.747012267642	0.374621793791	6	758	0	
50	0	118	step_1_no_load	1	2	1	318	
50	0	118	step_2_no_load	3	4	0.362977115924	0.690484235012	4	1132	1	
50	0	119	step_1_no_load	1	2	1	556	
50	0	119	step_2_no_load	5	6	0.690424535099	0.357515098446	6	1301	0	
50	0	120	step_1_no_load	1	2	1	274	
50	0	120	step_2_no_load	5	6	0.70587238626	0.370150243662	6	248	0	
50	0	121	step_1_no_load	1	2	1	595	
50	0	121	step_2_no_load	5	6	0.658856304095	0.352721767208	5	1230	0	
50	0	122	step_1_no_load	1	2	1	242	
50	0	122	step_2_no_load	3	4	0.266650857402	0.672193618854	4	389	1	
50	0	123	step_1_no_load	1	2	1	793	
50	0	123	step_2_no_load	3	4	0.269780614928	0.664849878232	4	436	1	
50	0	124	step_1_no_load	1	2	1	796	
50	0	124	step_2_no_load	3	4	0.26095206597	0.624161788269	4	453	0	
50	0	125	step_1_no_load	1	2	2	368	
50	0	125	step_2_no_load	3	4	0.290374841566	0.633566302563	4	890	1	
50	0	126	step_1_no_load	1	2	2	686	
50	0	126	step_2_no_load	3	4	0.267206368684	0.600985760967	4	581	0	
50	0	127	step_1_no_load	1	2	2	384	
50	0	127	step_2_no_load	5	6	0.560824094575	0.274944938508	5	1257	1	
50	0	128	step_1_no_load	1	2	2	341	
50	0	128	step_2_no_load	3	4	0.260252451606	0.620672334996	4	1207	1	
50	0	129	step_1_no_load	1	2	2	617	
50	0	129	step_2_no_load	5	6	0.685297910719	0.271709703542	5	588	1	
50	0	130	step_1_no_load	1	2	2	641	
50	0	130	step_2_no_load	5	6	0.682031489739	0.274560758494	5	836	1	
50	0	131	step_1_no_load	1	2	2	606	
50	0	131	step_2_no_load	3	4	0.281500842289	0.638450601212	4	881	1	
50	0	132	step_1_no_load	1	2	2	367	
50	0	132	step_2_no_load	5	6	0.668578020634	0.315328810424	5	910	0	
50	0	133	step_1_no_load	1	2	2	459	
50	0	133	step_2_no_load	3	4	0.315608831386	0.691649444281	4	807	1	
50	0	134	step_1_no_load	1	2	2	692	
50	0	134	step_2_no_load	5	6	0.621945110858	0.302839427162	5	793	1	
50	0	135	step_1_no_load	1	2	1	973	
50	0	135	step_2_no_load	3	4	0.300079459047	0.700779221781	4	868	1	
50	0	136	step_1_no_load	1	2	2	322	
50	0	136	step_2_no_load	3	4	0.307766925452	0.674914008636	4	922	1	
50	0	137	step_1_no_load	1	2	2	446	
50	0	137	step_2_no_load	5	6	0.605896884497	0.325016613024	5	820	1	
50	0	138	step_1_no_load	1	2	2	593	
50	0	138	step_2_no_load	3	4	0.366701525561	0.688182193337	4	862	0	
50	0	139	step_1_no_load	1	2	1	445	
50	0	139	step_2_no_load	3	4	0.325611400511	0.696355985729	4	632	0	
50	0	140	step_1_no_load	1	2	2	186	
50	0	140	step_2_no_load	3	4	0.348740542008	0.637682840728	3	1147	1	
50	0	141	step_1_no_load	1	2	2	488	
50	0	141	step_2_no_load	5	6	0.711987889705	0.311809871418	6	1070	0	
50	0	142	step_1_no_load	1	2	2	266	
50	0	142	step_2_no_load	3	4	0.397052682821	0.627356259123	4	612	1	
50	0	143	step_1_no_load	1	2	2	518	
50	0	143	step_2_no_load	5	6	0.661365099615	0.313516825296	5	1088	1	
50	0	144	step_1_no_load	1	2	-1	-1	
50	0	145	step_1_no_load	1	2	2	308	
50	0	145	step_2_no_load	5	6	0.6669125229	0.266265924094	6	885	0	
50	0	146	step_1_no_load	1	2	2	92	
50	0	146	step_2_no_load	5	6	0.681611991725	0.257861956214	5	394	1	
50	0	147	step_1_no_load	1	2	1	349	
50	0	147	step_2_no_load	3	4	0.352879785946	0.594861186319	4	460	1	
50	0	148	step_1_no_load	1	2	1	673	
50	0	148	step_2_no_load	3	4	0.311162711725	0.648050021239	4	656	1	
50	0	149	step_1_no_load	1	2	1	313	
50	0	149	step_2_no_load	3	4	0.300290206122	0.623203869836	4	597	1	
50	0	150	step_1_no_load	1	2	2	770	
50	0	150	step_2_no_load	5	6	0.575985663078	0.305587692243	5	909	1	
50	0	151	step_1_no_load	1	2	2	668	
50	0	151	step_2_no_load	5	6	0.59154759351	0.348172164421	5	434	0	
50	0	152	step_1_no_load	1	2	2	228	
50	0	152	step_2_no_load	5	6	0.595108765344	0.307702500543	6	434	1	
50	0	153	step_1_no_load	1	2	2	273	
50	0	153	step_2_no_load	5	6	0.613336203392	0.309356532263	6	436	1	
50	0	154	step_1_no_load	1	2	2	126	
50	0	154	step_2_no_load	5	6	0.638934099562	0.316375537537	6	76	0	
50	0	155	step_1_no_load	1	2	1	1432	
50	0	155	step_2_no_load	3	4	0.372188990474	0.716100930629	4	576	1	
50	0	156	step_1_no_load	1	2	1	299	
50	0	156	step_2_no_load	3	4	0.368378667812	0.734436160799	4	338	1	
50	0	157	step_1_no_load	1	2	1	105	
50	0	157	step_2_no_load	3	4	0.324728201487	0.720725456325	4	367	1	
50	0	158	step_1_no_load	1	2	1	252	
50	0	158	step_2_no_load	3	4	0.334595868098	0.694270715354	4	403	1	
50	0	159	step_1_no_load	1	2	1	315	
50	0	159	step_2_no_load	3	4	0.321150411254	0.697903160072	4	412	0	
50	0	160	step_1_no_load	1	2	2	461	
50	0	160	step_2_no_load	5	6	0.521229931064	0.415052912783	5	333	1	
50	0	161	step_1_no_load	1	2	2	209	
50	0	161	step_2_no_load	5	6	0.516036498158	0.407025633682	5	337	1	
50	0	162	step_1_no_load	1	2	2	250	
50	0	162	step_2_no_load	5	6	0.566496468084	0.3926701003	5	473	1	
50	0	163	step_1_no_load	1	2	2	56	
50	0	163	step_2_no_load	3	4	0.430920885959	0.697095951435	3	274	1	
50	0	164	step_1_no_load	1	2	-1	-1	
50	0	165	step_1_no_load	1	2	2	568	
50	0	165	step_2_no_load	5	6	0.538026607649	0.463777557969	6	707	1	
50	0	166	step_1_no_load	1	2	2	302	
50	0	166	step_2_no_load	3	4	0.356317216644	0.686594248975	4	801	1	
50	0	167	step_1_no_load	1	2	2	466	
50	0	167	step_2_no_load	5	6	0.585131062446	0.38753671275	6	798	0	
50	0	168	step_1_no_load	1	2	2	230	
50	0	168	step_2_no_load	5	6	0.613361520676	0.400817642375	5	393	1	
50	0	169	step_1_no_load	1	2	2	440	
50	0	169	step_2_no_load	5	6	0.586049140041	0.42098542374	5	408	1	
50	0	170	step_1_no_load	1	2	2	106	
50	0	170	step_2_no_load	3	4	0.364989630435	0.67334314737	3	318	1	
50	0	171	step_1_no_load	1	2	1	470	
50	0	171	step_2_no_load	3	4	0.425122034074	0.727248140829	4	451	1	
50	0	172	step_1_no_load	1	2	2	570	
50	0	172	step_2_no_load	5	6	0.519090471457	0.363617002148	6	517	0	
50	0	173	step_1_no_load	1	2	2	310	
50	0	173	step_2_no_load	3	4	0.462866379815	0.667027212577	4	867	1	
50	0	174	step_1_no_load	1	2	2	884	
50	0	174	step_2_no_load	3	4	0.46236234172	0.729877433725	4	725	1	
50	0	175	step_1_no_load	1	2	2	391	
50	0	175	step_2_no_load	3	4	0.484825491933	0.693968268443	4	644	0	
50	0	176	step_1_no_load	1	2	2	444	
50	0	176	step_2_no_load	5	6	0.474046874473	0.383231572002	6	914	0	
50	0	177	step_1_no_load	1	2	2	0	
50	0	177	step_2_no_load	3	4	0.4798184927	0.714070205704	4	949	1	
50	0	178	step_1_no_load	1	2	2	721	
50	0	178	step_2_no_load	5	6	0.493712351915	0.36473828006	5	720	1	
50	0	179	step_1_no_load	1	2	2	475	
50	0	179	step_2_no_load	3	4	0.493565996034	0.709345707515	4	833	0	
50	0	180	step_1_no_load	1	2	1	295	
50	0	180	step_2_no_load	3	4	0.489345734128	0.719795072986	4	960	1	
50	0	181	step_1_no_load	1	2	1	226	
50	0	181	step_2_no_load	3	4	0.480141179559	0.746910336326	4	466	1	
50	0	182	step_1_no_load	1	2	1	684	
50	0	182	step_2_no_load	3	4	0.49907747228	0.72717560423	4	613	1	
50	0	183	step_1_no_load	1	2	1	262	
50	0	183	step_2_no_load	3	4	0.492742497507	0.720388040749	4	466	1	
50	0	184	step_1_no_load	1	2	1	499	
50	0	184	step_2_no_load	3	4	0.480863422096	0.657291439324	4	515	0	
50	0	185	step_1_no_load	1	2	2	1467	
50	0	185	step_2_no_load	5	6	0.479703516092	0.362611152222	5	794	0	
50	0	186	step_1_no_load	1	2	2	369	
50	0	186	step_2_no_load	5	6	0.46870859828	0.332733011923	6	357	1	
50	0	187	step_1_no_load	1	2	2	267	
50	0	187	step_2_no_load	5	6	0.443962917772	0.328890769988	6	419	1	
50	0	188	step_1_no_load	1	2	2	251	
50	0	188	step_2_no_load	3	4	0.548350535247	0.696362660087	4	747	0	
50	0	189	step_1_no_load	1	2	2	1106	
50	0	189	step_2_no_load	5	6	0.448897869069	0.285168135955	6	406	0	
50	0	190	step_1_no_load	1	2	2	655	
50	0	190	step_2_no_load	5	6	0.433568856946	0.304557739386	5	562	1	
50	0	191	step_1_no_load	1	2	2	352	
50	0	191	step_2_no_load	3	4	0.512103523931	0.664271461991	4	913	0	
50	0	192	step_1_no_load	1	2	2	72	
50	0	192	step_2_no_load	5	6	0.450791310283	0.299297135717	5	1247	1	
50	0	193	step_1_no_load	1	2	2	330	
50	0	193	step_2_no_load	3	4	0.504944704439	0.679792491164	3	958	1	
50	0	194	step_1_no_load	1	2	2	647	
50	0	194	step_2_no_load	3	4	0.505359594715	0.655261361454	3	925	1	
50	0	195	step_1_no_load	1	2	2	313	
50	0	195	step_2_no_load	5	6	0.466795336969	0.348571348505	5	1252	0	
50	0	196	step_1_no_load	1	2	2	0	
50	0	196	step_2_no_load	5	6	0.421761207498	0.365373286058	6	328	0	
50	0	197	step_1_no_load	1	2	2	54	
50	0	197	step_2_no_load	5	6	0.422511153127	0.316987700969	5	553	1	
50	0	198	step_1_no_load	1	2	2	391	
50	0	198	step_2_no_load	5	6	0.397292432346	0.303352625941	5	371	0	
50	0	199	step_1_no_load	1	2	1	331	
50	0	199	step_2_no_load	3	4	0.529438031858	0.73697129762	4	706	1	
50	0	200	step_1_no_load	1	2	1	303	
50	0	200	step_2_no_load	3	4	0.507902534353	0.728996708473	4	428	0	

Thu Jan 19 12:16:41 2017
