Sun Feb  5 11:46:30 2017	
59	0	1	step_1_no_load	1	2	1	666	
59	0	1	step_2_no_load	3	4	0.511789129507	0.594299910136	3	542	1	
59	0	2	step_1_no_load	1	2	1	274	
59	0	2	step_2_no_load	3	4	0.533203491871	0.610961032466	3	522	0	
59	0	3	step_1_no_load	1	2	1	212	
59	0	3	step_2_no_load	3	4	0.516002945397	0.589215227351	3	502	1	
59	0	4	step_1_no_load	1	2	1	256	
59	0	4	step_2_no_load	3	4	0.494597764192	0.564086293706	3	657	1	
59	0	5	step_1_no_load	1	2	1	216	
59	0	5	step_2_no_load	3	4	0.543908521457	0.576104915614	3	689	0	
59	0	6	step_1_no_load	1	2	1	151	
59	0	6	step_2_no_load	3	4	0.490454120702	0.603642866427	3	920	1	
59	0	7	step_1_no_load	1	2	1	367	
59	0	7	step_2_no_load	3	4	0.506408070053	0.622642364361	3	795	0	
59	0	8	step_1_no_load	1	2	1	192	
59	0	8	step_2_no_load	5	6	0.59128639594	0.489816616396	6	1099	0	
59	0	9	step_1_no_load	1	2	1	188	
59	0	9	step_2_no_load	3	4	0.54429228266	0.641106877158	3	1090	0	
59	0	10	step_1_no_load	1	2	1	219	
59	0	10	step_2_no_load	3	4	0.576063520885	0.636063269715	4	582	0	
59	0	11	step_1_no_load	1	2	1	513	
59	0	11	step_2_no_load	5	6	0.69163818036	0.477013315682	6	808	1	
59	0	12	step_1_no_load	1	2	1	209	
59	0	12	step_2_no_load	5	6	0.682786328054	0.48457206759	5	480	1	
59	0	13	step_1_no_load	1	2	1	446	
59	0	13	step_2_no_load	3	4	0.595790490356	0.558313135925	3	746	1	
59	0	14	step_1_no_load	1	2	1	197	
59	0	14	step_2_no_load	3	4	0.611256675753	0.545555696267	4	562	0	
59	0	15	step_1_no_load	1	2	1	81	
59	0	15	step_2_no_load	3	4	0.633564630036	0.570419113221	3	684	1	
59	0	16	step_1_no_load	1	2	1	248	
59	0	16	step_2_no_load	5	6	0.628091198119	0.510958036527	6	811	1	
59	0	17	step_1_no_load	1	2	1	203	
59	0	17	step_2_no_load	3	4	0.643116883134	0.562895132605	3	749	0	
59	0	18	step_1_no_load	1	2	1	1	
59	0	18	step_2_no_load	3	4	0.626895526976	0.553554620302	4	695	1	
59	0	19	step_1_no_load	1	2	1	28	
59	0	19	step_2_no_load	3	4	0.644773170243	0.536502319591	3	796	1	
59	0	20	step_1_no_load	1	2	1	209	
59	0	20	step_2_no_load	3	4	0.60665343963	0.491720931314	3	719	0	
59	0	21	step_1_no_load	1	2	1	150	
59	0	21	step_2_no_load	3	4	0.611328949295	0.470207377245	3	791	0	
59	0	22	step_1_no_load	1	2	1	1	
59	0	22	step_2_no_load	5	6	0.621949894727	0.506100011497	6	942	0	
59	0	23	step_1_no_load	1	2	1	217	
59	0	23	step_2_no_load	5	6	0.640163623731	0.520606588181	5	1297	1	
59	0	24	step_1_no_load	1	2	1	200	
59	0	24	step_2_no_load	3	4	0.5800912085	0.503316199018	4	589	1	
59	0	25	step_1_no_load	1	2	1	215	
59	0	25	step_2_no_load	3	4	0.629917901014	0.503605105412	4	859	0	
59	0	26	step_1_no_load	1	2	1	230	
59	0	26	step_2_no_load	3	4	0.640635035276	0.532884212818	4	595	0	
59	0	27	step_1_no_load	1	2	1	160	
59	0	27	step_2_no_load	3	4	0.642144756622	0.54756089792	3	381	1	
59	0	28	step_1_no_load	1	2	1	282	
59	0	28	step_2_no_load	5	6	0.588356036098	0.520177259699	6	881	1	
59	0	29	step_1_no_load	1	2	1	212	
59	0	29	step_2_no_load	5	6	0.606613029227	0.521159009103	6	912	1	
59	0	30	step_1_no_load	1	2	1	177	
59	0	30	step_2_no_load	5	6	0.608245979832	0.4919199548	6	926	0	
59	0	31	step_1_no_load	1	2	1	0	
59	0	31	step_2_no_load	3	4	0.606122691795	0.541819886458	3	581	0	
59	0	32	step_1_no_load	1	2	1	231	
59	0	32	step_2_no_load	5	6	0.634585171267	0.520318771114	6	1203	1	
59	0	33	step_1_no_load	1	2	1	175	
59	0	33	step_2_no_load	3	4	0.618000238621	0.542309898544	3	677	1	
59	0	34	step_1_no_load	1	2	1	178	
59	0	34	step_2_no_load	3	4	0.670290552209	0.538523758058	3	559	1	
59	0	35	step_1_no_load	1	2	1	281	
59	0	35	step_2_no_load	3	4	0.649776015006	0.594167768198	3	733	1	
59	0	36	step_1_no_load	1	2	1	200	
59	0	36	step_2_no_load	3	4	0.661229326326	0.611274573488	3	670	1	
59	0	37	step_1_no_load	1	2	1	178	
59	0	37	step_2_no_load	5	6	0.513822304161	0.543074626387	6	824	1	
59	0	38	step_1_no_load	1	2	1	239	
59	0	38	step_2_no_load	3	4	0.651263699161	0.595113730206	3	778	1	
59	0	39	step_1_no_load	1	2	1	206	
59	0	39	step_2_no_load	3	4	0.634483337633	0.610601635554	3	847	1	
59	0	40	step_1_no_load	1	2	1	304	
59	0	40	step_2_no_load	3	4	0.636994900683	0.607992802154	3	835	1	
59	0	41	step_1_no_load	1	2	1	272	
59	0	41	step_2_no_load	3	4	0.633285941184	0.588857868869	3	741	0	
59	0	42	step_1_no_load	1	2	1	77	
59	0	42	step_2_no_load	3	4	0.606696263624	0.609164606591	4	572	0	
59	0	43	step_1_no_load	1	2	1	255	
59	0	43	step_2_no_load	5	6	0.553703096215	0.548128010644	6	980	0	
59	0	44	step_1_no_load	1	2	1	29	
59	0	44	step_2_no_load	3	4	0.589653131867	0.611481438855	3	553	0	
59	0	45	step_1_no_load	1	2	1	203	
59	0	45	step_2_no_load	3	4	0.620699591043	0.632991467829	3	1207	1	
59	0	46	step_1_no_load	1	2	1	211	
59	0	46	step_2_no_load	5	6	0.55511883717	0.532238720495	6	926	0	
59	0	47	step_1_no_load	1	2	1	66	
59	0	47	step_2_no_load	3	4	0.634373567175	0.598724660986	3	648	1	
59	0	48	step_1_no_load	1	2	1	199	
59	0	48	step_2_no_load	5	6	0.534690828011	0.488280685105	5	1034	0	
59	0	49	step_1_no_load	1	2	1	206	
59	0	49	step_2_no_load	5	6	0.512405963374	0.489287375157	6	696	0	
59	0	50	step_1_no_load	1	2	1	269	
59	0	50	step_2_no_load	5	6	0.481616544184	0.47381367271	6	1153	1	
59	0	51	step_1_no_load	1	2	1	266	
59	0	51	step_2_no_load	3	4	0.613357430892	0.564866799699	3	738	0	
59	0	52	step_1_no_load	1	2	1	278	
59	0	52	step_2_no_load	3	4	0.613408921915	0.539065404057	4	504	1	
59	0	53	step_1_no_load	1	2	1	229	
59	0	53	step_2_no_load	3	4	0.630956764252	0.551457882502	4	863	0	
59	0	54	step_1_no_load	1	2	1	183	
59	0	54	step_2_no_load	3	4	0.652515308527	0.570223904064	4	746	0	
59	0	55	step_1_no_load	1	2	1	264	
59	0	55	step_2_no_load	3	4	0.639840796975	0.574045915747	3	364	1	
59	0	56	step_1_no_load	1	2	1	296	
59	0	56	step_2_no_load	3	4	0.60038825769	0.601856598146	3	672	0	
59	0	57	step_1_no_load	1	2	1	292	
59	0	57	step_2_no_load	3	4	0.586335094239	0.641849303307	4	417	0	
59	0	58	step_1_no_load	1	2	1	206	
59	0	58	step_2_no_load	5	6	0.528376440027	0.478335218822	6	952	0	
59	0	59	step_1_no_load	1	2	1	116	
59	0	59	step_2_no_load	5	6	0.537400760025	0.480274332693	5	698	1	
59	0	60	step_1_no_load	1	2	1	267	
59	0	60	step_2_no_load	3	4	0.599559577859	0.623687406259	3	656	1	
59	0	61	step_1_no_load	1	2	1	223	
59	0	61	step_2_no_load	3	4	0.602879526975	0.669587072502	3	843	0	
59	0	62	step_1_no_load	1	2	1	213	
59	0	62	step_2_no_load	5	6	0.533031417444	0.50724109756	6	1319	0	
59	0	63	step_1_no_load	1	2	2	432	
59	0	63	step_2_no_load	3	4	0.642623127313	0.664284493458	3	1024	1	
59	0	64	step_1_no_load	1	2	2	248	
59	0	64	step_2_no_load	3	4	0.626149195169	0.642369708469	3	980	0	
59	0	65	step_1_no_load	1	2	2	368	
59	0	65	step_2_no_load	3	4	0.619953360065	0.612660225018	4	1307	1	
59	0	66	step_1_no_load	1	2	2	271	
59	0	66	step_2_no_load	5	6	0.555324764318	0.573761869714	5	961	0	
59	0	67	step_1_no_load	1	2	2	218	
59	0	67	step_2_no_load	5	6	0.538279387614	0.542076810516	6	424	0	
59	0	68	step_1_no_load	1	2	1	1128	
59	0	68	step_2_no_load	3	4	0.719455209845	0.622963076372	3	811	0	
59	0	69	step_1_no_load	1	2	1	427	
59	0	69	step_2_no_load	3	4	0.718756538957	0.622221685203	4	526	1	
59	0	70	step_1_no_load	1	2	1	323	
59	0	70	step_2_no_load	5	6	0.548075770764	0.498834901463	5	1210	1	
59	0	71	step_1_no_load	1	2	1	206	
59	0	71	step_2_no_load	3	4	0.706816191949	0.639174917797	4	862	0	
59	0	72	step_1_no_load	1	2	1	44	
59	0	72	step_2_no_load	5	6	0.556486305476	0.47409116389	5	1117	1	
59	0	73	step_1_no_load	1	2	1	307	
59	0	73	step_2_no_load	3	4	0.727961155836	0.657126403029	4	1061	1	
59	0	74	step_1_no_load	1	2	1	398	
59	0	74	step_2_no_load	5	6	0.491044983779	0.453420386428	5	980	0	
59	0	75	step_1_no_load	1	2	1	232	
59	0	75	step_2_no_load	3	4	0.697629587097	0.615552849174	3	1051	1	
59	0	76	step_1_no_load	1	2	1	224	
59	0	76	step_2_no_load	3	4	0.690117652944	0.62770291155	3	697	1	
59	0	77	step_1_no_load	1	2	1	251	
59	0	77	step_2_no_load	3	4	0.679737625371	0.564257587118	3	567	1	
59	0	78	step_1_no_load	1	2	1	243	
59	0	78	step_2_no_load	3	4	0.647586191228	0.536711448352	3	648	0	
59	0	79	step_1_no_load	1	2	1	168	
59	0	79	step_2_no_load	5	6	0.540085062695	0.389124152368	5	829	0	
59	0	80	step_1_no_load	1	2	1	244	
59	0	80	step_2_no_load	3	4	0.703969305517	0.518583383166	4	587	0	
59	0	81	step_1_no_load	1	2	1	232	
59	0	81	step_2_no_load	3	4	0.702400933084	0.529745690463	3	429	0	
59	0	82	step_1_no_load	1	2	1	236	
59	0	82	step_2_no_load	3	4	0.688340116885	0.564729328387	4	868	0	
59	0	83	step_1_no_load	1	2	1	152	
59	0	83	step_2_no_load	3	4	0.726885136842	0.607907985871	3	321	1	
59	0	84	step_1_no_load	1	2	1	232	
59	0	84	step_2_no_load	5	6	0.505586222209	0.385087938645	6	560	1	
59	0	85	step_1_no_load	1	2	1	0	
59	0	85	step_2_no_load	3	4	0.712989604416	0.692384972752	3	759	0	
59	0	86	step_1_no_load	1	2	1	119	
59	0	86	step_2_no_load	3	4	0.721207648497	0.691782850001	4	604	1	
59	0	87	step_1_no_load	1	2	1	238	
59	0	87	step_2_no_load	3	4	0.690012761069	0.719375344246	3	843	1	
59	0	88	step_1_no_load	1	2	1	482	
59	0	88	step_2_no_load	5	6	0.509563243675	0.377947492322	6	1070	1	
59	0	89	step_1_no_load	1	2	1	304	
59	0	89	step_2_no_load	3	4	0.660112261017	0.690772436485	3	804	0	
59	0	90	step_1_no_load	1	2	1	252	
59	0	90	step_2_no_load	3	4	0.688736868033	0.712247848046	4	766	0	
59	0	91	step_1_no_load	1	2	1	130	
59	0	91	step_2_no_load	5	6	0.479087223222	0.43534164751	5	1050	1	
59	0	92	step_1_no_load	1	2	2	534	
59	0	92	step_2_no_load	5	6	0.484260039873	0.444368850664	5	504	1	
59	0	93	step_1_no_load	1	2	2	220	
59	0	93	step_2_no_load	3	4	0.662863370634	0.70415710998	4	1239	1	
59	0	94	step_1_no_load	1	2	2	246	
59	0	94	step_2_no_load	3	4	0.668295023896	0.719464414227	4	1032	0	
59	0	95	step_1_no_load	1	2	2	261	
59	0	95	step_2_no_load	5	6	0.42505578884	0.427150666411	5	660	0	
59	0	96	step_1_no_load	1	2	2	229	
59	0	96	step_2_no_load	5	6	0.437558890646	0.383038640121	5	445	1	
59	0	97	step_1_no_load	1	2	2	325	
59	0	97	step_2_no_load	5	6	0.455601814112	0.392885664353	5	823	1	
59	0	98	step_1_no_load	1	2	2	314	
59	0	98	step_2_no_load	5	6	0.431479829356	0.409778171713	5	572	0	
59	0	99	step_1_no_load	1	2	2	245	
59	0	99	step_2_no_load	5	6	0.375249961522	0.397561363605	6	558	0	
59	0	100	step_1_no_load	1	2	2	206	
59	0	100	step_2_no_load	3	4	0.66579920021	0.666227451505	3	449	1	
59	0	101	step_1_no_load	1	2	2	274	
59	0	101	step_2_no_load	5	6	0.366879421891	0.497432607584	6	813	0	
59	0	102	step_1_no_load	1	2	2	294	
59	0	102	step_2_no_load	5	6	0.326080462175	0.494584754513	5	775	0	
59	0	103	step_1_no_load	1	2	1	344	
59	0	103	step_2_no_load	3	4	0.69058998368	0.663997796029	3	360	0	
59	0	104	step_1_no_load	1	2	2	255	
59	0	104	step_2_no_load	5	6	0.303696146503	0.521047445908	6	745	0	
59	0	105	step_1_no_load	1	2	2	237	
59	0	105	step_2_no_load	3	4	0.722851301692	0.689135357059	4	1235	1	
59	0	106	step_1_no_load	1	2	2	245	
59	0	106	step_2_no_load	5	6	0.374131494222	0.508908032404	5	899	1	
59	0	107	step_1_no_load	1	2	2	294	
59	0	107	step_2_no_load	5	6	0.388257337796	0.565220528809	5	520	0	
59	0	108	step_1_no_load	1	2	2	211	
59	0	108	step_2_no_load	5	6	0.388185708856	0.526955028982	5	760	0	
59	0	109	step_1_no_load	1	2	2	245	
59	0	109	step_2_no_load	5	6	0.372328831887	0.479977531501	6	470	0	
59	0	110	step_1_no_load	1	2	2	324	
59	0	110	step_2_no_load	3	4	0.65455226558	0.729599891941	3	418	0	
59	0	111	step_1_no_load	1	2	2	235	
59	0	111	step_2_no_load	5	6	0.407158158569	0.384948378665	5	552	0	
59	0	112	step_1_no_load	1	2	2	276	
59	0	112	step_2_no_load	5	6	0.413393106784	0.392887565883	5	414	0	
59	0	113	step_1_no_load	1	2	2	200	
59	0	113	step_2_no_load	5	6	0.387112818105	0.370697120277	6	427	0	
59	0	114	step_1_no_load	1	2	2	219	
59	0	114	step_2_no_load	5	6	0.384736699284	0.380324086676	6	996	0	
59	0	115	step_1_no_load	1	2	2	249	
59	0	115	step_2_no_load	5	6	0.357661171116	0.390027643099	5	498	0	
59	0	116	step_1_no_load	1	2	1	0	
59	0	116	step_2_no_load	5	6	0.369438791876	0.378149844807	6	1152	1	
59	0	117	step_1_no_load	1	2	1	247	
59	0	117	step_2_no_load	3	4	0.671842537277	0.747012267642	3	551	0	
59	0	118	step_1_no_load	1	2	1	247	
59	0	118	step_2_no_load	5	6	0.362977115924	0.357645851833	6	407	1	
59	0	119	step_1_no_load	1	2	1	244	
59	0	119	step_2_no_load	3	4	0.661177321751	0.690424535099	4	410	1	
59	0	120	step_1_no_load	1	2	1	226	
59	0	120	step_2_no_load	3	4	0.666433355915	0.70587238626	4	494	0	
59	0	121	step_1_no_load	1	2	1	95	
59	0	121	step_2_no_load	3	4	0.671052306195	0.658856304095	4	630	0	
59	0	122	step_1_no_load	1	2	1	0	
59	0	122	step_2_no_load	5	6	0.266650857402	0.329624572119	6	950	0	
59	0	123	step_1_no_load	1	2	1	206	
59	0	123	step_2_no_load	3	4	0.664849878232	0.583607229978	3	667	1	
59	0	124	step_1_no_load	1	2	1	163	
59	0	124	step_2_no_load	5	6	0.26095206597	0.309430836661	6	1167	1	
59	0	125	step_1_no_load	1	2	1	0	
59	0	125	step_2_no_load	3	4	0.633566302563	0.559596800931	3	386	1	
59	0	126	step_1_no_load	1	2	1	256	
59	0	126	step_2_no_load	5	6	0.267206368684	0.300846667696	6	527	0	
59	0	127	step_1_no_load	1	2	1	159	
59	0	127	step_2_no_load	5	6	0.273483952592	0.274944938508	5	1057	1	
59	0	128	step_1_no_load	1	2	1	204	
59	0	128	step_2_no_load	5	6	0.260252451606	0.250790232267	5	822	0	
59	0	129	step_1_no_load	1	2	1	225	
59	0	129	step_2_no_load	3	4	0.632682846317	0.685297910719	4	912	1	
59	0	130	step_1_no_load	1	2	1	120	
59	0	130	step_2_no_load	3	4	0.630285316669	0.682031489739	3	981	0	
59	0	131	step_1_no_load	1	2	1	250	
59	0	131	step_2_no_load	3	4	0.638450601212	0.678044920845	4	682	1	
59	0	132	step_1_no_load	1	2	1	235	
59	0	132	step_2_no_load	3	4	0.660013924697	0.668578020634	4	544	1	
59	0	133	step_1_no_load	1	2	1	191	
59	0	133	step_2_no_load	3	4	0.691649444281	0.617383991623	4	387	1	
59	0	134	step_1_no_load	1	2	1	61	
59	0	134	step_2_no_load	3	4	0.685529359147	0.621945110858	4	685	0	
59	0	135	step_1_no_load	1	2	1	827	
59	0	135	step_2_no_load	3	4	0.700779221781	0.593710006149	3	347	1	
59	0	136	step_1_no_load	1	2	1	281	
59	0	136	step_2_no_load	3	4	0.674914008636	0.597814413435	3	390	1	
59	0	137	step_1_no_load	1	2	1	280	
59	0	137	step_2_no_load	3	4	0.668540846495	0.605896884497	3	493	0	
59	0	138	step_1_no_load	1	2	1	205	
59	0	138	step_2_no_load	5	6	0.366701525561	0.307694123906	6	932	0	
59	0	139	step_1_no_load	1	2	1	21	
59	0	139	step_2_no_load	5	6	0.325611400511	0.323660750961	5	865	1	
59	0	140	step_1_no_load	1	2	1	203	
59	0	140	step_2_no_load	3	4	0.637682840728	0.671213945178	3	430	0	
59	0	141	step_1_no_load	1	2	1	124	
59	0	141	step_2_no_load	3	4	0.616803346728	0.711987889705	4	846	1	
59	0	142	step_1_no_load	1	2	1	244	
59	0	142	step_2_no_load	3	4	0.627356259123	0.690276058009	4	1089	0	
59	0	143	step_1_no_load	1	2	1	218	
59	0	143	step_2_no_load	5	6	0.410970957547	0.313516825296	5	888	1	
59	0	144	step_1_no_load	1	2	1	262	
59	0	144	step_2_no_load	5	6	0.389234194056	0.275932517017	5	562	0	
59	0	145	step_1_no_load	1	2	1	240	
59	0	145	step_2_no_load	3	4	0.606515632748	0.6669125229	3	847	1	
59	0	146	step_1_no_load	1	2	1	313	
59	0	146	step_2_no_load	3	4	0.593778463268	0.681611991725	3	649	1	
59	0	147	step_1_no_load	1	2	1	237	
59	0	147	step_2_no_load	3	4	0.594861186319	0.647798886916	3	776	0	
59	0	148	step_1_no_load	1	2	1	201	
59	0	148	step_2_no_load	3	4	0.648050021239	0.619272702026	4	518	1	
59	0	149	step_1_no_load	1	2	1	421	
59	0	149	step_2_no_load	3	4	0.623203869836	0.601870110183	4	1221	1	
59	0	150	step_1_no_load	1	2	1	639	
59	0	150	step_2_no_load	3	4	0.605912419156	0.575985663078	3	916	0	
59	0	151	step_1_no_load	1	2	1	526	
59	0	151	step_2_no_load	3	4	0.614159737668	0.59154759351	4	291	0	
59	0	152	step_1_no_load	1	2	2	317	
59	0	152	step_2_no_load	5	6	0.323194010514	0.307702500543	5	410	0	
59	0	153	step_1_no_load	1	2	1	308	
59	0	153	step_2_no_load	3	4	0.681559292085	0.613336203392	4	555	1	
59	0	154	step_1_no_load	1	2	2	625	
59	0	154	step_2_no_load	3	4	0.671672162443	0.638934099562	3	1325	1	
59	0	155	step_1_no_load	1	2	1	383	
59	0	155	step_2_no_load	3	4	0.716100930629	0.632486591889	4	475	0	
59	0	156	step_1_no_load	1	2	2	191	
59	0	156	step_2_no_load	5	6	0.368378667812	0.32564867104	6	405	0	
59	0	157	step_1_no_load	1	2	2	193	
59	0	157	step_2_no_load	5	6	0.324728201487	0.350909357271	5	398	0	
59	0	158	step_1_no_load	1	2	2	24	
59	0	158	step_2_no_load	5	6	0.334595868098	0.408728803896	6	525	0	
59	0	159	step_1_no_load	1	2	2	62	
59	0	159	step_2_no_load	5	6	0.321150411254	0.413026375257	5	421	1	
59	0	160	step_1_no_load	1	2	2	130	
59	0	160	step_2_no_load	5	6	0.355992626298	0.415052912783	5	421	0	
59	0	161	step_1_no_load	1	2	2	103	
59	0	161	step_2_no_load	5	6	0.438878285506	0.407025633682	5	681	0	
59	0	162	step_1_no_load	1	2	1	256	
59	0	162	step_2_no_load	3	4	0.695144769903	0.566496468084	3	538	0	
59	0	163	step_1_no_load	1	2	1	215	
59	0	163	step_2_no_load	3	4	0.697095951435	0.5863391277	4	380	1	
59	0	164	step_1_no_load	1	2	1	27	
59	0	164	step_2_no_load	3	4	0.692137394606	0.585961845322	4	379	0	
59	0	165	step_1_no_load	1	2	1	260	
59	0	165	step_2_no_load	3	4	0.717506143195	0.538026607649	4	435	0	
59	0	166	step_1_no_load	1	2	1	37	
59	0	166	step_2_no_load	3	4	0.686594248975	0.549095060025	3	254	1	
59	0	167	step_1_no_load	1	2	1	199	
59	0	167	step_2_no_load	3	4	0.706271792549	0.585131062446	3	381	0	
59	0	168	step_1_no_load	1	2	1	79	
59	0	168	step_2_no_load	3	4	0.67192508984	0.613361520676	4	393	1	
59	0	169	step_1_no_load	1	2	1	124	
59	0	169	step_2_no_load	3	4	0.704981910944	0.586049140041	4	384	0	
59	0	170	step_1_no_load	1	2	1	297	
59	0	170	step_2_no_load	3	4	0.67334314737	0.57151385403	3	357	0	
59	0	171	step_1_no_load	1	2	1	170	
59	0	171	step_2_no_load	3	4	0.727248140829	0.553314431843	3	1116	1	
59	0	172	step_1_no_load	1	2	1	229	
59	0	172	step_2_no_load	3	4	0.668669556875	0.519090471457	4	434	0	
59	0	173	step_1_no_load	1	2	1	93	
59	0	173	step_2_no_load	3	4	0.667027212577	0.484428109849	4	443	1	
59	0	174	step_1_no_load	1	2	1	107	
59	0	174	step_2_no_load	3	4	0.729877433725	0.472729524832	4	477	1	
59	0	175	step_1_no_load	1	2	1	0	
59	0	175	step_2_no_load	5	6	0.484825491933	0.426185553904	6	407	0	
59	0	176	step_1_no_load	1	2	1	205	
59	0	176	step_2_no_load	3	4	0.679250000396	0.474046874473	3	439	0	
59	0	177	step_1_no_load	1	2	1	244	
59	0	177	step_2_no_load	3	4	0.714070205704	0.501268576771	4	319	0	
59	0	178	step_1_no_load	1	2	1	201	
59	0	178	step_2_no_load	5	6	0.49020858644	0.36473828006	5	873	1	
59	0	179	step_1_no_load	1	2	2	129	
59	0	179	step_2_no_load	5	6	0.493565996034	0.324685418097	5	405	0	
59	0	180	step_1_no_load	1	2	2	9	
59	0	180	step_2_no_load	3	4	0.719795072986	0.482853857291	4	914	0	
59	0	181	step_1_no_load	1	2	2	210	
59	0	181	step_2_no_load	5	6	0.480141179559	0.342402764747	5	408	0	
59	0	182	step_1_no_load	1	2	2	0	
59	0	182	step_2_no_load	5	6	0.49907747228	0.340533666308	6	350	1	
59	0	183	step_1_no_load	1	2	2	71	
59	0	183	step_2_no_load	5	6	0.492742497507	0.350175837802	6	314	0	
59	0	184	step_1_no_load	1	2	2	385	
59	0	184	step_2_no_load	3	4	0.657291439324	0.460890977786	3	855	0	
59	0	185	step_1_no_load	1	2	1	620	
59	0	185	step_2_no_load	5	6	0.482228039858	0.362611152222	5	736	1	
59	0	186	step_1_no_load	1	2	1	382	
59	0	186	step_2_no_load	3	4	0.656308636836	0.46870859828	3	1473	1	
59	0	187	step_1_no_load	1	2	1	513	
59	0	187	step_2_no_load	5	6	0.498596507669	0.328890769988	5	1332	1	
59	0	188	step_1_no_load	1	2	1	1341	
59	0	188	step_2_no_load	5	6	0.548350535247	0.291508050861	5	964	0	
59	0	189	step_1_no_load	1	2	2	701	
59	0	189	step_2_no_load	3	4	0.688353284054	0.448897869069	4	917	0	
59	0	190	step_1_no_load	1	2	1	561	
59	0	190	step_2_no_load	5	6	0.505820429042	0.304557739386	6	1014	0	
59	0	191	step_1_no_load	1	2	1	480	
59	0	191	step_2_no_load	3	4	0.664271461991	0.435748387321	3	511	1	
59	0	192	step_1_no_load	1	2	1	488	
59	0	192	step_2_no_load	3	4	0.705517419189	0.450791310283	3	824	0	
59	0	193	step_1_no_load	1	2	2	238	
59	0	193	step_2_no_load	3	4	0.679792491164	0.440813209638	4	825	0	
59	0	194	step_1_no_load	1	2	1	482	
59	0	194	step_2_no_load	5	6	0.505359594715	0.342437174514	5	626	1	
59	0	195	step_1_no_load	1	2	1	512	
59	0	195	step_2_no_load	5	6	0.494102184238	0.348571348505	5	520	0	
59	0	196	step_1_no_load	1	2	2	270	
59	0	196	step_2_no_load	5	6	0.496717662777	0.365373286058	5	896	1	
59	0	197	step_1_no_load	1	2	2	377	
59	0	197	step_2_no_load	5	6	0.47786945426	0.316987700969	5	610	1	
59	0	198	step_1_no_load	1	2	2	440	
59	0	198	step_2_no_load	3	4	0.68660989813	0.397292432346	4	852	1	
59	0	199	step_1_no_load	1	2	2	624	
59	0	199	step_2_no_load	5	6	0.529438031858	0.292861528884	6	1101	0	
59	0	200	step_1_no_load	1	2	2	432	
59	0	200	step_2_no_load	3	4	0.728996708473	0.372436949782	4	1135	1	

Sun Feb  5 12:04:01 2017
