Mon Feb  6 11:30:48 2017	
60	0	1	step_1_no_load	1	2	-1	-1	
60	0	2	step_1_no_load	1	2	1	1195	
60	0	2	step_2_no_load	3	4	0.610961032466	0.474613197709	3	728	0	
60	0	3	step_1_no_load	1	2	1	685	
60	0	3	step_2_no_load	3	4	0.589215227351	0.476767372206	3	541	1	
60	0	4	step_1_no_load	1	2	1	638	
60	0	4	step_2_no_load	3	4	0.564086293706	0.478607661228	3	590	0	
60	0	5	step_1_no_load	1	2	1	1017	
60	0	5	step_2_no_load	3	4	0.576104915614	0.495568760483	4	938	0	
60	0	6	step_1_no_load	1	2	1	793	
60	0	6	step_2_no_load	3	4	0.603642866427	0.506877622204	3	603	1	
60	0	7	step_1_no_load	1	2	1	735	
60	0	7	step_2_no_load	3	4	0.622642364361	0.500071913476	4	386	0	
60	0	8	step_1_no_load	1	2	1	691	
60	0	8	step_2_no_load	3	4	0.624210374623	0.489816616396	4	1236	1	
60	0	9	step_1_no_load	1	2	1	578	
60	0	9	step_2_no_load	3	4	0.641106877158	0.496546708465	3	1006	0	
60	0	10	step_1_no_load	1	2	1	554	
60	0	10	step_2_no_load	3	4	0.636063269715	0.482364178155	3	939	1	
60	0	11	step_1_no_load	1	2	1	593	
60	0	11	step_2_no_load	3	4	0.609191465743	0.477013315682	4	1117	1	
60	0	12	step_1_no_load	1	2	1	1223	
60	0	12	step_2_no_load	3	4	0.552770607849	0.48457206759	3	1083	1	
60	0	13	step_1_no_load	1	2	1	579	
60	0	13	step_2_no_load	3	4	0.558313135925	0.52012981853	3	853	1	
60	0	14	step_1_no_load	1	2	1	532	
60	0	14	step_2_no_load	3	4	0.545555696267	0.491234392147	4	1052	0	
60	0	15	step_1_no_load	1	2	1	732	
60	0	15	step_2_no_load	3	4	0.570419113221	0.505377237737	3	1000	1	
60	0	16	step_1_no_load	1	2	1	507	
60	0	16	step_2_no_load	3	4	0.553308964466	0.510958036527	4	1186	1	
60	0	17	step_1_no_load	1	2	1	765	
60	0	17	step_2_no_load	3	4	0.562895132605	0.535958400205	4	1036	1	
60	0	18	step_1_no_load	1	2	1	817	
60	0	18	step_2_no_load	3	4	0.553554620302	0.517514133912	3	1193	1	
60	0	19	step_1_no_load	1	2	1	590	
60	0	19	step_2_no_load	3	4	0.536502319591	0.498240186199	3	1178	1	
60	0	20	step_1_no_load	1	2	1	490	
60	0	20	step_2_no_load	3	4	0.491720931314	0.478025448397	4	933	1	
60	0	21	step_1_no_load	1	2	1	609	
60	0	21	step_2_no_load	5	6	0.611328949295	0.630305464549	5	906	1	
60	0	22	step_1_no_load	1	2	1	681	
60	0	22	step_2_no_load	5	6	0.618527126547	0.621949894727	6	941	0	
60	0	23	step_1_no_load	1	2	1	443	
60	0	23	step_2_no_load	3	4	0.513759772011	0.520606588181	3	1208	1	
60	0	24	step_1_no_load	1	2	1	388	
60	0	24	step_2_no_load	3	4	0.503316199018	0.505388876622	4	1247	1	
60	0	25	step_1_no_load	1	2	1	871	
60	0	25	step_2_no_load	5	6	0.629917901014	0.565698722896	6	1229	0	
60	0	26	step_1_no_load	1	2	1	774	
60	0	26	step_2_no_load	5	6	0.640635035276	0.592410219737	5	1422	0	
60	0	27	step_1_no_load	1	2	1	756	
60	0	27	step_2_no_load	3	4	0.54756089792	0.507272671939	3	1386	0	
60	0	28	step_1_no_load	1	2	1	768	
60	0	28	step_2_no_load	3	4	0.553259388875	0.520177259699	3	995	1	
60	0	29	step_1_no_load	1	2	1	570	
60	0	29	step_2_no_load	3	4	0.561957580386	0.521159009103	3	1017	0	
60	0	30	step_1_no_load	1	2	1	430	
60	0	30	step_2_no_load	3	4	0.574272497114	0.4919199548	3	1217	0	
60	0	31	step_1_no_load	1	2	1	829	
60	0	31	step_2_no_load	3	4	0.541819886458	0.483156722265	-1	-1	-1	
60	0	32	step_1_no_load	1	2	1	1045	
60	0	32	step_2_no_load	3	4	0.522993086096	0.520318771114	4	1417	1	
60	0	33	step_1_no_load	1	2	1	959	
60	0	33	step_2_no_load	5	6	0.618000238621	0.611700032906	5	1125	1	
60	0	34	step_1_no_load	1	2	1	947	
60	0	34	step_2_no_load	3	4	0.538523758058	0.454565258478	4	1387	0	
60	0	35	step_1_no_load	1	2	1	743	
60	0	35	step_2_no_load	5	6	0.649776015006	0.566827313385	5	657	1	
60	0	36	step_1_no_load	1	2	1	549	
60	0	36	step_2_no_load	3	4	0.611274573488	0.513210053121	4	1223	1	
60	0	37	step_1_no_load	1	2	1	753	
60	0	37	step_2_no_load	3	4	0.598446394142	0.543074626387	3	1155	0	
60	0	38	step_1_no_load	1	2	1	367	
60	0	38	step_2_no_load	5	6	0.651263699161	0.539078491643	5	776	0	
60	0	39	step_1_no_load	1	2	1	985	
60	0	39	step_2_no_load	5	6	0.634483337633	0.557005857101	-1	-1	-1	
60	0	40	step_1_no_load	1	2	1	819	
60	0	40	step_2_no_load	3	4	0.607992802154	0.5691386571	4	1100	1	
60	0	41	step_1_no_load	1	2	1	346	
60	0	41	step_2_no_load	3	4	0.588857868869	0.583829055298	4	1470	0	
60	0	42	step_1_no_load	1	2	2	899	
60	0	42	step_2_no_load	5	6	0.606696263624	0.533857158543	6	1266	0	
60	0	43	step_1_no_load	1	2	2	655	
60	0	43	step_2_no_load	5	6	0.581931546759	0.553703096215	5	1095	1	
60	0	44	step_1_no_load	1	2	2	559	
60	0	44	step_2_no_load	3	4	0.611481438855	0.537842745081	4	1225	0	
60	0	45	step_1_no_load	1	2	2	415	
60	0	45	step_2_no_load	5	6	0.620699591043	0.579346234508	5	1083	0	
60	0	46	step_1_no_load	1	2	2	695	
60	0	46	step_2_no_load	3	4	0.600964500555	0.532238720495	4	1467	0	
60	0	47	step_1_no_load	1	2	1	960	
60	0	47	step_2_no_load	3	4	0.598724660986	0.493112702321	3	936	0	
60	0	48	step_1_no_load	1	2	1	480	
60	0	48	step_2_no_load	3	4	0.615767119776	0.488280685105	3	110	1	
60	0	49	step_1_no_load	1	2	1	652	
60	0	49	step_2_no_load	5	6	0.614679490594	0.512405963374	6	1383	0	
60	0	50	step_1_no_load	1	2	1	609	
60	0	50	step_2_no_load	3	4	0.606862017918	0.47381367271	3	820	0	
60	0	51	step_1_no_load	1	2	1	427	
60	0	51	step_2_no_load	3	4	0.564866799699	0.469943944943	4	1349	1	
60	0	52	step_1_no_load	1	2	1	492	
60	0	52	step_2_no_load	3	4	0.539065404057	0.429622901875	3	1280	0	
60	0	53	step_1_no_load	1	2	1	377	
60	0	53	step_2_no_load	3	4	0.551457882502	0.451905460347	3	1397	1	
60	0	54	step_1_no_load	1	2	1	402	
60	0	54	step_2_no_load	3	4	0.570223904064	0.491512498697	3	12	1	
60	0	55	step_1_no_load	1	2	1	431	
60	0	55	step_2_no_load	5	6	0.639840796975	0.526704292526	6	1378	0	
60	0	56	step_1_no_load	1	2	1	841	
60	0	56	step_2_no_load	5	6	0.60038825769	0.538512915562	-1	-1	-1	
60	0	57	step_1_no_load	1	2	2	955	
60	0	57	step_2_no_load	3	4	0.641849303307	0.466449077359	3	1358	1	
60	0	58	step_1_no_load	1	2	2	651	
60	0	58	step_2_no_load	5	6	0.610896130115	0.528376440027	6	26	0	
60	0	59	step_1_no_load	1	2	2	456	
60	0	59	step_2_no_load	5	6	0.608951267756	0.537400760025	5	1035	0	
60	0	60	step_1_no_load	1	2	1	1256	
60	0	60	step_2_no_load	3	4	0.623687406259	0.491916707098	3	1034	0	
60	0	61	step_1_no_load	1	2	1	639	
60	0	61	step_2_no_load	3	4	0.669587072502	0.464268875813	3	907	1	
60	0	62	step_1_no_load	1	2	1	620	
60	0	62	step_2_no_load	3	4	0.691137204746	0.50724109756	4	1054	0	
60	0	63	step_1_no_load	1	2	1	696	
60	0	63	step_2_no_load	5	6	0.642623127313	0.519445130796	-1	-1	-1	
60	0	64	step_1_no_load	1	2	1	1351	
60	0	64	step_2_no_load	3	4	0.642369708469	0.555062911513	3	917	0	
60	0	65	step_1_no_load	1	2	1	757	
60	0	65	step_2_no_load	3	4	0.612660225018	0.569109504048	4	1308	0	
60	0	66	step_1_no_load	1	2	1	768	
60	0	66	step_2_no_load	5	6	0.630357351236	0.555324764318	-1	-1	-1	
60	0	67	step_1_no_load	1	2	1	826	
60	0	67	step_2_no_load	3	4	0.597650193897	0.542076810516	3	633	1	
60	0	68	step_1_no_load	1	2	1	677	
60	0	68	step_2_no_load	3	4	0.622963076372	0.509127161919	3	753	0	
60	0	69	step_1_no_load	1	2	1	437	
60	0	69	step_2_no_load	3	4	0.622221685203	0.499137600991	3	669	1	
60	0	70	step_1_no_load	1	2	1	664	
60	0	70	step_2_no_load	5	6	0.697741832068	0.548075770764	6	999	1	
60	0	71	step_1_no_load	1	2	1	608	
60	0	71	step_2_no_load	3	4	0.639174917797	0.482863323776	3	1100	1	
60	0	72	step_1_no_load	1	2	1	754	
60	0	72	step_2_no_load	3	4	0.626024641967	0.47409116389	3	1049	1	
60	0	73	step_1_no_load	1	2	1	617	
60	0	73	step_2_no_load	3	4	0.657126403029	0.435957313805	3	808	1	
60	0	74	step_1_no_load	1	2	1	583	
60	0	74	step_2_no_load	5	6	0.693624670847	0.491044983779	6	1102	1	
60	0	75	step_1_no_load	1	2	2	1186	
60	0	75	step_2_no_load	5	6	0.697629587097	0.483983914712	6	1038	0	
60	0	76	step_1_no_load	1	2	1	475	
60	0	76	step_2_no_load	5	6	0.690117652944	0.518881389358	5	1070	1	
60	0	77	step_1_no_load	1	2	1	1240	
60	0	77	step_2_no_load	5	6	0.679737625371	0.538119616568	6	1094	0	
60	0	78	step_1_no_load	1	2	1	672	
60	0	78	step_2_no_load	5	6	0.647586191228	0.538654072849	6	1000	1	
60	0	79	step_1_no_load	1	2	1	847	
60	0	79	step_2_no_load	3	4	0.513695512795	0.389124152368	3	630	1	
60	0	80	step_1_no_load	1	2	1	595	
60	0	80	step_2_no_load	3	4	0.518583383166	0.396016175285	3	636	1	
60	0	81	step_1_no_load	1	2	1	484	
60	0	81	step_2_no_load	3	4	0.529745690463	0.419265522488	3	571	0	
60	0	82	step_1_no_load	1	2	1	710	
60	0	82	step_2_no_load	5	6	0.688340116885	0.482727017837	5	1168	0	
60	0	83	step_1_no_load	1	2	1	561	
60	0	83	step_2_no_load	3	4	0.607907985871	0.382772464038	3	811	1	
60	0	84	step_1_no_load	1	2	1	451	
60	0	84	step_2_no_load	3	4	0.65843840156	0.385087938645	3	692	1	
60	0	85	step_1_no_load	1	2	1	419	
60	0	85	step_2_no_load	5	6	0.712989604416	0.485785534744	5	621	1	
60	0	86	step_1_no_load	1	2	1	419	
60	0	86	step_2_no_load	3	4	0.691782850001	0.345323068124	3	1031	0	
60	0	87	step_1_no_load	1	2	1	402	
60	0	87	step_2_no_load	3	4	0.719375344246	0.40000499778	3	942	1	
60	0	88	step_1_no_load	1	2	1	568	
60	0	88	step_2_no_load	5	6	0.696773608304	0.509563243675	5	1245	1	
60	0	89	step_1_no_load	1	2	1	998	
60	0	89	step_2_no_load	3	4	0.690772436485	0.415882489686	3	755	1	
60	0	90	step_1_no_load	1	2	1	618	
60	0	90	step_2_no_load	5	6	0.688736868033	0.530126112124	6	1128	1	
60	0	91	step_1_no_load	1	2	1	696	
60	0	91	step_2_no_load	5	6	0.657820521772	0.479087223222	5	1071	1	
60	0	92	step_1_no_load	1	2	1	910	
60	0	92	step_2_no_load	5	6	0.679381608313	0.484260039873	6	1119	1	
60	0	93	step_1_no_load	1	2	1	675	
60	0	93	step_2_no_load	3	4	0.70415710998	0.439878153082	4	804	1	
60	0	94	step_1_no_load	1	2	1	604	
60	0	94	step_2_no_load	3	4	0.719464414227	0.429211756872	4	1102	0	
60	0	95	step_1_no_load	1	2	1	836	
60	0	95	step_2_no_load	3	4	0.715495469274	0.427150666411	3	1014	1	
60	0	96	step_1_no_load	1	2	1	671	
60	0	96	step_2_no_load	3	4	0.693739812506	0.383038640121	3	733	1	
60	0	97	step_1_no_load	1	2	1	756	
60	0	97	step_2_no_load	5	6	0.651202057411	0.455601814112	5	1060	1	
60	0	98	step_1_no_load	1	2	1	756	
60	0	98	step_2_no_load	3	4	0.70287861952	0.409778171713	3	807	1	
60	0	99	step_1_no_load	1	2	1	547	
60	0	99	step_2_no_load	3	4	0.673709850038	0.397561363605	4	1372	1	
60	0	100	step_1_no_load	1	2	1	867	
60	0	100	step_2_no_load	3	4	0.666227451505	0.4333505304	4	1028	0	
60	0	101	step_1_no_load	1	2	1	774	
60	0	101	step_2_no_load	3	4	0.623812401974	0.497432607584	3	784	0	
60	0	102	step_1_no_load	1	2	1	419	
60	0	102	step_2_no_load	3	4	0.666304534392	0.494584754513	4	889	1	
60	0	103	step_1_no_load	1	2	1	651	
60	0	103	step_2_no_load	3	4	0.663997796029	0.481975449893	4	948	1	
60	0	104	step_1_no_load	1	2	1	635	
60	0	104	step_2_no_load	5	6	0.743372642809	0.303696146503	5	1149	1	
60	0	105	step_1_no_load	1	2	1	594	
60	0	105	step_2_no_load	3	4	0.689135357059	0.514318365187	3	1022	1	
60	0	106	step_1_no_load	1	2	1	572	
60	0	106	step_2_no_load	3	4	0.712883638252	0.508908032404	3	895	0	
60	0	107	step_1_no_load	1	2	1	727	
60	0	107	step_2_no_load	5	6	0.677514185929	0.388257337796	6	615	1	
60	0	108	step_1_no_load	1	2	1	757	
60	0	108	step_2_no_load	3	4	0.695928523711	0.526955028982	3	1407	1	
60	0	109	step_1_no_load	1	2	2	469	
60	0	109	step_2_no_load	3	4	0.71632547018	0.479977531501	4	1162	0	
60	0	110	step_1_no_load	1	2	1	927	
60	0	110	step_2_no_load	3	4	0.729599891941	0.432626681236	3	811	0	
60	0	111	step_1_no_load	1	2	1	647	
60	0	111	step_2_no_load	3	4	0.724852671171	0.384948378665	3	843	0	
60	0	112	step_1_no_load	1	2	2	845	
60	0	112	step_2_no_load	5	6	0.635252945963	0.413393106784	5	564	1	
60	0	113	step_1_no_load	1	2	2	719	
60	0	113	step_2_no_load	5	6	0.634627459817	0.387112818105	6	951	0	
60	0	114	step_1_no_load	1	2	2	633	
60	0	114	step_2_no_load	5	6	0.657654904272	0.384736699284	6	1033	1	
60	0	115	step_1_no_load	1	2	2	648	
60	0	115	step_2_no_load	3	4	0.739704344621	0.390027643099	3	1278	1	
60	0	116	step_1_no_load	1	2	1	492	
60	0	116	step_2_no_load	5	6	0.680124293449	0.369438791876	6	1351	0	
60	0	117	step_1_no_load	1	2	2	851	
60	0	117	step_2_no_load	5	6	0.671842537277	0.363056877927	6	956	0	
60	0	118	step_1_no_load	1	2	1	658	
60	0	118	step_2_no_load	5	6	0.690484235012	0.362977115924	5	1090	1	
60	0	119	step_1_no_load	1	2	1	664	
60	0	119	step_2_no_load	5	6	0.661177321751	0.358243439099	6	938	1	
60	0	120	step_1_no_load	1	2	2	923	
60	0	120	step_2_no_load	3	4	0.70587238626	0.370150243662	4	1221	0	
60	0	121	step_1_no_load	1	2	2	1067	
60	0	121	step_2_no_load	3	4	0.658856304095	0.352721767208	4	1236	1	
60	0	122	step_1_no_load	1	2	2	606	
60	0	122	step_2_no_load	3	4	0.6136886145	0.329624572119	3	1294	1	
60	0	123	step_1_no_load	1	2	2	467	
60	0	123	step_2_no_load	5	6	0.664849878232	0.269780614928	5	628	1	
60	0	124	step_1_no_load	1	2	2	482	
60	0	124	step_2_no_load	5	6	0.624161788269	0.26095206597	6	878	0	
60	0	125	step_1_no_load	1	2	1	873	
60	0	125	step_2_no_load	5	6	0.633566302563	0.290374841566	6	1325	0	
60	0	126	step_1_no_load	1	2	1	607	
60	0	126	step_2_no_load	5	6	0.600985760967	0.267206368684	5	1165	1	
60	0	127	step_1_no_load	1	2	1	683	
60	0	127	step_2_no_load	3	4	0.560824094575	0.274944938508	4	1262	0	
60	0	128	step_1_no_load	1	2	1	357	
60	0	128	step_2_no_load	5	6	0.620672334996	0.260252451606	6	1395	0	
60	0	129	step_1_no_load	1	2	1	394	
60	0	129	step_2_no_load	5	6	0.632682846317	0.268213321963	5	937	0	
60	0	130	step_1_no_load	1	2	1	475	
60	0	130	step_2_no_load	3	4	0.682031489739	0.274560758494	3	838	1	
60	0	131	step_1_no_load	1	2	1	460	
60	0	131	step_2_no_load	3	4	0.678044920845	0.311475039155	4	976	0	
60	0	132	step_1_no_load	1	2	1	398	
60	0	132	step_2_no_load	3	4	0.668578020634	0.315328810424	4	1117	0	
60	0	133	step_1_no_load	1	2	1	715	
60	0	133	step_2_no_load	3	4	0.617383991623	0.312642735495	4	1199	1	
60	0	134	step_1_no_load	1	2	1	918	
60	0	134	step_2_no_load	5	6	0.685529359147	0.287393715313	6	1348	0	
60	0	135	step_1_no_load	1	2	1	800	
60	0	135	step_2_no_load	3	4	0.593710006149	0.287118934166	4	1261	0	
60	0	136	step_1_no_load	1	2	1	661	
60	0	136	step_2_no_load	3	4	0.597814413435	0.284521085726	3	1163	1	
60	0	137	step_1_no_load	1	2	1	785	
60	0	137	step_2_no_load	3	4	0.605896884497	0.325016613024	4	1167	0	
60	0	138	step_1_no_load	1	2	2	645	
60	0	138	step_2_no_load	3	4	0.63240964674	0.307694123906	4	1135	0	
60	0	139	step_1_no_load	1	2	1	859	
60	0	139	step_2_no_load	3	4	0.636630981281	0.323660750961	3	821	0	
60	0	140	step_1_no_load	1	2	1	809	
60	0	140	step_2_no_load	3	4	0.671213945178	0.328174526491	4	1040	1	
60	0	141	step_1_no_load	1	2	1	718	
60	0	141	step_2_no_load	3	4	0.711987889705	0.311809871418	4	1165	0	
60	0	142	step_1_no_load	1	2	1	648	
60	0	142	step_2_no_load	3	4	0.690276058009	0.304203281606	3	1423	0	
60	0	143	step_1_no_load	1	2	1	539	
60	0	143	step_2_no_load	5	6	0.610219102298	0.410970957547	5	1160	0	
60	0	144	step_1_no_load	1	2	1	731	
60	0	144	step_2_no_load	3	4	0.626443722248	0.275932517017	3	1124	1	
60	0	145	step_1_no_load	1	2	1	424	
60	0	145	step_2_no_load	3	4	0.6669125229	0.266265924094	3	897	1	
60	0	146	step_1_no_load	1	2	1	499	
60	0	146	step_2_no_load	3	4	0.681611991725	0.257861956214	3	948	1	
60	0	147	step_1_no_load	1	2	1	597	
60	0	147	step_2_no_load	3	4	0.647798886916	0.265578160642	3	1183	1	
60	0	148	step_1_no_load	1	2	1	432	
60	0	148	step_2_no_load	3	4	0.619272702026	0.305288021243	3	765	0	
60	0	149	step_1_no_load	1	2	1	493	
60	0	149	step_2_no_load	3	4	0.601870110183	0.269951834184	3	1171	1	
60	0	150	step_1_no_load	1	2	1	420	
60	0	150	step_2_no_load	3	4	0.575985663078	0.305587692243	4	808	0	
60	0	151	step_1_no_load	1	2	1	529	
60	0	151	step_2_no_load	3	4	0.59154759351	0.348172164421	3	711	0	
60	0	152	step_1_no_load	1	2	1	429	
60	0	152	step_2_no_load	5	6	0.644204174791	0.323194010514	6	1184	1	
60	0	153	step_1_no_load	1	2	1	915	
60	0	153	step_2_no_load	3	4	0.613336203392	0.309356532263	3	853	1	
60	0	154	step_1_no_load	1	2	1	631	
60	0	154	step_2_no_load	3	4	0.638934099562	0.316375537537	-1	-1	-1	
60	0	155	step_1_no_load	1	2	1	691	
60	0	155	step_2_no_load	3	4	0.632486591889	0.296093457977	4	797	1	
60	0	156	step_1_no_load	1	2	1	401	
60	0	156	step_2_no_load	5	6	0.734436160799	0.368378667812	5	1179	1	
60	0	157	step_1_no_load	1	2	1	535	
60	0	157	step_2_no_load	3	4	0.585191807512	0.350909357271	3	892	0	
60	0	158	step_1_no_load	1	2	1	428	
60	0	158	step_2_no_load	3	4	0.532722108502	0.408728803896	4	1079	0	
60	0	159	step_1_no_load	1	2	2	647	
60	0	159	step_2_no_load	5	6	0.697903160072	0.321150411254	5	757	1	
60	0	160	step_1_no_load	1	2	2	461	
60	0	160	step_2_no_load	3	4	0.521229931064	0.415052912783	4	1108	0	
60	0	161	step_1_no_load	1	2	2	350	
60	0	161	step_2_no_load	5	6	0.719896286569	0.438878285506	6	711	0	
60	0	162	step_1_no_load	1	2	1	867	
60	0	162	step_2_no_load	5	6	0.695144769903	0.455329532209	-1	-1	-1	
60	0	163	step_1_no_load	1	2	2	920	
60	0	163	step_2_no_load	5	6	0.697095951435	0.430920885959	5	596	0	
60	0	164	step_1_no_load	1	2	2	920	
60	0	164	step_2_no_load	3	4	0.585961845322	0.432761720497	4	1192	0	
60	0	165	step_1_no_load	1	2	1	635	
60	0	165	step_2_no_load	3	4	0.538026607649	0.463777557969	3	814	0	
60	0	166	step_1_no_load	1	2	1	570	
60	0	166	step_2_no_load	3	4	0.549095060025	0.422282731054	3	1262	1	
60	0	167	step_1_no_load	1	2	1	709	
60	0	167	step_2_no_load	3	4	0.585131062446	0.38753671275	3	1093	0	
60	0	168	step_1_no_load	1	2	1	501	
60	0	168	step_2_no_load	5	6	0.67192508984	0.335777599654	-1	-1	-1	
60	0	169	step_1_no_load	1	2	1	609	
60	0	169	step_2_no_load	5	6	0.704981910944	0.365156560071	5	949	0	
60	0	170	step_1_no_load	1	2	1	718	
60	0	170	step_2_no_load	3	4	0.57151385403	0.411067820436	4	773	1	
60	0	171	step_1_no_load	1	2	1	678	
60	0	171	step_2_no_load	3	4	0.553314431843	0.386979310814	3	759	0	
60	0	172	step_1_no_load	1	2	1	452	
60	0	172	step_2_no_load	3	4	0.519090471457	0.363617002148	4	909	0	
60	0	173	step_1_no_load	1	2	1	603	
60	0	173	step_2_no_load	3	4	0.484428109849	0.385349297983	3	720	1	
60	0	174	step_1_no_load	1	2	1	724	
60	0	174	step_2_no_load	3	4	0.472729524832	0.387867297446	3	855	1	
60	0	175	step_1_no_load	1	2	1	409	
60	0	175	step_2_no_load	3	4	0.52644949356	0.426185553904	4	1037	1	
60	0	176	step_1_no_load	1	2	1	663	
60	0	176	step_2_no_load	3	4	0.474046874473	0.383231572002	3	1067	0	
60	0	177	step_1_no_load	1	2	1	634	
60	0	177	step_2_no_load	3	4	0.501268576771	0.357425668099	3	790	1	
60	0	178	step_1_no_load	1	2	1	465	
60	0	178	step_2_no_load	5	6	0.705993797498	0.49020858644	6	986	1	
60	0	179	step_1_no_load	1	2	1	764	
60	0	179	step_2_no_load	3	4	0.457298770028	0.324685418097	3	808	0	
60	0	180	step_1_no_load	1	2	-1	-1	
60	0	181	step_1_no_load	1	2	1	415	
60	0	181	step_2_no_load	3	4	0.508735114046	0.342402764747	3	533	1	
60	0	182	step_1_no_load	1	2	1	644	
60	0	182	step_2_no_load	5	6	0.72717560423	0.49907747228	5	1330	1	
60	0	183	step_1_no_load	1	2	1	375	
60	0	183	step_2_no_load	5	6	0.720388040749	0.492742497507	6	891	0	
60	0	184	step_1_no_load	1	2	1	396	
60	0	184	step_2_no_load	3	4	0.460890977786	0.362743255194	3	783	1	
60	0	185	step_1_no_load	1	2	1	335	
60	0	185	step_2_no_load	3	4	0.479703516092	0.362611152222	3	688	0	
60	0	186	step_1_no_load	1	2	1	410	
60	0	186	step_2_no_load	3	4	0.46870859828	0.332733011923	3	1093	1	
60	0	187	step_1_no_load	1	2	1	474	
60	0	187	step_2_no_load	3	4	0.443962917772	0.328890769988	3	998	0	
60	0	188	step_1_no_load	1	2	1	362	
60	0	188	step_2_no_load	3	4	0.471319680586	0.291508050861	3	1198	0	
60	0	189	step_1_no_load	1	2	1	472	
60	0	189	step_2_no_load	3	4	0.448897869069	0.285168135955	3	899	1	
60	0	190	step_1_no_load	1	2	1	472	
60	0	190	step_2_no_load	3	4	0.433568856946	0.304557739386	3	1047	1	
60	0	191	step_1_no_load	1	2	1	544	
60	0	191	step_2_no_load	3	4	0.435748387321	0.318839908867	3	1102	0	
60	0	192	step_1_no_load	1	2	1	510	
60	0	192	step_2_no_load	5	6	0.705517419189	0.493851022417	6	1092	1	
60	0	193	step_1_no_load	1	2	1	856	
60	0	193	step_2_no_load	5	6	0.679792491164	0.504944704439	5	1077	1	
60	0	194	step_1_no_load	1	2	1	387	
60	0	194	step_2_no_load	3	4	0.433250459893	0.342437174514	3	1017	0	
60	0	195	step_1_no_load	1	2	1	568	
60	0	195	step_2_no_load	5	6	0.646280688878	0.494102184238	6	1296	0	
60	0	196	step_1_no_load	1	2	1	861	
60	0	196	step_2_no_load	3	4	0.421761207498	0.365373286058	4	1102	0	
60	0	197	step_1_no_load	1	2	1	801	
60	0	197	step_2_no_load	3	4	0.422511153127	0.316987700969	3	579	1	
60	0	198	step_1_no_load	1	2	1	653	
60	0	198	step_2_no_load	3	4	0.397292432346	0.303352625941	4	1288	0	
60	0	199	step_1_no_load	1	2	1	495	
60	0	199	step_2_no_load	3	4	0.39793773834	0.292861528884	3	1014	1	
60	0	200	step_1_no_load	1	2	1	555	
60	0	200	step_2_no_load	3	4	0.372436949782	0.299128796668	3	1054	1	

Mon Feb  6 11:50:43 2017
