Mon Feb  6 13:48:52 2017	
61	0	1	step_1_no_load	1	2	1	790	
61	0	1	step_2_no_load	3	4	0.511789129507	0.594299910136	3	804	1	
61	0	2	step_1_no_load	1	2	1	595	
61	0	2	step_2_no_load	5	6	0.580156942153	0.474613197709	6	779	1	
61	0	3	step_1_no_load	1	2	2	676	
61	0	3	step_2_no_load	5	6	0.584197065669	0.476767372206	6	929	0	
61	0	4	step_1_no_load	1	2	-1	-1	
61	0	5	step_1_no_load	1	2	1	340	
61	0	5	step_2_no_load	3	4	0.543908521457	0.576104915614	3	297	0	
61	0	6	step_1_no_load	1	2	1	497	
61	0	6	step_2_no_load	3	4	0.490454120702	0.603642866427	4	559	1	
61	0	7	step_1_no_load	1	2	1	606	
61	0	7	step_2_no_load	3	4	0.506408070053	0.622642364361	4	416	1	
61	0	8	step_1_no_load	1	2	1	959	
61	0	8	step_2_no_load	3	4	0.499203529332	0.624210374623	4	760	1	
61	0	9	step_1_no_load	1	2	1	744	
61	0	9	step_2_no_load	3	4	0.54429228266	0.641106877158	4	645	1	
61	0	10	step_1_no_load	1	2	1	498	
61	0	10	step_2_no_load	3	4	0.576063520885	0.636063269715	4	734	1	
61	0	11	step_1_no_load	1	2	1	459	
61	0	11	step_2_no_load	5	6	0.69163818036	0.477013315682	-1	-1	-1	
61	0	12	step_1_no_load	1	2	1	1111	
61	0	12	step_2_no_load	3	4	0.597131918027	0.552770607849	4	667	1	
61	0	13	step_1_no_load	1	2	1	552	
61	0	13	step_2_no_load	3	4	0.595790490356	0.558313135925	4	921	1	
61	0	14	step_1_no_load	1	2	1	555	
61	0	14	step_2_no_load	5	6	0.629137942344	0.491234392147	5	857	0	
61	0	15	step_1_no_load	1	2	1	478	
61	0	15	step_2_no_load	3	4	0.633564630036	0.570419113221	4	339	0	
61	0	16	step_1_no_load	1	2	1	396	
61	0	16	step_2_no_load	3	4	0.626326396372	0.553308964466	3	297	1	
61	0	17	step_1_no_load	1	2	1	556	
61	0	17	step_2_no_load	5	6	0.633350170016	0.535958400205	6	969	1	
61	0	18	step_1_no_load	1	2	2	579	
61	0	18	step_2_no_load	5	6	0.626834332012	0.517514133912	6	515	1	
61	0	19	step_1_no_load	1	2	2	690	
61	0	19	step_2_no_load	5	6	0.619895761657	0.498240186199	6	807	0	
61	0	20	step_1_no_load	1	2	2	398	
61	0	20	step_2_no_load	5	6	0.636521555122	0.478025448397	5	429	1	
61	0	21	step_1_no_load	1	2	2	618	
61	0	21	step_2_no_load	3	4	0.611328949295	0.470207377245	4	1404	1	
61	0	22	step_1_no_load	1	2	1	436	
61	0	22	step_2_no_load	5	6	0.621949894727	0.506100011497	6	1206	0	
61	0	23	step_1_no_load	1	2	1	585	
61	0	23	step_2_no_load	3	4	0.604065470975	0.513759772011	4	633	1	
61	0	24	step_1_no_load	1	2	1	592	
61	0	24	step_2_no_load	5	6	0.582115115688	0.505388876622	5	562	1	
61	0	25	step_1_no_load	1	2	2	401	
61	0	25	step_2_no_load	5	6	0.565698722896	0.503316372362	5	455	1	
61	0	26	step_1_no_load	1	2	2	387	
61	0	26	step_2_no_load	5	6	0.592410219737	0.511744353778	5	770	0	
61	0	27	step_1_no_load	1	2	2	284	
61	0	27	step_2_no_load	5	6	0.57860777711	0.507272671939	6	502	0	
61	0	28	step_1_no_load	1	2	1	289	
61	0	28	step_2_no_load	3	4	0.647441527317	0.553259388875	3	772	0	
61	0	29	step_1_no_load	1	2	1	379	
61	0	29	step_2_no_load	3	4	0.618626354124	0.561957580386	4	334	0	
61	0	30	step_1_no_load	1	2	1	269	
61	0	30	step_2_no_load	3	4	0.610227092493	0.574272497114	3	286	1	
61	0	31	step_1_no_load	1	2	1	303	
61	0	31	step_2_no_load	5	6	0.636602545794	0.483156722265	6	865	1	
61	0	32	step_1_no_load	1	2	2	726	
61	0	32	step_2_no_load	5	6	0.634585171267	0.520318771114	6	460	1	
61	0	33	step_1_no_load	1	2	2	506	
61	0	33	step_2_no_load	5	6	0.611700032906	0.487664344039	6	374	1	
61	0	34	step_1_no_load	1	2	2	411	
61	0	34	step_2_no_load	3	4	0.670290552209	0.538523758058	3	1147	1	
61	0	35	step_1_no_load	1	2	1	790	
61	0	35	step_2_no_load	3	4	0.649776015006	0.594167768198	3	310	1	
61	0	36	step_1_no_load	1	2	1	654	
61	0	36	step_2_no_load	3	4	0.661229326326	0.611274573488	3	438	1	
61	0	37	step_1_no_load	1	2	1	603	
61	0	37	step_2_no_load	3	4	0.660658056664	0.598446394142	3	454	1	
61	0	38	step_1_no_load	1	2	1	654	
61	0	38	step_2_no_load	3	4	0.651263699161	0.595113730206	3	599	1	
61	0	39	step_1_no_load	1	2	1	476	
61	0	39	step_2_no_load	3	4	0.634483337633	0.610601635554	3	548	0	
61	0	40	step_1_no_load	1	2	1	814	
61	0	40	step_2_no_load	3	4	0.636994900683	0.607992802154	4	691	1	
61	0	41	step_1_no_load	1	2	2	402	
61	0	41	step_2_no_load	3	4	0.633285941184	0.588857868869	4	505	1	
61	0	42	step_1_no_load	1	2	2	548	
61	0	42	step_2_no_load	5	6	0.533857158543	0.553461946234	6	743	1	
61	0	43	step_1_no_load	1	2	2	618	
61	0	43	step_2_no_load	5	6	0.553703096215	0.548128010644	6	555	0	
61	0	44	step_1_no_load	1	2	-1	-1	
61	0	45	step_1_no_load	1	2	1	429	
61	0	45	step_2_no_load	3	4	0.620699591043	0.632991467829	3	256	1	
61	0	46	step_1_no_load	1	2	1	340	
61	0	46	step_2_no_load	3	4	0.654261318712	0.600964500555	3	360	1	
61	0	47	step_1_no_load	1	2	1	410	
61	0	47	step_2_no_load	5	6	0.546259467838	0.493112702321	6	1004	1	
61	0	48	step_1_no_load	1	2	2	391	
61	0	48	step_2_no_load	3	4	0.657624935632	0.615767119776	4	349	1	
61	0	49	step_1_no_load	1	2	2	803	
61	0	49	step_2_no_load	3	4	0.614679490594	0.610193185592	3	1228	1	
61	0	50	step_1_no_load	1	2	1	779	
61	0	50	step_2_no_load	5	6	0.481616544184	0.47381367271	6	917	1	
61	0	51	step_1_no_load	1	2	1	291	
61	0	51	step_2_no_load	3	4	0.613357430892	0.564866799699	3	645	0	
61	0	52	step_1_no_load	1	2	2	538	
61	0	52	step_2_no_load	5	6	0.513589895419	0.429622901875	6	310	1	
61	0	53	step_1_no_load	1	2	2	350	
61	0	53	step_2_no_load	5	6	0.475342927439	0.451905460347	6	641	0	
61	0	54	step_1_no_load	1	2	1	504	
61	0	54	step_2_no_load	5	6	0.493362545513	0.491512498697	6	839	0	
61	0	55	step_1_no_load	1	2	1	573	
61	0	55	step_2_no_load	3	4	0.639840796975	0.574045915747	3	516	1	
61	0	56	step_1_no_load	1	2	1	539	
61	0	56	step_2_no_load	3	4	0.60038825769	0.601856598146	3	407	1	
61	0	57	step_1_no_load	1	2	1	373	
61	0	57	step_2_no_load	3	4	0.586335094239	0.641849303307	3	375	1	
61	0	58	step_1_no_load	1	2	1	351	
61	0	58	step_2_no_load	5	6	0.528376440027	0.478335218822	6	790	1	
61	0	59	step_1_no_load	1	2	1	481	
61	0	59	step_2_no_load	3	4	0.608951267756	0.632500293208	3	408	0	
61	0	60	step_1_no_load	1	2	1	413	
61	0	60	step_2_no_load	5	6	0.479287247283	0.491916707098	5	210	1	
61	0	61	step_1_no_load	1	2	2	552	
61	0	61	step_2_no_load	3	4	0.602879526975	0.669587072502	3	772	0	
61	0	62	step_1_no_load	1	2	2	570	
61	0	62	step_2_no_load	5	6	0.533031417444	0.50724109756	6	636	0	
61	0	63	step_1_no_load	1	2	1	444	
61	0	63	step_2_no_load	3	4	0.642623127313	0.664284493458	4	456	0	
61	0	64	step_1_no_load	1	2	1	453	
61	0	64	step_2_no_load	5	6	0.533849886794	0.555062911513	5	211	1	
61	0	65	step_1_no_load	1	2	1	483	
61	0	65	step_2_no_load	5	6	0.517687993213	0.569109504048	6	1380	1	
61	0	66	step_1_no_load	1	2	1	550	
61	0	66	step_2_no_load	5	6	0.555324764318	0.573761869714	6	781	0	
61	0	67	step_1_no_load	1	2	1	853	
61	0	67	step_2_no_load	3	4	0.674463681351	0.597650193897	3	350	0	
61	0	68	step_1_no_load	1	2	1	640	
61	0	68	step_2_no_load	3	4	0.719455209845	0.622963076372	3	792	1	
61	0	69	step_1_no_load	1	2	1	568	
61	0	69	step_2_no_load	5	6	0.560462111264	0.499137600991	6	712	1	
61	0	70	step_1_no_load	1	2	2	271	
61	0	70	step_2_no_load	5	6	0.548075770764	0.498834901463	6	394	0	
61	0	71	step_1_no_load	1	2	2	279	
61	0	71	step_2_no_load	5	6	0.546215110045	0.482863323776	5	463	1	
61	0	72	step_1_no_load	1	2	2	402	
61	0	72	step_2_no_load	3	4	0.705884789502	0.626024641967	3	1186	0	
61	0	73	step_1_no_load	1	2	2	362	
61	0	73	step_2_no_load	5	6	0.50185699984	0.435957313805	6	705	0	
61	0	74	step_1_no_load	1	2	1	257	
61	0	74	step_2_no_load	3	4	0.693624670847	0.614462146454	3	496	1	
61	0	75	step_1_no_load	1	2	1	362	
61	0	75	step_2_no_load	3	4	0.697629587097	0.615552849174	3	362	1	
61	0	76	step_1_no_load	1	2	1	321	
61	0	76	step_2_no_load	5	6	0.518881389358	0.488583631821	6	746	0	
61	0	77	step_1_no_load	1	2	2	824	
61	0	77	step_2_no_load	5	6	0.538119616568	0.446809557226	6	689	0	
61	0	78	step_1_no_load	1	2	2	383	
61	0	78	step_2_no_load	5	6	0.538654072849	0.435911167612	5	192	0	
61	0	79	step_1_no_load	1	2	2	223	
61	0	79	step_2_no_load	5	6	0.540085062695	0.389124152368	6	242	1	
61	0	80	step_1_no_load	1	2	2	377	
61	0	80	step_2_no_load	5	6	0.49921021142	0.396016175285	6	484	0	
61	0	81	step_1_no_load	1	2	1	340	
61	0	81	step_2_no_load	3	4	0.702400933084	0.529745690463	3	234	1	
61	0	82	step_1_no_load	1	2	1	254	
61	0	82	step_2_no_load	3	4	0.688340116885	0.564729328387	3	345	0	
61	0	83	step_1_no_load	1	2	1	342	
61	0	83	step_2_no_load	5	6	0.483255412498	0.382772464038	5	1153	0	
61	0	84	step_1_no_load	1	2	1	248	
61	0	84	step_2_no_load	5	6	0.505586222209	0.385087938645	6	656	1	
61	0	85	step_1_no_load	1	2	1	713	
61	0	85	step_2_no_load	3	4	0.712989604416	0.692384972752	3	627	1	
61	0	86	step_1_no_load	1	2	1	377	
61	0	86	step_2_no_load	3	4	0.721207648497	0.691782850001	4	356	1	
61	0	87	step_1_no_load	1	2	1	346	
61	0	87	step_2_no_load	3	4	0.690012761069	0.719375344246	4	401	1	
61	0	88	step_1_no_load	1	2	1	355	
61	0	88	step_2_no_load	3	4	0.696773608304	0.717410082358	3	411	0	
61	0	89	step_1_no_load	1	2	1	480	
61	0	89	step_2_no_load	5	6	0.490019385174	0.415882489686	6	813	1	
61	0	90	step_1_no_load	1	2	1	614	
61	0	90	step_2_no_load	3	4	0.688736868033	0.712247848046	4	876	1	
61	0	91	step_1_no_load	1	2	1	404	
61	0	91	step_2_no_load	3	4	0.657820521772	0.685023809334	4	587	1	
61	0	92	step_1_no_load	1	2	1	410	
61	0	92	step_2_no_load	5	6	0.484260039873	0.444368850664	5	1031	1	
61	0	93	step_1_no_load	1	2	2	599	
61	0	93	step_2_no_load	3	4	0.662863370634	0.70415710998	3	258	0	
61	0	94	step_1_no_load	1	2	2	453	
61	0	94	step_2_no_load	5	6	0.468637558205	0.429211756872	6	852	1	
61	0	95	step_1_no_load	1	2	2	283	
61	0	95	step_2_no_load	3	4	0.640209855442	0.715495469274	3	931	0	
61	0	96	step_1_no_load	1	2	2	44	
61	0	96	step_2_no_load	5	6	0.437558890646	0.383038640121	6	349	0	
61	0	97	step_1_no_load	1	2	2	238	
61	0	97	step_2_no_load	5	6	0.455601814112	0.392885664353	5	374	0	
61	0	98	step_1_no_load	1	2	2	294	
61	0	98	step_2_no_load	3	4	0.646040060297	0.70287861952	4	1127	1	
61	0	99	step_1_no_load	1	2	2	752	
61	0	99	step_2_no_load	3	4	0.645191748454	0.673709850038	4	771	1	
61	0	100	step_1_no_load	1	2	2	638	
61	0	100	step_2_no_load	5	6	0.363162156005	0.4333505304	5	973	0	
61	0	101	step_1_no_load	1	2	2	419	
61	0	101	step_2_no_load	5	6	0.366879421891	0.497432607584	-1	-1	-1	
61	0	102	step_1_no_load	1	2	1	208	
61	0	102	step_2_no_load	3	4	0.663124617603	0.666304534392	4	786	1	
61	0	103	step_1_no_load	1	2	2	879	
61	0	103	step_2_no_load	3	4	0.69058998368	0.663997796029	4	725	1	
61	0	104	step_1_no_load	1	2	2	488	
61	0	104	step_2_no_load	5	6	0.303696146503	0.521047445908	5	647	0	
61	0	105	step_1_no_load	1	2	1	811	
61	0	105	step_2_no_load	3	4	0.722851301692	0.689135357059	4	715	1	
61	0	106	step_1_no_load	1	2	1	499	
61	0	106	step_2_no_load	3	4	0.699623252899	0.712883638252	4	390	1	
61	0	107	step_1_no_load	1	2	1	325	
61	0	107	step_2_no_load	3	4	0.677514185929	0.692607431435	4	341	1	
61	0	108	step_1_no_load	1	2	1	320	
61	0	108	step_2_no_load	3	4	0.681491063126	0.695928523711	4	342	1	
61	0	109	step_1_no_load	1	2	1	485	
61	0	109	step_2_no_load	3	4	0.68658494263	0.71632547018	4	343	1	
61	0	110	step_1_no_load	1	2	1	237	
61	0	110	step_2_no_load	3	4	0.65455226558	0.729599891941	4	366	0	
61	0	111	step_1_no_load	1	2	2	748	
61	0	111	step_2_no_load	5	6	0.407158158569	0.384948378665	5	790	1	
61	0	112	step_1_no_load	1	2	2	253	
61	0	112	step_2_no_load	3	4	0.635252945963	0.725701866094	3	626	1	
61	0	113	step_1_no_load	1	2	2	573	
61	0	113	step_2_no_load	5	6	0.387112818105	0.370697120277	5	726	0	
61	0	114	step_1_no_load	1	2	1	275	
61	0	114	step_2_no_load	3	4	0.657654904272	0.718213323791	3	275	1	
61	0	115	step_1_no_load	1	2	1	340	
61	0	115	step_2_no_load	5	6	0.357661171116	0.390027643099	6	865	1	
61	0	116	step_1_no_load	1	2	2	243	
61	0	116	step_2_no_load	5	6	0.369438791876	0.378149844807	6	461	1	
61	0	117	step_1_no_load	1	2	2	362	
61	0	117	step_2_no_load	5	6	0.363056877927	0.374621793791	6	306	0	
61	0	118	step_1_no_load	1	2	1	357	
61	0	118	step_2_no_load	5	6	0.362977115924	0.357645851833	5	327	1	
61	0	119	step_1_no_load	1	2	1	375	
61	0	119	step_2_no_load	3	4	0.661177321751	0.690424535099	3	314	0	
61	0	120	step_1_no_load	1	2	1	204	
61	0	120	step_2_no_load	5	6	0.333809617664	0.370150243662	5	401	0	
61	0	121	step_1_no_load	1	2	2	326	
61	0	121	step_2_no_load	3	4	0.671052306195	0.658856304095	4	478	1	
61	0	122	step_1_no_load	1	2	2	343	
61	0	122	step_2_no_load	3	4	0.672193618854	0.6136886145	4	484	0	
61	0	123	step_1_no_load	1	2	2	272	
61	0	123	step_2_no_load	5	6	0.269780614928	0.337526896345	6	399	1	
61	0	124	step_1_no_load	1	2	2	426	
61	0	124	step_2_no_load	5	6	0.26095206597	0.309430836661	6	441	0	
61	0	125	step_1_no_load	1	2	2	376	
61	0	125	step_2_no_load	5	6	0.290374841566	0.303110862715	6	470	0	
61	0	126	step_1_no_load	1	2	1	284	
61	0	126	step_2_no_load	5	6	0.267206368684	0.300846667696	6	213	0	
61	0	127	step_1_no_load	1	2	2	296	
61	0	127	step_2_no_load	3	4	0.646945556251	0.560824094575	4	686	1	
61	0	128	step_1_no_load	1	2	1	330	
61	0	128	step_2_no_load	3	4	0.620672334996	0.636905534066	4	569	0	
61	0	129	step_1_no_load	1	2	1	496	
61	0	129	step_2_no_load	5	6	0.268213321963	0.271709703542	5	785	0	
61	0	130	step_1_no_load	1	2	1	213	
61	0	130	step_2_no_load	3	4	0.630285316669	0.682031489739	3	366	0	
61	0	131	step_1_no_load	1	2	1	217	
61	0	131	step_2_no_load	5	6	0.281500842289	0.311475039155	5	597	0	
61	0	132	step_1_no_load	1	2	2	265	
61	0	132	step_2_no_load	5	6	0.27986961048	0.315328810424	6	289	1	
61	0	133	step_1_no_load	1	2	2	395	
61	0	133	step_2_no_load	5	6	0.315608831386	0.312642735495	6	539	1	
61	0	134	step_1_no_load	1	2	2	294	
61	0	134	step_2_no_load	5	6	0.287393715313	0.302839427162	6	622	0	
61	0	135	step_1_no_load	1	2	1	604	
61	0	135	step_2_no_load	3	4	0.700779221781	0.593710006149	4	679	1	
61	0	136	step_1_no_load	1	2	1	439	
61	0	136	step_2_no_load	3	4	0.674914008636	0.597814413435	4	310	0	
61	0	137	step_1_no_load	1	2	1	299	
61	0	137	step_2_no_load	3	4	0.668540846495	0.605896884497	3	331	0	
61	0	138	step_1_no_load	1	2	1	251	
61	0	138	step_2_no_load	5	6	0.366701525561	0.307694123906	5	4	0	
61	0	139	step_1_no_load	1	2	1	234	
61	0	139	step_2_no_load	3	4	0.696355985729	0.636630981281	3	353	0	
61	0	140	step_1_no_load	1	2	1	279	
61	0	140	step_2_no_load	3	4	0.637682840728	0.671213945178	4	364	1	
61	0	141	step_1_no_load	1	2	1	320	
61	0	141	step_2_no_load	3	4	0.616803346728	0.711987889705	4	510	1	
61	0	142	step_1_no_load	1	2	1	306	
61	0	142	step_2_no_load	3	4	0.627356259123	0.690276058009	4	441	1	
61	0	143	step_1_no_load	1	2	1	326	
61	0	143	step_2_no_load	3	4	0.610219102298	0.661365099615	4	415	1	
61	0	144	step_1_no_load	1	2	1	266	
61	0	144	step_2_no_load	5	6	0.389234194056	0.275932517017	6	983	0	
61	0	145	step_1_no_load	1	2	1	257	
61	0	145	step_2_no_load	5	6	0.355256413269	0.266265924094	5	758	1	
61	0	146	step_1_no_load	1	2	1	382	
61	0	146	step_2_no_load	3	4	0.593778463268	0.681611991725	4	487	0	
61	0	147	step_1_no_load	1	2	1	454	
61	0	147	step_2_no_load	3	4	0.594861186319	0.647798886916	3	532	1	
61	0	148	step_1_no_load	1	2	1	258	
61	0	148	step_2_no_load	3	4	0.648050021239	0.619272702026	3	516	0	
61	0	149	step_1_no_load	1	2	1	228	
61	0	149	step_2_no_load	3	4	0.623203869836	0.601870110183	3	329	1	
61	0	150	step_1_no_load	1	2	1	243	
61	0	150	step_2_no_load	5	6	0.306860041627	0.305587692243	5	709	1	
61	0	151	step_1_no_load	1	2	1	284	
61	0	151	step_2_no_load	5	6	0.310557101463	0.348172164421	6	605	0	
61	0	152	step_1_no_load	1	2	2	234	
61	0	152	step_2_no_load	5	6	0.323194010514	0.307702500543	5	371	0	
61	0	153	step_1_no_load	1	2	2	412	
61	0	153	step_2_no_load	3	4	0.681559292085	0.613336203392	3	329	1	
61	0	154	step_1_no_load	1	2	1	229	
61	0	154	step_2_no_load	5	6	0.348349389262	0.316375537537	5	258	0	
61	0	155	step_1_no_load	1	2	1	424	
61	0	155	step_2_no_load	5	6	0.372188990474	0.296093457977	6	676	1	
61	0	156	step_1_no_load	1	2	2	256	
61	0	156	step_2_no_load	5	6	0.368378667812	0.32564867104	6	312	0	
61	0	157	step_1_no_load	1	2	1	300	
61	0	157	step_2_no_load	5	6	0.324728201487	0.350909357271	6	711	1	
61	0	158	step_1_no_load	1	2	1	266	
61	0	158	step_2_no_load	5	6	0.334595868098	0.408728803896	6	554	0	
61	0	159	step_1_no_load	1	2	1	205	
61	0	159	step_2_no_load	3	4	0.697903160072	0.541222065796	4	777	0	
61	0	160	step_1_no_load	1	2	1	264	
61	0	160	step_2_no_load	3	4	0.710728171711	0.521229931064	3	454	0	
61	0	161	step_1_no_load	1	2	1	224	
61	0	161	step_2_no_load	3	4	0.719896286569	0.516036498158	3	569	1	
61	0	162	step_1_no_load	1	2	1	204	
61	0	162	step_2_no_load	3	4	0.695144769903	0.566496468084	4	393	0	
61	0	163	step_1_no_load	1	2	1	238	
61	0	163	step_2_no_load	3	4	0.697095951435	0.5863391277	3	415	1	
61	0	164	step_1_no_load	1	2	1	331	
61	0	164	step_2_no_load	3	4	0.692137394606	0.585961845322	3	594	0	
61	0	165	step_1_no_load	1	2	1	248	
61	0	165	step_2_no_load	3	4	0.717506143195	0.538026607649	4	403	0	
61	0	166	step_1_no_load	1	2	1	243	
61	0	166	step_2_no_load	3	4	0.686594248975	0.549095060025	4	796	1	
61	0	167	step_1_no_load	1	2	1	251	
61	0	167	step_2_no_load	3	4	0.706271792549	0.585131062446	3	928	0	
61	0	168	step_1_no_load	1	2	1	266	
61	0	168	step_2_no_load	3	4	0.67192508984	0.613361520676	4	419	0	
61	0	169	step_1_no_load	1	2	2	230	
61	0	169	step_2_no_load	3	4	0.704981910944	0.586049140041	3	421	1	
61	0	170	step_1_no_load	1	2	2	383	
61	0	170	step_2_no_load	5	6	0.364989630435	0.411067820436	6	1139	0	
61	0	171	step_1_no_load	1	2	2	273	
61	0	171	step_2_no_load	5	6	0.425122034074	0.386979310814	5	205	0	
61	0	172	step_1_no_load	1	2	1	205	
61	0	172	step_2_no_load	3	4	0.668669556875	0.519090471457	4	283	1	
61	0	173	step_1_no_load	1	2	1	324	
61	0	173	step_2_no_load	3	4	0.667027212577	0.484428109849	4	549	1	
61	0	174	step_1_no_load	1	2	1	291	
61	0	174	step_2_no_load	3	4	0.729877433725	0.472729524832	4	366	0	
61	0	175	step_1_no_load	1	2	1	261	
61	0	175	step_2_no_load	3	4	0.693968268443	0.52644949356	3	578	1	
61	0	176	step_1_no_load	1	2	1	212	
61	0	176	step_2_no_load	3	4	0.679250000396	0.474046874473	3	285	1	
61	0	177	step_1_no_load	1	2	1	222	
61	0	177	step_2_no_load	5	6	0.4798184927	0.357425668099	6	662	0	
61	0	178	step_1_no_load	1	2	2	228	
61	0	178	step_2_no_load	5	6	0.49020858644	0.36473828006	5	330	1	
61	0	179	step_1_no_load	1	2	2	245	
61	0	179	step_2_no_load	5	6	0.493565996034	0.324685418097	5	383	1	
61	0	180	step_1_no_load	1	2	2	238	
61	0	180	step_2_no_load	5	6	0.489345734128	0.341214611607	6	229	1	
61	0	181	step_1_no_load	1	2	2	236	
61	0	181	step_2_no_load	5	6	0.480141179559	0.342402764747	5	248	1	
61	0	182	step_1_no_load	1	2	2	252	
61	0	182	step_2_no_load	5	6	0.49907747228	0.340533666308	5	298	1	
61	0	183	step_1_no_load	1	2	2	295	
61	0	183	step_2_no_load	5	6	0.492742497507	0.350175837802	6	189	0	
61	0	184	step_1_no_load	1	2	1	540	
61	0	184	step_2_no_load	5	6	0.480863422096	0.362743255194	5	276	0	
61	0	185	step_1_no_load	1	2	1	201	
61	0	185	step_2_no_load	3	4	0.665622647081	0.479703516092	4	630	1	
61	0	186	step_1_no_load	1	2	1	231	
61	0	186	step_2_no_load	3	4	0.656308636836	0.46870859828	4	908	0	
61	0	187	step_1_no_load	1	2	1	245	
61	0	187	step_2_no_load	5	6	0.498596507669	0.328890769988	5	886	0	
61	0	188	step_1_no_load	1	2	1	252	
61	0	188	step_2_no_load	3	4	0.696362660087	0.471319680586	4	565	0	
61	0	189	step_1_no_load	1	2	1	196	
61	0	189	step_2_no_load	3	4	0.688353284054	0.448897869069	3	402	1	
61	0	190	step_1_no_load	1	2	1	229	
61	0	190	step_2_no_load	3	4	0.667655825994	0.433568856946	3	316	1	
61	0	191	step_1_no_load	1	2	1	313	
61	0	191	step_2_no_load	3	4	0.664271461991	0.435748387321	3	355	0	
61	0	192	step_1_no_load	1	2	1	168	
61	0	192	step_2_no_load	5	6	0.493851022417	0.299297135717	5	873	0	
61	0	193	step_1_no_load	1	2	2	35	
61	0	193	step_2_no_load	5	6	0.504944704439	0.321008037746	6	52	0	
61	0	194	step_1_no_load	1	2	2	257	
61	0	194	step_2_no_load	5	6	0.505359594715	0.342437174514	5	517	1	
61	0	195	step_1_no_load	1	2	2	228	
61	0	195	step_2_no_load	5	6	0.494102184238	0.348571348505	6	328	0	
61	0	196	step_1_no_load	1	2	1	199	
61	0	196	step_2_no_load	5	6	0.496717662777	0.365373286058	6	1212	1	
61	0	197	step_1_no_load	1	2	1	149	
61	0	197	step_2_no_load	3	4	0.686552522522	0.422511153127	4	819	1	
61	0	198	step_1_no_load	1	2	1	238	
61	0	198	step_2_no_load	3	4	0.68660989813	0.397292432346	4	423	0	
61	0	199	step_1_no_load	1	2	1	245	
61	0	199	step_2_no_load	3	4	0.73697129762	0.39793773834	3	362	1	
61	0	200	step_1_no_load	1	2	1	303	
61	0	200	step_2_no_load	3	4	0.728996708473	0.372436949782	3	266	1	

Mon Feb  6 14:06:45 2017
