Thu Feb  9 13:57:06 2017	
64	0	1	step_1_no_load	1	2	1	846	
64	0	1	step_2_no_load	5	6	0.511789129507	0.594299910136	6	528	0	
64	0	2	step_1_no_load	1	2	1	507	
64	0	2	step_2_no_load	3	4	0.580156942153	0.474613197709	3	573	1	
64	0	3	step_1_no_load	1	2	1	1199	
64	0	3	step_2_no_load	3	4	0.584197065669	0.476767372206	3	654	1	
64	0	4	step_1_no_load	1	2	1	1054	
64	0	4	step_2_no_load	3	4	0.597491569846	0.478607661228	4	477	1	
64	0	5	step_1_no_load	1	2	1	642	
64	0	5	step_2_no_load	3	4	0.623810210114	0.495568760483	4	509	0	
64	0	6	step_1_no_load	1	2	1	497	
64	0	6	step_2_no_load	5	6	0.490454120702	0.603642866427	5	392	1	
64	0	7	step_1_no_load	1	2	1	746	
64	0	7	step_2_no_load	3	4	0.568656746487	0.500071913476	3	963	0	
64	0	8	step_1_no_load	1	2	1	488	
64	0	8	step_2_no_load	5	6	0.499203529332	0.624210374623	6	582	1	
64	0	9	step_1_no_load	1	2	1	662	
64	0	9	step_2_no_load	3	4	0.598049061473	0.496546708465	4	378	1	
64	0	10	step_1_no_load	1	2	1	435	
64	0	10	step_2_no_load	3	4	0.652626043146	0.482364178155	3	379	0	
64	0	11	step_1_no_load	1	2	1	369	
64	0	11	step_2_no_load	3	4	0.69163818036	0.477013315682	4	388	0	
64	0	12	step_1_no_load	1	2	1	324	
64	0	12	step_2_no_load	3	4	0.682786328054	0.48457206759	3	400	0	
64	0	13	step_1_no_load	1	2	1	403	
64	0	13	step_2_no_load	5	6	0.595790490356	0.558313135925	5	411	1	
64	0	14	step_1_no_load	1	2	1	649	
64	0	14	step_2_no_load	3	4	0.629137942344	0.491234392147	3	439	1	
64	0	15	step_1_no_load	1	2	1	600	
64	0	15	step_2_no_load	3	4	0.612260006668	0.505377237737	3	515	1	
64	0	16	step_1_no_load	1	2	1	336	
64	0	16	step_2_no_load	3	4	0.628091198119	0.510958036527	3	590	1	
64	0	17	step_1_no_load	1	2	1	447	
64	0	17	step_2_no_load	3	4	0.633350170016	0.535958400205	4	457	1	
64	0	18	step_1_no_load	1	2	1	751	
64	0	18	step_2_no_load	5	6	0.626895526976	0.553554620302	6	521	0	
64	0	19	step_1_no_load	1	2	1	286	
64	0	19	step_2_no_load	5	6	0.644773170243	0.536502319591	5	590	1	
64	0	20	step_1_no_load	1	2	1	507	
64	0	20	step_2_no_load	5	6	0.60665343963	0.491720931314	5	465	0	
64	0	21	step_1_no_load	1	2	1	319	
64	0	21	step_2_no_load	3	4	0.630305464549	0.49769376036	4	425	0	
64	0	22	step_1_no_load	1	2	1	357	
64	0	22	step_2_no_load	3	4	0.621949894727	0.506100011497	3	350	1	
64	0	23	step_1_no_load	1	2	1	556	
64	0	23	step_2_no_load	3	4	0.640163623731	0.520606588181	3	1063	1	
64	0	24	step_1_no_load	1	2	1	379	
64	0	24	step_2_no_load	3	4	0.582115115688	0.505388876622	3	362	0	
64	0	25	step_1_no_load	1	2	1	321	
64	0	25	step_2_no_load	3	4	0.565698722896	0.503316372362	3	444	0	
64	0	26	step_1_no_load	1	2	1	566	
64	0	26	step_2_no_load	5	6	0.640635035276	0.532884212818	6	331	1	
64	0	27	step_1_no_load	1	2	1	637	
64	0	27	step_2_no_load	3	4	0.57860777711	0.507272671939	4	841	0	
64	0	28	step_1_no_load	1	2	1	410	
64	0	28	step_2_no_load	5	6	0.647441527317	0.553259388875	5	328	0	
64	0	29	step_1_no_load	1	2	1	363	
64	0	29	step_2_no_load	3	4	0.606613029227	0.521159009103	3	333	0	
64	0	30	step_1_no_load	1	2	1	324	
64	0	30	step_2_no_load	3	4	0.608245979832	0.4919199548	4	301	0	
64	0	31	step_1_no_load	1	2	1	333	
64	0	31	step_2_no_load	5	6	0.606122691795	0.541819886458	5	609	1	
64	0	32	step_1_no_load	1	2	1	589	
64	0	32	step_2_no_load	5	6	0.605616211083	0.522993086096	5	313	0	
64	0	33	step_1_no_load	1	2	1	380	
64	0	33	step_2_no_load	3	4	0.611700032906	0.487664344039	3	773	1	
64	0	34	step_1_no_load	1	2	1	591	
64	0	34	step_2_no_load	3	4	0.575802910074	0.454565258478	3	638	1	
64	0	35	step_1_no_load	1	2	1	414	
64	0	35	step_2_no_load	3	4	0.566827313385	0.491437207585	3	962	1	
64	0	36	step_1_no_load	1	2	1	394	
64	0	36	step_2_no_load	5	6	0.661229326326	0.611274573488	6	354	1	
64	0	37	step_1_no_load	1	2	1	452	
64	0	37	step_2_no_load	5	6	0.660658056664	0.598446394142	6	425	1	
64	0	38	step_1_no_load	1	2	1	386	
64	0	38	step_2_no_load	3	4	0.539078491643	0.553931241266	4	409	0	
64	0	39	step_1_no_load	1	2	1	338	
64	0	39	step_2_no_load	3	4	0.557005857101	0.578640235206	3	409	1	
64	0	40	step_1_no_load	1	2	1	364	
64	0	40	step_2_no_load	3	4	0.580760785074	0.5691386571	3	330	0	
64	0	41	step_1_no_load	1	2	1	339	
64	0	41	step_2_no_load	3	4	0.524862294848	0.583829055298	4	414	0	
64	0	42	step_1_no_load	1	2	1	329	
64	0	42	step_2_no_load	3	4	0.533857158543	0.553461946234	4	348	1	
64	0	43	step_1_no_load	1	2	1	520	
64	0	43	step_2_no_load	5	6	0.581931546759	0.612705031264	6	395	1	
64	0	44	step_1_no_load	1	2	1	117	
64	0	44	step_2_no_load	5	6	0.589653131867	0.611481438855	6	306	0	
64	0	45	step_1_no_load	1	2	1	368	
64	0	45	step_2_no_load	3	4	0.579346234508	0.5288039409	3	597	1	
64	0	46	step_1_no_load	1	2	1	370	
64	0	46	step_2_no_load	3	4	0.55511883717	0.532238720495	3	437	0	
64	0	47	step_1_no_load	1	2	1	334	
64	0	47	step_2_no_load	3	4	0.546259467838	0.493112702321	4	444	1	
64	0	48	step_1_no_load	1	2	1	700	
64	0	48	step_2_no_load	3	4	0.534690828011	0.488280685105	4	534	0	
64	0	49	step_1_no_load	1	2	1	354	
64	0	49	step_2_no_load	3	4	0.512405963374	0.489287375157	3	432	1	
64	0	50	step_1_no_load	1	2	1	441	
64	0	50	step_2_no_load	3	4	0.481616544184	0.47381367271	4	455	1	
64	0	51	step_1_no_load	1	2	1	759	
64	0	51	step_2_no_load	5	6	0.613357430892	0.564866799699	6	457	1	
64	0	52	step_1_no_load	1	2	1	365	
64	0	52	step_2_no_load	5	6	0.613408921915	0.539065404057	5	495	1	
64	0	53	step_1_no_load	1	2	1	331	
64	0	53	step_2_no_load	5	6	0.630956764252	0.551457882502	6	127	0	
64	0	54	step_1_no_load	1	2	1	429	
64	0	54	step_2_no_load	5	6	0.652515308527	0.570223904064	5	315	1	
64	0	55	step_1_no_load	1	2	1	484	
64	0	55	step_2_no_load	3	4	0.526704292526	0.487025527704	4	346	0	
64	0	56	step_1_no_load	1	2	1	564	
64	0	56	step_2_no_load	3	4	0.538512915562	0.459773408493	3	570	1	
64	0	57	step_1_no_load	1	2	1	583	
64	0	57	step_2_no_load	3	4	0.516475618243	0.466449077359	3	445	1	
64	0	58	step_1_no_load	1	2	1	393	
64	0	58	step_2_no_load	5	6	0.610896130115	0.664682809182	6	297	0	
64	0	59	step_1_no_load	1	2	1	281	
64	0	59	step_2_no_load	5	6	0.608951267756	0.632500293208	5	371	1	
64	0	60	step_1_no_load	1	2	1	342	
64	0	60	step_2_no_load	3	4	0.479287247283	0.491916707098	3	315	1	
64	0	61	step_1_no_load	1	2	1	409	
64	0	61	step_2_no_load	5	6	0.602879526975	0.669587072502	6	315	0	
64	0	62	step_1_no_load	1	2	1	305	
64	0	62	step_2_no_load	3	4	0.533031417444	0.50724109756	3	309	1	
64	0	63	step_1_no_load	1	2	1	408	
64	0	63	step_2_no_load	3	4	0.519445130796	0.53192660365	4	332	1	
64	0	64	step_1_no_load	1	2	1	415	
64	0	64	step_2_no_load	3	4	0.533849886794	0.555062911513	4	391	0	
64	0	65	step_1_no_load	1	2	1	367	
64	0	65	step_2_no_load	3	4	0.517687993213	0.569109504048	3	306	0	
64	0	66	step_1_no_load	1	2	1	361	
64	0	66	step_2_no_load	3	4	0.555324764318	0.573761869714	3	344	0	
64	0	67	step_1_no_load	1	2	1	625	
64	0	67	step_2_no_load	3	4	0.538279387614	0.542076810516	3	932	0	
64	0	68	step_1_no_load	1	2	1	564	
64	0	68	step_2_no_load	3	4	0.523301545299	0.509127161919	4	382	0	
64	0	69	step_1_no_load	1	2	1	928	
64	0	69	step_2_no_load	5	6	0.718756538957	0.622221685203	5	342	1	
64	0	70	step_1_no_load	1	2	1	514	
64	0	70	step_2_no_load	5	6	0.697741832068	0.637556284465	5	290	1	
64	0	71	step_1_no_load	1	2	1	421	
64	0	71	step_2_no_load	3	4	0.546215110045	0.482863323776	4	636	0	
64	0	72	step_1_no_load	1	2	1	347	
64	0	72	step_2_no_load	3	4	0.556486305476	0.47409116389	3	392	1	
64	0	73	step_1_no_load	1	2	1	447	
64	0	73	step_2_no_load	3	4	0.50185699984	0.435957313805	4	563	1	
64	0	74	step_1_no_load	1	2	1	340	
64	0	74	step_2_no_load	3	4	0.491044983779	0.453420386428	3	289	1	
64	0	75	step_1_no_load	1	2	1	394	
64	0	75	step_2_no_load	3	4	0.483983914712	0.44832280175	4	1162	1	
64	0	76	step_1_no_load	1	2	1	394	
64	0	76	step_2_no_load	3	4	0.518881389358	0.488583631821	3	312	0	
64	0	77	step_1_no_load	1	2	1	367	
64	0	77	step_2_no_load	5	6	0.679737625371	0.564257587118	6	793	0	
64	0	78	step_1_no_load	1	2	1	391	
64	0	78	step_2_no_load	5	6	0.647586191228	0.536711448352	5	353	1	
64	0	79	step_1_no_load	1	2	1	987	
64	0	79	step_2_no_load	3	4	0.540085062695	0.389124152368	4	581	0	
64	0	80	step_1_no_load	1	2	1	353	
64	0	80	step_2_no_load	3	4	0.49921021142	0.396016175285	3	301	1	
64	0	81	step_1_no_load	1	2	1	620	
64	0	81	step_2_no_load	3	4	0.494116554432	0.419265522488	3	714	0	
64	0	82	step_1_no_load	1	2	1	404	
64	0	82	step_2_no_load	3	4	0.482727017837	0.395813831323	3	348	0	
64	0	83	step_1_no_load	1	2	1	375	
64	0	83	step_2_no_load	3	4	0.483255412498	0.382772464038	4	402	1	
64	0	84	step_1_no_load	1	2	1	463	
64	0	84	step_2_no_load	3	4	0.505586222209	0.385087938645	3	289	0	
64	0	85	step_1_no_load	1	2	1	275	
64	0	85	step_2_no_load	5	6	0.712989604416	0.692384972752	6	1374	1	
64	0	86	step_1_no_load	1	2	1	343	
64	0	86	step_2_no_load	3	4	0.486462788728	0.345323068124	4	402	0	
64	0	87	step_1_no_load	1	2	1	412	
64	0	87	step_2_no_load	3	4	0.493867001103	0.40000499778	3	302	1	
64	0	88	step_1_no_load	1	2	1	479	
64	0	88	step_2_no_load	3	4	0.509563243675	0.377947492322	3	474	1	
64	0	89	step_1_no_load	1	2	1	372	
64	0	89	step_2_no_load	3	4	0.490019385174	0.415882489686	4	330	0	
64	0	90	step_1_no_load	1	2	1	355	
64	0	90	step_2_no_load	5	6	0.688736868033	0.712247848046	5	326	1	
64	0	91	step_1_no_load	1	2	1	362	
64	0	91	step_2_no_load	3	4	0.479087223222	0.43534164751	3	308	0	
64	0	92	step_1_no_load	1	2	2	359	
64	0	92	step_2_no_load	3	4	0.484260039873	0.444368850664	4	544	1	
64	0	93	step_1_no_load	1	2	2	472	
64	0	93	step_2_no_load	3	4	0.473273727684	0.439878153082	3	455	0	
64	0	94	step_1_no_load	1	2	2	361	
64	0	94	step_2_no_load	5	6	0.668295023896	0.719464414227	6	475	0	
64	0	95	step_1_no_load	1	2	1	653	
64	0	95	step_2_no_load	3	4	0.42505578884	0.427150666411	3	377	0	
64	0	96	step_1_no_load	1	2	1	380	
64	0	96	step_2_no_load	3	4	0.437558890646	0.383038640121	4	440	0	
64	0	97	step_1_no_load	1	2	1	316	
64	0	97	step_2_no_load	5	6	0.651202057411	0.681272614291	5	346	1	
64	0	98	step_1_no_load	1	2	1	519	
64	0	98	step_2_no_load	5	6	0.646040060297	0.70287861952	5	646	1	
64	0	99	step_1_no_load	1	2	1	423	
64	0	99	step_2_no_load	3	4	0.375249961522	0.397561363605	4	513	1	
64	0	100	step_1_no_load	1	2	1	368	
64	0	100	step_2_no_load	3	4	0.363162156005	0.4333505304	4	223	0	
64	0	101	step_1_no_load	1	2	1	512	
64	0	101	step_2_no_load	3	4	0.366879421891	0.497432607584	3	311	0	
64	0	102	step_1_no_load	1	2	1	721	
64	0	102	step_2_no_load	5	6	0.663124617603	0.666304534392	6	503	1	
64	0	103	step_1_no_load	1	2	1	595	
64	0	103	step_2_no_load	5	6	0.69058998368	0.663997796029	5	342	0	
64	0	104	step_1_no_load	1	2	2	292	
64	0	104	step_2_no_load	5	6	0.743372642809	0.703870701136	5	402	1	
64	0	105	step_1_no_load	1	2	1	479	
64	0	105	step_2_no_load	3	4	0.352639603242	0.514318365187	4	266	0	
64	0	106	step_1_no_load	1	2	1	365	
64	0	106	step_2_no_load	5	6	0.699623252899	0.712883638252	5	275	1	
64	0	107	step_1_no_load	1	2	2	274	
64	0	107	step_2_no_load	5	6	0.677514185929	0.692607431435	5	391	0	
64	0	108	step_1_no_load	1	2	1	361	
64	0	108	step_2_no_load	3	4	0.388185708856	0.526955028982	4	621	1	
64	0	109	step_1_no_load	1	2	1	388	
64	0	109	step_2_no_load	3	4	0.372328831887	0.479977531501	4	332	0	
64	0	110	step_1_no_load	1	2	1	1076	
64	0	110	step_2_no_load	3	4	0.395544455384	0.432626681236	-1	-1	-1	
64	0	111	step_1_no_load	1	2	1	482	
64	0	111	step_2_no_load	3	4	0.407158158569	0.384948378665	3	442	0	
64	0	112	step_1_no_load	1	2	2	380	
64	0	112	step_2_no_load	3	4	0.413393106784	0.392887565883	4	354	0	
64	0	113	step_1_no_load	1	2	1	310	
64	0	113	step_2_no_load	3	4	0.387112818105	0.370697120277	3	272	0	
64	0	114	step_1_no_load	1	2	1	442	
64	0	114	step_2_no_load	3	4	0.384736699284	0.380324086676	3	261	1	
64	0	115	step_1_no_load	1	2	1	371	
64	0	115	step_2_no_load	5	6	0.645721217949	0.739704344621	5	17	1	
64	0	116	step_1_no_load	1	2	1	348	
64	0	116	step_2_no_load	3	4	0.369438791876	0.378149844807	3	518	1	
64	0	117	step_1_no_load	1	2	1	335	
64	0	117	step_2_no_load	3	4	0.363056877927	0.374621793791	4	605	1	
64	0	118	step_1_no_load	1	2	1	339	
64	0	118	step_2_no_load	5	6	0.690484235012	0.740051715856	6	326	1	
64	0	119	step_1_no_load	1	2	1	353	
64	0	119	step_2_no_load	3	4	0.358243439099	0.357515098446	4	874	0	
64	0	120	step_1_no_load	1	2	1	304	
64	0	120	step_2_no_load	5	6	0.666433355915	0.70587238626	5	244	0	
64	0	121	step_1_no_load	1	2	2	291	
64	0	121	step_2_no_load	5	6	0.671052306195	0.658856304095	6	270	1	
64	0	122	step_1_no_load	1	2	1	452	
64	0	122	step_2_no_load	3	4	0.266650857402	0.329624572119	4	360	1	
64	0	123	step_1_no_load	1	2	1	378	
64	0	123	step_2_no_load	5	6	0.664849878232	0.583607229978	6	342	0	
64	0	124	step_1_no_load	1	2	1	440	
64	0	124	step_2_no_load	3	4	0.26095206597	0.309430836661	3	650	0	
64	0	125	step_1_no_load	1	2	1	331	
64	0	125	step_2_no_load	5	6	0.633566302563	0.559596800931	6	555	0	
64	0	126	step_1_no_load	1	2	2	349	
64	0	126	step_2_no_load	5	6	0.600985760967	0.537863824328	5	798	1	
64	0	127	step_1_no_load	1	2	2	398	
64	0	127	step_2_no_load	5	6	0.646945556251	0.560824094575	5	346	1	
64	0	128	step_1_no_load	1	2	2	320	
64	0	128	step_2_no_load	3	4	0.260252451606	0.250790232267	3	544	1	
64	0	129	step_1_no_load	1	2	1	301	
64	0	129	step_2_no_load	3	4	0.268213321963	0.271709703542	4	402	0	
64	0	130	step_1_no_load	1	2	2	303	
64	0	130	step_2_no_load	3	4	0.267460866951	0.274560758494	3	412	0	
64	0	131	step_1_no_load	1	2	2	295	
64	0	131	step_2_no_load	5	6	0.638450601212	0.678044920845	6	330	0	
64	0	132	step_1_no_load	1	2	1	442	
64	0	132	step_2_no_load	3	4	0.27986961048	0.315328810424	3	266	1	
64	0	133	step_1_no_load	1	2	1	418	
64	0	133	step_2_no_load	3	4	0.315608831386	0.312642735495	3	422	0	
64	0	134	step_1_no_load	1	2	2	399	
64	0	134	step_2_no_load	5	6	0.685529359147	0.621945110858	5	410	1	
64	0	135	step_1_no_load	1	2	1	765	
64	0	135	step_2_no_load	5	6	0.700779221781	0.593710006149	5	334	1	
64	0	136	step_1_no_load	1	2	1	538	
64	0	136	step_2_no_load	5	6	0.674914008636	0.597814413435	5	284	1	
64	0	137	step_1_no_load	1	2	2	313	
64	0	137	step_2_no_load	3	4	0.346433498467	0.325016613024	3	286	1	
64	0	138	step_1_no_load	1	2	2	366	
64	0	138	step_2_no_load	5	6	0.688182193337	0.63240964674	5	318	1	
64	0	139	step_1_no_load	1	2	1	320	
64	0	139	step_2_no_load	3	4	0.325611400511	0.323660750961	4	374	1	
64	0	140	step_1_no_load	1	2	1	351	
64	0	140	step_2_no_load	5	6	0.637682840728	0.671213945178	6	328	1	
64	0	141	step_1_no_load	1	2	2	376	
64	0	141	step_2_no_load	3	4	0.390227133375	0.311809871418	3	206	1	
64	0	142	step_1_no_load	1	2	2	362	
64	0	142	step_2_no_load	5	6	0.627356259123	0.690276058009	5	321	1	
64	0	143	step_1_no_load	1	2	2	388	
64	0	143	step_2_no_load	5	6	0.610219102298	0.661365099615	5	346	1	
64	0	144	step_1_no_load	1	2	2	468	
64	0	144	step_2_no_load	5	6	0.639347300184	0.626443722248	5	297	1	
64	0	145	step_1_no_load	1	2	2	458	
64	0	145	step_2_no_load	5	6	0.606515632748	0.6669125229	5	5	0	
64	0	146	step_1_no_load	1	2	1	317	
64	0	146	step_2_no_load	3	4	0.320877500969	0.257861956214	4	386	1	
64	0	147	step_1_no_load	1	2	1	338	
64	0	147	step_2_no_load	3	4	0.352879785946	0.265578160642	4	270	0	
64	0	148	step_1_no_load	1	2	2	415	
64	0	148	step_2_no_load	5	6	0.648050021239	0.619272702026	5	389	0	
64	0	149	step_1_no_load	1	2	1	318	
64	0	149	step_2_no_load	5	6	0.623203869836	0.601870110183	5	369	0	
64	0	150	step_1_no_load	1	2	1	6	
64	0	150	step_2_no_load	3	4	0.306860041627	0.305587692243	3	262	0	
64	0	151	step_1_no_load	1	2	2	297	
64	0	151	step_2_no_load	5	6	0.614159737668	0.59154759351	5	340	0	
64	0	152	step_1_no_load	1	2	1	333	
64	0	152	step_2_no_load	3	4	0.323194010514	0.307702500543	4	343	1	
64	0	153	step_1_no_load	1	2	1	361	
64	0	153	step_2_no_load	3	4	0.343622632154	0.309356532263	4	287	0	
64	0	154	step_1_no_load	1	2	2	306	
64	0	154	step_2_no_load	5	6	0.671672162443	0.638934099562	5	448	1	
64	0	155	step_1_no_load	1	2	2	400	
64	0	155	step_2_no_load	5	6	0.716100930629	0.632486591889	5	626	1	
64	0	156	step_1_no_load	1	2	1	349	
64	0	156	step_2_no_load	3	4	0.368378667812	0.32564867104	4	380	1	
64	0	157	step_1_no_load	1	2	2	330	
64	0	157	step_2_no_load	5	6	0.720725456325	0.585191807512	6	791	0	
64	0	158	step_1_no_load	1	2	1	600	
64	0	158	step_2_no_load	3	4	0.334595868098	0.408728803896	4	669	1	
64	0	159	step_1_no_load	1	2	1	364	
64	0	159	step_2_no_load	3	4	0.321150411254	0.413026375257	4	495	0	
64	0	160	step_1_no_load	1	2	2	320	
64	0	160	step_2_no_load	3	4	0.355992626298	0.415052912783	3	301	0	
64	0	161	step_1_no_load	1	2	2	343	
64	0	161	step_2_no_load	5	6	0.719896286569	0.516036498158	5	337	0	
64	0	162	step_1_no_load	1	2	1	480	
64	0	162	step_2_no_load	5	6	0.695144769903	0.566496468084	6	341	0	
64	0	163	step_1_no_load	1	2	2	372	
64	0	163	step_2_no_load	5	6	0.697095951435	0.5863391277	5	335	1	
64	0	164	step_1_no_load	1	2	2	345	
64	0	164	step_2_no_load	5	6	0.692137394606	0.585961845322	5	389	1	
64	0	165	step_1_no_load	1	2	2	611	
64	0	165	step_2_no_load	5	6	0.717506143195	0.538026607649	5	509	1	
64	0	166	step_1_no_load	1	2	1	345	
64	0	166	step_2_no_load	3	4	0.356317216644	0.422282731054	4	395	1	
64	0	167	step_1_no_load	1	2	1	1064	
64	0	167	step_2_no_load	3	4	0.331115714939	0.38753671275	4	505	0	
64	0	168	step_1_no_load	1	2	2	429	
64	0	168	step_2_no_load	3	4	0.335777599654	0.400817642375	4	485	0	
64	0	169	step_1_no_load	1	2	2	697	
64	0	169	step_2_no_load	5	6	0.704981910944	0.586049140041	5	369	0	
64	0	170	step_1_no_load	1	2	1	351	
64	0	170	step_2_no_load	5	6	0.67334314737	0.57151385403	6	404	0	
64	0	171	step_1_no_load	1	2	1	399	
64	0	171	step_2_no_load	3	4	0.425122034074	0.386979310814	3	333	0	
64	0	172	step_1_no_load	1	2	2	459	
64	0	172	step_2_no_load	5	6	0.668669556875	0.519090471457	6	351	1	
64	0	173	step_1_no_load	1	2	2	407	
64	0	173	step_2_no_load	3	4	0.462866379815	0.385349297983	3	366	0	
64	0	174	step_1_no_load	1	2	1	334	
64	0	174	step_2_no_load	3	4	0.46236234172	0.387867297446	4	396	1	
64	0	175	step_1_no_load	1	2	1	377	
64	0	175	step_2_no_load	3	4	0.484825491933	0.426185553904	4	303	1	
64	0	176	step_1_no_load	1	2	1	383	
64	0	176	step_2_no_load	5	6	0.679250000396	0.474046874473	6	659	1	
64	0	177	step_1_no_load	1	2	2	366	
64	0	177	step_2_no_load	5	6	0.714070205704	0.501268576771	5	503	0	
64	0	178	step_1_no_load	1	2	2	331	
64	0	178	step_2_no_load	3	4	0.49020858644	0.36473828006	4	301	1	
64	0	179	step_1_no_load	1	2	2	339	
64	0	179	step_2_no_load	5	6	0.709345707515	0.457298770028	6	463	0	
64	0	180	step_1_no_load	1	2	1	324	
64	0	180	step_2_no_load	3	4	0.489345734128	0.341214611607	4	511	1	
64	0	181	step_1_no_load	1	2	1	1007	
64	0	181	step_2_no_load	3	4	0.480141179559	0.342402764747	4	496	1	
64	0	182	step_1_no_load	1	2	1	400	
64	0	182	step_2_no_load	3	4	0.49907747228	0.340533666308	4	703	0	
64	0	183	step_1_no_load	1	2	2	303	
64	0	183	step_2_no_load	5	6	0.720388040749	0.502991759047	5	392	1	
64	0	184	step_1_no_load	1	2	2	375	
64	0	184	step_2_no_load	5	6	0.657291439324	0.460890977786	5	776	1	
64	0	185	step_1_no_load	1	2	2	454	
64	0	185	step_2_no_load	5	6	0.665622647081	0.479703516092	5	589	1	
64	0	186	step_1_no_load	1	2	2	513	
64	0	186	step_2_no_load	5	6	0.656308636836	0.46870859828	5	310	1	
64	0	187	step_1_no_load	1	2	1	369	
64	0	187	step_2_no_load	3	4	0.498596507669	0.328890769988	4	322	0	
64	0	188	step_1_no_load	1	2	2	316	
64	0	188	step_2_no_load	5	6	0.696362660087	0.471319680586	5	323	0	
64	0	189	step_1_no_load	1	2	1	482	
64	0	189	step_2_no_load	5	6	0.688353284054	0.448897869069	6	403	0	
64	0	190	step_1_no_load	1	2	1	491	
64	0	190	step_2_no_load	5	6	0.667655825994	0.433568856946	6	427	0	
64	0	191	step_1_no_load	1	2	2	308	
64	0	191	step_2_no_load	5	6	0.664271461991	0.435748387321	6	380	0	
64	0	192	step_1_no_load	1	2	2	302	
64	0	192	step_2_no_load	5	6	0.705517419189	0.450791310283	5	311	1	
64	0	193	step_1_no_load	1	2	2	340	
64	0	193	step_2_no_load	5	6	0.679792491164	0.440813209638	5	325	1	
64	0	194	step_1_no_load	1	2	2	332	
64	0	194	step_2_no_load	5	6	0.655261361454	0.433250459893	5	519	1	
64	0	195	step_1_no_load	1	2	2	344	
64	0	195	step_2_no_load	3	4	0.494102184238	0.348571348505	3	423	0	
64	0	196	step_1_no_load	1	2	1	299	
64	0	196	step_2_no_load	3	4	0.496717662777	0.365373286058	3	343	1	
64	0	197	step_1_no_load	1	2	1	357	
64	0	197	step_2_no_load	3	4	0.47786945426	0.316987700969	3	520	1	
64	0	198	step_1_no_load	1	2	1	416	
64	0	198	step_2_no_load	3	4	0.485065498391	0.303352625941	4	356	0	
64	0	199	step_1_no_load	1	2	2	275	
64	0	199	step_2_no_load	3	4	0.529438031858	0.292861528884	3	456	1	
64	0	200	step_1_no_load	1	2	1	355	
64	0	200	step_2_no_load	3	4	0.507902534353	0.299128796668	4	597	0	

Thu Feb  9 14:14:38 2017
