Thu Feb  9 16:49:51 2017	
65	0	1	step_1_no_load	1	2	2	734	
65	0	1	step_2_no_load	5	6	0.598297890399	0.594299910136	6	798	1	
65	0	2	step_1_no_load	1	2	2	399	
65	0	2	step_2_no_load	5	6	0.580156942153	0.610961032466	6	562	0	
65	0	3	step_1_no_load	1	2	1	337	
65	0	3	step_2_no_load	3	4	0.516002945397	0.476767372206	3	597	1	
65	0	4	step_1_no_load	1	2	1	334	
65	0	4	step_2_no_load	5	6	0.597491569846	0.564086293706	5	546	1	
65	0	5	step_1_no_load	1	2	1	450	
65	0	5	step_2_no_load	3	4	0.543908521457	0.495568760483	3	419	1	
65	0	6	step_1_no_load	1	2	1	353	
65	0	6	step_2_no_load	5	6	0.585722686883	0.603642866427	6	1093	0	
65	0	7	step_1_no_load	1	2	1	412	
65	0	7	step_2_no_load	3	4	0.506408070053	0.500071913476	3	564	1	
65	0	8	step_1_no_load	1	2	1	662	
65	0	8	step_2_no_load	3	4	0.499203529332	0.489816616396	3	856	0	
65	0	9	step_1_no_load	1	2	2	397	
65	0	9	step_2_no_load	5	6	0.598049061473	0.641106877158	5	612	1	
65	0	10	step_1_no_load	1	2	2	1116	
65	0	10	step_2_no_load	3	4	0.576063520885	0.482364178155	3	561	1	
65	0	11	step_1_no_load	1	2	2	633	
65	0	11	step_2_no_load	5	6	0.69163818036	0.609191465743	5	780	1	
65	0	12	step_1_no_load	1	2	2	507	
65	0	12	step_2_no_load	5	6	0.682786328054	0.552770607849	5	419	1	
65	0	13	step_1_no_load	1	2	2	653	
65	0	13	step_2_no_load	5	6	0.653587098421	0.558313135925	5	416	1	
65	0	14	step_1_no_load	1	2	2	461	
65	0	14	step_2_no_load	5	6	0.629137942344	0.545555696267	5	326	1	
65	0	15	step_1_no_load	1	2	2	365	
65	0	15	step_2_no_load	3	4	0.633564630036	0.505377237737	3	1032	1	
65	0	16	step_1_no_load	1	2	2	439	
65	0	16	step_2_no_load	3	4	0.626326396372	0.510958036527	3	785	1	
65	0	17	step_1_no_load	1	2	2	536	
65	0	17	step_2_no_load	5	6	0.633350170016	0.562895132605	5	638	0	
65	0	18	step_1_no_load	1	2	1	410	
65	0	18	step_2_no_load	5	6	0.626834332012	0.553554620302	6	1022	0	
65	0	19	step_1_no_load	1	2	2	538	
65	0	19	step_2_no_load	5	6	0.619895761657	0.536502319591	5	379	0	
65	0	20	step_1_no_load	1	2	1	317	
65	0	20	step_2_no_load	3	4	0.60665343963	0.478025448397	3	950	1	
65	0	21	step_1_no_load	1	2	1	412	
65	0	21	step_2_no_load	5	6	0.630305464549	0.470207377245	6	1065	0	
65	0	22	step_1_no_load	1	2	1	683	
65	0	22	step_2_no_load	5	6	0.621949894727	0.468700882609	5	625	0	
65	0	23	step_1_no_load	1	2	1	417	
65	0	23	step_2_no_load	3	4	0.604065470975	0.520606588181	3	822	0	
65	0	24	step_1_no_load	1	2	1	717	
65	0	24	step_2_no_load	5	6	0.582115115688	0.503316199018	5	979	0	
65	0	25	step_1_no_load	1	2	1	461	
65	0	25	step_2_no_load	3	4	0.629917901014	0.503316372362	4	1243	1	
65	0	26	step_1_no_load	1	2	1	537	
65	0	26	step_2_no_load	3	4	0.640635035276	0.511744353778	4	598	1	
65	0	27	step_1_no_load	1	2	1	307	
65	0	27	step_2_no_load	3	4	0.642144756622	0.507272671939	4	439	0	
65	0	28	step_1_no_load	1	2	1	322	
65	0	28	step_2_no_load	5	6	0.588356036098	0.553259388875	6	999	0	
65	0	29	step_1_no_load	1	2	1	469	
65	0	29	step_2_no_load	5	6	0.606613029227	0.561957580386	5	916	1	
65	0	30	step_1_no_load	1	2	2	423	
65	0	30	step_2_no_load	5	6	0.608245979832	0.574272497114	5	389	0	
65	0	31	step_1_no_load	1	2	1	448	
65	0	31	step_2_no_load	5	6	0.636602545794	0.541819886458	-1	-1	-1	
65	0	32	step_1_no_load	1	2	1	127	
65	0	32	step_2_no_load	3	4	0.605616211083	0.520318771114	4	1005	0	
65	0	33	step_1_no_load	1	2	1	451	
65	0	33	step_2_no_load	3	4	0.618000238621	0.487664344039	3	695	1	
65	0	34	step_1_no_load	1	2	1	384	
65	0	34	step_2_no_load	3	4	0.670290552209	0.454565258478	3	510	1	
65	0	35	step_1_no_load	1	2	1	360	
65	0	35	step_2_no_load	3	4	0.649776015006	0.491437207585	3	486	0	
65	0	36	step_1_no_load	1	2	2	418	
65	0	36	step_2_no_load	5	6	0.527635087561	0.611274573488	5	450	1	
65	0	37	step_1_no_load	1	2	2	464	
65	0	37	step_2_no_load	5	6	0.513822304161	0.598446394142	5	441	1	
65	0	38	step_1_no_load	1	2	2	391	
65	0	38	step_2_no_load	5	6	0.539078491643	0.595113730206	5	426	1	
65	0	39	step_1_no_load	1	2	2	362	
65	0	39	step_2_no_load	3	4	0.634483337633	0.578640235206	3	565	1	
65	0	40	step_1_no_load	1	2	2	351	
65	0	40	step_2_no_load	3	4	0.636994900683	0.5691386571	3	439	1	
65	0	41	step_1_no_load	1	2	2	361	
65	0	41	step_2_no_load	5	6	0.524862294848	0.588857868869	5	372	0	
65	0	42	step_1_no_load	1	2	1	422	
65	0	42	step_2_no_load	3	4	0.606696263624	0.553461946234	3	465	1	
65	0	43	step_1_no_load	1	2	1	350	
65	0	43	step_2_no_load	3	4	0.581931546759	0.548128010644	3	391	1	
65	0	44	step_1_no_load	1	2	1	350	
65	0	44	step_2_no_load	3	4	0.589653131867	0.537842745081	3	450	0	
65	0	45	step_1_no_load	1	2	-1	-1	
65	0	46	step_1_no_load	1	2	-1	-1	
65	0	47	step_1_no_load	1	2	-1	-1	
65	0	48	step_1_no_load	1	2	2	1140	
65	0	48	step_2_no_load	5	6	0.534690828011	0.615767119776	5	605	1	
65	0	49	step_1_no_load	1	2	2	454	
65	0	49	step_2_no_load	3	4	0.614679490594	0.489287375157	3	335	1	
65	0	50	step_1_no_load	1	2	2	394	
65	0	50	step_2_no_load	5	6	0.481616544184	0.606862017918	5	418	0	
65	0	51	step_1_no_load	1	2	1	338	
65	0	51	step_2_no_load	3	4	0.613357430892	0.469943944943	3	392	1	
65	0	52	step_1_no_load	1	2	1	879	
65	0	52	step_2_no_load	3	4	0.613408921915	0.429622901875	3	305	1	
65	0	53	step_1_no_load	1	2	1	333	
65	0	53	step_2_no_load	3	4	0.630956764252	0.451905460347	3	382	0	
65	0	54	step_1_no_load	1	2	2	281	
65	0	54	step_2_no_load	5	6	0.493362545513	0.570223904064	5	354	1	
65	0	55	step_1_no_load	1	2	2	431	
65	0	55	step_2_no_load	5	6	0.526704292526	0.574045915747	5	318	0	
65	0	56	step_1_no_load	1	2	1	353	
65	0	56	step_2_no_load	3	4	0.60038825769	0.459773408493	3	302	0	
65	0	57	step_1_no_load	1	2	2	340	
65	0	57	step_2_no_load	5	6	0.516475618243	0.641849303307	6	302	1	
65	0	58	step_1_no_load	1	2	2	310	
65	0	58	step_2_no_load	5	6	0.528376440027	0.664682809182	6	425	1	
65	0	59	step_1_no_load	1	2	2	317	
65	0	59	step_2_no_load	5	6	0.537400760025	0.632500293208	6	387	0	
65	0	60	step_1_no_load	1	2	1	393	
65	0	60	step_2_no_load	5	6	0.479287247283	0.623687406259	6	356	0	
65	0	61	step_1_no_load	1	2	2	430	
65	0	61	step_2_no_load	5	6	0.527144452559	0.669587072502	5	510	0	
65	0	62	step_1_no_load	1	2	1	328	
65	0	62	step_2_no_load	3	4	0.622820395113	0.50724109756	3	399	1	
65	0	63	step_1_no_load	1	2	1	406	
65	0	63	step_2_no_load	3	4	0.642623127313	0.53192660365	3	464	1	
65	0	64	step_1_no_load	1	2	1	239	
65	0	64	step_2_no_load	5	6	0.533849886794	0.642369708469	5	568	1	
65	0	65	step_1_no_load	1	2	1	317	
65	0	65	step_2_no_load	3	4	0.619953360065	0.569109504048	3	584	1	
65	0	66	step_1_no_load	1	2	1	328	
65	0	66	step_2_no_load	3	4	0.630357351236	0.573761869714	3	410	1	
65	0	67	step_1_no_load	1	2	1	398	
65	0	67	step_2_no_load	5	6	0.538279387614	0.597650193897	5	307	1	
65	0	68	step_1_no_load	1	2	2	626	
65	0	68	step_2_no_load	3	4	0.719455209845	0.509127161919	3	312	1	
65	0	69	step_1_no_load	1	2	1	492	
65	0	69	step_2_no_load	3	4	0.718756538957	0.499137600991	3	569	1	
65	0	70	step_1_no_load	1	2	1	463	
65	0	70	step_2_no_load	3	4	0.697741832068	0.498834901463	3	416	0	
65	0	71	step_1_no_load	1	2	2	343	
65	0	71	step_2_no_load	3	4	0.706816191949	0.482863323776	3	1023	0	
65	0	72	step_1_no_load	1	2	2	681	
65	0	72	step_2_no_load	5	6	0.556486305476	0.626024641967	5	440	1	
65	0	73	step_1_no_load	1	2	2	367	
65	0	73	step_2_no_load	5	6	0.50185699984	0.657126403029	5	435	0	
65	0	74	step_1_no_load	1	2	1	377	
65	0	74	step_2_no_load	3	4	0.693624670847	0.453420386428	3	1096	1	
65	0	75	step_1_no_load	1	2	1	383	
65	0	75	step_2_no_load	3	4	0.697629587097	0.44832280175	3	455	1	
65	0	76	step_1_no_load	1	2	1	352	
65	0	76	step_2_no_load	3	4	0.690117652944	0.488583631821	3	845	1	
65	0	77	step_1_no_load	1	2	1	388	
65	0	77	step_2_no_load	5	6	0.538119616568	0.564257587118	6	564	0	
65	0	78	step_1_no_load	1	2	1	295	
65	0	78	step_2_no_load	3	4	0.647586191228	0.435911167612	3	467	1	
65	0	79	step_1_no_load	1	2	1	287	
65	0	79	step_2_no_load	5	6	0.540085062695	0.513695512795	5	566	1	
65	0	80	step_1_no_load	1	2	1	434	
65	0	80	step_2_no_load	5	6	0.49921021142	0.518583383166	5	669	1	
65	0	81	step_1_no_load	1	2	2	357	
65	0	81	step_2_no_load	5	6	0.494116554432	0.529745690463	5	432	0	
65	0	82	step_1_no_load	1	2	2	756	
65	0	82	step_2_no_load	3	4	0.688340116885	0.395813831323	3	949	1	
65	0	83	step_1_no_load	1	2	2	513	
65	0	83	step_2_no_load	3	4	0.726885136842	0.382772464038	3	1061	1	
65	0	84	step_1_no_load	1	2	1	312	
65	0	84	step_2_no_load	5	6	0.505586222209	0.65843840156	6	1001	0	
65	0	85	step_1_no_load	1	2	1	653	
65	0	85	step_2_no_load	3	4	0.712989604416	0.384458259121	3	427	1	
65	0	86	step_1_no_load	1	2	1	332	
65	0	86	step_2_no_load	3	4	0.721207648497	0.345323068124	3	539	1	
65	0	87	step_1_no_load	1	2	1	552	
65	0	87	step_2_no_load	3	4	0.690012761069	0.40000499778	3	866	1	
65	0	88	step_1_no_load	1	2	1	372	
65	0	88	step_2_no_load	3	4	0.696773608304	0.377947492322	3	503	1	
65	0	89	step_1_no_load	1	2	1	459	
65	0	89	step_2_no_load	5	6	0.490019385174	0.690772436485	5	507	1	
65	0	90	step_1_no_load	1	2	1	327	
65	0	90	step_2_no_load	3	4	0.688736868033	0.411459496853	3	884	1	
65	0	91	step_1_no_load	1	2	1	346	
65	0	91	step_2_no_load	5	6	0.479087223222	0.685023809334	5	450	1	
65	0	92	step_1_no_load	1	2	1	289	
65	0	92	step_2_no_load	3	4	0.679381608313	0.444368850664	3	396	0	
65	0	93	step_1_no_load	1	2	2	392	
65	0	93	step_2_no_load	5	6	0.473273727684	0.70415710998	5	837	1	
65	0	94	step_1_no_load	1	2	2	361	
65	0	94	step_2_no_load	5	6	0.468637558205	0.719464414227	5	489	0	
65	0	95	step_1_no_load	1	2	1	420	
65	0	95	step_2_no_load	3	4	0.640209855442	0.427150666411	3	629	0	
65	0	96	step_1_no_load	1	2	1	366	
65	0	96	step_2_no_load	5	6	0.437558890646	0.693739812506	6	364	1	
65	0	97	step_1_no_load	1	2	2	319	
65	0	97	step_2_no_load	5	6	0.455601814112	0.681272614291	6	440	1	
65	0	98	step_1_no_load	1	2	2	363	
65	0	98	step_2_no_load	3	4	0.646040060297	0.409778171713	3	1336	1	
65	0	99	step_1_no_load	1	2	2	355	
65	0	99	step_2_no_load	5	6	0.375249961522	0.673709850038	6	381	1	
65	0	100	step_1_no_load	1	2	2	382	
65	0	100	step_2_no_load	3	4	0.66579920021	0.4333505304	4	505	0	
65	0	101	step_1_no_load	1	2	2	331	
65	0	101	step_2_no_load	5	6	0.366879421891	0.623812401974	6	682	0	
65	0	102	step_1_no_load	1	2	1	371	
65	0	102	step_2_no_load	3	4	0.663124617603	0.494584754513	3	1155	1	
65	0	103	step_1_no_load	1	2	1	307	
65	0	103	step_2_no_load	3	4	0.69058998368	0.481975449893	3	766	1	
65	0	104	step_1_no_load	1	2	1	363	
65	0	104	step_2_no_load	5	6	0.303696146503	0.703870701136	5	459	0	
65	0	105	step_1_no_load	1	2	1	467	
65	0	105	step_2_no_load	3	4	0.722851301692	0.514318365187	3	987	0	
65	0	106	step_1_no_load	1	2	2	274	
65	0	106	step_2_no_load	5	6	0.374131494222	0.712883638252	6	405	1	
65	0	107	step_1_no_load	1	2	2	532	
65	0	107	step_2_no_load	3	4	0.677514185929	0.565220528809	3	911	1	
65	0	108	step_1_no_load	1	2	1	481	
65	0	108	step_2_no_load	3	4	0.681491063126	0.526955028982	3	492	0	
65	0	109	step_1_no_load	1	2	2	367	
65	0	109	step_2_no_load	5	6	0.372328831887	0.71632547018	6	647	0	
65	0	110	step_1_no_load	1	2	2	377	
65	0	110	step_2_no_load	5	6	0.395544455384	0.729599891941	5	406	0	
65	0	111	step_1_no_load	1	2	1	236	
65	0	111	step_2_no_load	3	4	0.634599547742	0.384948378665	4	753	0	
65	0	112	step_1_no_load	1	2	1	466	
65	0	112	step_2_no_load	3	4	0.635252945963	0.392887565883	3	721	1	
65	0	113	step_1_no_load	1	2	1	277	
65	0	113	step_2_no_load	5	6	0.387112818105	0.719324307956	5	487	0	
65	0	114	step_1_no_load	1	2	1	318	
65	0	114	step_2_no_load	3	4	0.657654904272	0.380324086676	3	405	0	
65	0	115	step_1_no_load	1	2	1	551	
65	0	115	step_2_no_load	3	4	0.645721217949	0.390027643099	4	571	1	
65	0	116	step_1_no_load	1	2	1	326	
65	0	116	step_2_no_load	3	4	0.680124293449	0.378149844807	4	422	0	
65	0	117	step_1_no_load	1	2	1	258	
65	0	117	step_2_no_load	3	4	0.671842537277	0.374621793791	3	522	1	
65	0	118	step_1_no_load	1	2	1	334	
65	0	118	step_2_no_load	3	4	0.690484235012	0.357645851833	3	514	0	
65	0	119	step_1_no_load	1	2	2	353	
65	0	119	step_2_no_load	5	6	0.358243439099	0.690424535099	6	800	0	
65	0	120	step_1_no_load	1	2	2	340	
65	0	120	step_2_no_load	5	6	0.333809617664	0.70587238626	5	552	0	
65	0	121	step_1_no_load	1	2	1	884	
65	0	121	step_2_no_load	3	4	0.671052306195	0.352721767208	3	438	0	
65	0	122	step_1_no_load	1	2	2	697	
65	0	122	step_2_no_load	5	6	0.266650857402	0.6136886145	5	407	1	
65	0	123	step_1_no_load	1	2	2	303	
65	0	123	step_2_no_load	5	6	0.269780614928	0.583607229978	5	436	0	
65	0	124	step_1_no_load	1	2	1	307	
65	0	124	step_2_no_load	3	4	0.624161788269	0.309430836661	3	476	0	
65	0	125	step_1_no_load	1	2	1	259	
65	0	125	step_2_no_load	3	4	0.633566302563	0.303110862715	4	497	0	
65	0	126	step_1_no_load	1	2	2	305	
65	0	126	step_2_no_load	3	4	0.600985760967	0.300846667696	3	773	0	
65	0	127	step_1_no_load	1	2	2	557	
65	0	127	step_2_no_load	5	6	0.273483952592	0.560824094575	6	850	1	
65	0	128	step_1_no_load	1	2	2	380	
65	0	128	step_2_no_load	5	6	0.260252451606	0.636905534066	6	385	1	
65	0	129	step_1_no_load	1	2	2	281	
65	0	129	step_2_no_load	5	6	0.268213321963	0.685297910719	6	586	0	
65	0	130	step_1_no_load	1	2	1	732	
65	0	130	step_2_no_load	3	4	0.630285316669	0.274560758494	3	291	1	
65	0	131	step_1_no_load	1	2	2	479	
65	0	131	step_2_no_load	5	6	0.281500842289	0.678044920845	6	405	1	
65	0	132	step_1_no_load	1	2	1	310	
65	0	132	step_2_no_load	5	6	0.27986961048	0.668578020634	5	313	1	
65	0	133	step_1_no_load	1	2	1	265	
65	0	133	step_2_no_load	3	4	0.691649444281	0.312642735495	3	381	1	
65	0	134	step_1_no_load	1	2	2	289	
65	0	134	step_2_no_load	3	4	0.685529359147	0.302839427162	4	506	0	
65	0	135	step_1_no_load	1	2	1	512	
65	0	135	step_2_no_load	5	6	0.300079459047	0.593710006149	5	349	0	
65	0	136	step_1_no_load	1	2	1	328	
65	0	136	step_2_no_load	5	6	0.307766925452	0.597814413435	6	1006	1	
65	0	137	step_1_no_load	1	2	1	102	
65	0	137	step_2_no_load	5	6	0.346433498467	0.605896884497	6	398	1	
65	0	138	step_1_no_load	1	2	1	1	
65	0	138	step_2_no_load	3	4	0.688182193337	0.307694123906	3	0	1	
65	0	139	step_1_no_load	1	2	1	312	
65	0	139	step_2_no_load	3	4	0.696355985729	0.323660750961	3	603	0	
65	0	140	step_1_no_load	1	2	2	263	
65	0	140	step_2_no_load	3	4	0.637682840728	0.328174526491	3	644	1	
65	0	141	step_1_no_load	1	2	1	331	
65	0	141	step_2_no_load	3	4	0.616803346728	0.311809871418	3	864	0	
65	0	142	step_1_no_load	1	2	1	354	
65	0	142	step_2_no_load	5	6	0.397052682821	0.690276058009	6	680	1	
65	0	143	step_1_no_load	1	2	1	507	
65	0	143	step_2_no_load	3	4	0.610219102298	0.313516825296	4	748	0	
65	0	144	step_1_no_load	1	2	1	329	
65	0	144	step_2_no_load	5	6	0.389234194056	0.626443722248	5	576	1	
65	0	145	step_1_no_load	1	2	1	470	
65	0	145	step_2_no_load	3	4	0.606515632748	0.266265924094	4	903	0	
65	0	146	step_1_no_load	1	2	1	387	
65	0	146	step_2_no_load	3	4	0.593778463268	0.257861956214	3	405	1	
65	0	147	step_1_no_load	1	2	1	327	
65	0	147	step_2_no_load	3	4	0.594861186319	0.265578160642	3	508	1	
65	0	148	step_1_no_load	1	2	1	522	
65	0	148	step_2_no_load	5	6	0.311162711725	0.619272702026	6	757	0	
65	0	149	step_1_no_load	1	2	1	295	
65	0	149	step_2_no_load	5	6	0.300290206122	0.601870110183	5	394	0	
65	0	150	step_1_no_load	1	2	1	301	
65	0	150	step_2_no_load	3	4	0.605912419156	0.305587692243	3	488	0	
65	0	151	step_1_no_load	1	2	1	333	
65	0	151	step_2_no_load	3	4	0.614159737668	0.348172164421	4	591	0	
65	0	152	step_1_no_load	1	2	1	261	
65	0	152	step_2_no_load	3	4	0.644204174791	0.307702500543	3	442	1	
65	0	153	step_1_no_load	1	2	1	367	
65	0	153	step_2_no_load	3	4	0.681559292085	0.309356532263	3	445	0	
65	0	154	step_1_no_load	1	2	1	362	
65	0	154	step_2_no_load	5	6	0.348349389262	0.638934099562	6	1090	1	
65	0	155	step_1_no_load	1	2	1	386	
65	0	155	step_2_no_load	5	6	0.372188990474	0.632486591889	6	981	1	
65	0	156	step_1_no_load	1	2	1	482	
65	0	156	step_2_no_load	3	4	0.734436160799	0.32564867104	3	613	1	
65	0	157	step_1_no_load	1	2	1	353	
65	0	157	step_2_no_load	5	6	0.324728201487	0.585191807512	6	766	0	
65	0	158	step_1_no_load	1	2	2	265	
65	0	158	step_2_no_load	5	6	0.334595868098	0.532722108502	6	879	1	
65	0	159	step_1_no_load	1	2	2	324	
65	0	159	step_2_no_load	3	4	0.697903160072	0.413026375257	3	963	1	
65	0	160	step_1_no_load	1	2	2	413	
65	0	160	step_2_no_load	3	4	0.710728171711	0.415052912783	3	555	1	
65	0	161	step_1_no_load	1	2	2	327	
65	0	161	step_2_no_load	5	6	0.438878285506	0.516036498158	6	857	0	
65	0	162	step_1_no_load	1	2	2	433	
65	0	162	step_2_no_load	3	4	0.695144769903	0.3926701003	3	787	1	
65	0	163	step_1_no_load	1	2	1	413	
65	0	163	step_2_no_load	3	4	0.697095951435	0.395221309311	3	586	0	
65	0	164	step_1_no_load	1	2	1	412	
65	0	164	step_2_no_load	3	4	0.692137394606	0.432761720497	4	719	1	
65	0	165	step_1_no_load	1	2	1	317	
65	0	165	step_2_no_load	3	4	0.717506143195	0.463777557969	4	389	1	
65	0	166	step_1_no_load	1	2	1	361	
65	0	166	step_2_no_load	3	4	0.686594248975	0.422282731054	4	578	0	
65	0	167	step_1_no_load	1	2	2	283	
65	0	167	step_2_no_load	3	4	0.706271792549	0.38753671275	3	655	1	
65	0	168	step_1_no_load	1	2	1	328	
65	0	168	step_2_no_load	3	4	0.67192508984	0.400817642375	3	461	0	
65	0	169	step_1_no_load	1	2	2	330	
65	0	169	step_2_no_load	5	6	0.365156560071	0.586049140041	6	530	0	
65	0	170	step_1_no_load	1	2	2	335	
65	0	170	step_2_no_load	5	6	0.364989630435	0.57151385403	5	414	1	
65	0	171	step_1_no_load	1	2	2	380	
65	0	171	step_2_no_load	3	4	0.727248140829	0.386979310814	3	1054	1	
65	0	172	step_1_no_load	1	2	2	401	
65	0	172	step_2_no_load	3	4	0.668669556875	0.363617002148	3	779	1	
65	0	173	step_1_no_load	1	2	2	279	
65	0	173	step_2_no_load	5	6	0.462866379815	0.484428109849	5	350	0	
65	0	174	step_1_no_load	1	2	2	431	
65	0	174	step_2_no_load	5	6	0.46236234172	0.472729524832	6	507	1	
65	0	175	step_1_no_load	1	2	2	393	
65	0	175	step_2_no_load	5	6	0.484825491933	0.52644949356	6	557	1	
65	0	176	step_1_no_load	1	2	2	375	
65	0	176	step_2_no_load	5	6	0.500856457218	0.474046874473	6	490	1	
65	0	177	step_1_no_load	1	2	2	308	
65	0	177	step_2_no_load	5	6	0.4798184927	0.501268576771	6	401	0	
65	0	178	step_1_no_load	1	2	2	337	
65	0	178	step_2_no_load	3	4	0.705993797498	0.36473828006	3	249	1	
65	0	179	step_1_no_load	1	2	1	293	
65	0	179	step_2_no_load	5	6	0.493565996034	0.457298770028	6	633	0	
65	0	180	step_1_no_load	1	2	2	300	
65	0	180	step_2_no_load	5	6	0.489345734128	0.482853857291	5	450	0	
65	0	181	step_1_no_load	1	2	1	330	
65	0	181	step_2_no_load	3	4	0.746910336326	0.342402764747	3	631	1	
65	0	182	step_1_no_load	1	2	1	359	
65	0	182	step_2_no_load	3	4	0.72717560423	0.340533666308	3	637	1	
65	0	183	step_1_no_load	1	2	1	450	
65	0	183	step_2_no_load	3	4	0.720388040749	0.350175837802	3	576	0	
65	0	184	step_1_no_load	1	2	1	432	
65	0	184	step_2_no_load	3	4	0.657291439324	0.362743255194	3	618	1	
65	0	185	step_1_no_load	1	2	1	393	
65	0	185	step_2_no_load	5	6	0.482228039858	0.479703516092	5	454	1	
65	0	186	step_1_no_load	1	2	1	459	
65	0	186	step_2_no_load	3	4	0.656308636836	0.332733011923	3	521	0	
65	0	187	step_1_no_load	1	2	1	442	
65	0	187	step_2_no_load	3	4	0.678211978625	0.328890769988	4	697	0	
65	0	188	step_1_no_load	1	2	1	390	
65	0	188	step_2_no_load	3	4	0.696362660087	0.291508050861	3	513	0	
65	0	189	step_1_no_load	1	2	2	511	
65	0	189	step_2_no_load	5	6	0.534753756004	0.448897869069	5	526	0	
65	0	190	step_1_no_load	1	2	2	293	
65	0	190	step_2_no_load	5	6	0.505820429042	0.433568856946	6	418	1	
65	0	191	step_1_no_load	1	2	2	394	
65	0	191	step_2_no_load	5	6	0.512103523931	0.435748387321	6	300	1	
65	0	192	step_1_no_load	1	2	2	274	
65	0	192	step_2_no_load	5	6	0.493851022417	0.450791310283	6	454	1	
65	0	193	step_1_no_load	1	2	2	360	
65	0	193	step_2_no_load	5	6	0.504944704439	0.440813209638	6	418	0	
65	0	194	step_1_no_load	1	2	1	578	
65	0	194	step_2_no_load	5	6	0.505359594715	0.433250459893	6	352	0	
65	0	195	step_1_no_load	1	2	2	402	
65	0	195	step_2_no_load	3	4	0.646280688878	0.348571348505	4	1011	0	
65	0	196	step_1_no_load	1	2	1	653	
65	0	196	step_2_no_load	3	4	0.695101215304	0.365373286058	3	612	0	
65	0	197	step_1_no_load	1	2	2	318	
65	0	197	step_2_no_load	5	6	0.47786945426	0.422511153127	5	396	1	
65	0	198	step_1_no_load	1	2	2	355	
65	0	198	step_2_no_load	5	6	0.485065498391	0.397292432346	5	604	1	
65	0	199	step_1_no_load	1	2	2	400	
65	0	199	step_2_no_load	3	4	0.73697129762	0.292861528884	4	1200	0	
65	0	200	step_1_no_load	1	2	2	331	
65	0	200	step_2_no_load	5	6	0.507902534353	0.372436949782	5	337	1	

Thu Feb  9 17:07:56 2017
