Tue Feb 14 09:25:33 2017	
66	0	1	step_1_no_load	1	2	1	1408	
66	0	1	step_2_no_load	3	4	0.511789129507	0.594299910136	3	633	0	
66	0	2	step_1_no_load	1	2	1	637	
66	0	2	step_2_no_load	5	6	0.474613197709	0.580156942153	5	676	1	
66	0	3	step_1_no_load	1	2	1	892	
66	0	3	step_2_no_load	3	4	0.516002945397	0.589215227351	3	517	0	
66	0	4	step_1_no_load	1	2	2	370	
66	0	4	step_2_no_load	3	4	0.494597764192	0.564086293706	4	900	0	
66	0	5	step_1_no_load	1	2	1	529	
66	0	5	step_2_no_load	5	6	0.495568760483	0.623810210114	-1	-1	-1	
66	0	6	step_1_no_load	1	2	1	485	
66	0	6	step_2_no_load	5	6	0.506877622204	0.585722686883	5	470	1	
66	0	7	step_1_no_load	1	2	2	564	
66	0	7	step_2_no_load	5	6	0.500071913476	0.568656746487	6	444	0	
66	0	8	step_1_no_load	1	2	1	299	
66	0	8	step_2_no_load	3	4	0.499203529332	0.624210374623	3	821	0	
66	0	9	step_1_no_load	1	2	1	328	
66	0	9	step_2_no_load	5	6	0.496546708465	0.598049061473	6	872	1	
66	0	10	step_1_no_load	1	2	1	344	
66	0	10	step_2_no_load	5	6	0.482364178155	0.652626043146	6	615	1	
66	0	11	step_1_no_load	1	2	2	638	
66	0	11	step_2_no_load	5	6	0.477013315682	0.69163818036	6	826	1	
66	0	12	step_1_no_load	1	2	1	684	
66	0	12	step_2_no_load	3	4	0.597131918027	0.552770607849	3	813	1	
66	0	13	step_1_no_load	1	2	1	651	
66	0	13	step_2_no_load	3	4	0.595790490356	0.558313135925	3	421	1	
66	0	14	step_1_no_load	1	2	1	1208	
66	0	14	step_2_no_load	3	4	0.611256675753	0.545555696267	4	889	0	
66	0	15	step_1_no_load	1	2	1	503	
66	0	15	step_2_no_load	3	4	0.633564630036	0.570419113221	3	353	1	
66	0	16	step_1_no_load	1	2	1	505	
66	0	16	step_2_no_load	5	6	0.510958036527	0.628091198119	5	396	1	
66	0	17	step_1_no_load	1	2	1	499	
66	0	17	step_2_no_load	5	6	0.535958400205	0.633350170016	5	594	1	
66	0	18	step_1_no_load	1	2	1	365	
66	0	18	step_2_no_load	3	4	0.626895526976	0.553554620302	3	754	1	
66	0	19	step_1_no_load	1	2	1	595	
66	0	19	step_2_no_load	3	4	0.644773170243	0.536502319591	3	546	0	
66	0	20	step_1_no_load	1	2	2	703	
66	0	20	step_2_no_load	5	6	0.478025448397	0.636521555122	5	425	0	
66	0	21	step_1_no_load	1	2	1	391	
66	0	21	step_2_no_load	3	4	0.611328949295	0.470207377245	3	430	1	
66	0	22	step_1_no_load	1	2	1	255	
66	0	22	step_2_no_load	5	6	0.506100011497	0.621949894727	5	571	1	
66	0	23	step_1_no_load	1	2	1	325	
66	0	23	step_2_no_load	3	4	0.604065470975	0.513759772011	3	424	0	
66	0	24	step_1_no_load	1	2	1	323	
66	0	24	step_2_no_load	3	4	0.5800912085	0.503316199018	3	486	0	
66	0	25	step_1_no_load	1	2	1	255	
66	0	25	step_2_no_load	5	6	0.503316372362	0.565698722896	5	338	0	
66	0	26	step_1_no_load	1	2	2	401	
66	0	26	step_2_no_load	5	6	0.511744353778	0.592410219737	6	516	1	
66	0	27	step_1_no_load	1	2	2	616	
66	0	27	step_2_no_load	3	4	0.642144756622	0.54756089792	4	433	0	
66	0	28	step_1_no_load	1	2	1	418	
66	0	28	step_2_no_load	3	4	0.647441527317	0.553259388875	3	414	0	
66	0	29	step_1_no_load	1	2	-1	-1	
66	0	30	step_1_no_load	1	2	-1	-1	
66	0	31	step_1_no_load	1	2	1	415	
66	0	31	step_2_no_load	3	4	0.606122691795	0.541819886458	3	414	1	
66	0	32	step_1_no_load	1	2	1	480	
66	0	32	step_2_no_load	5	6	0.520318771114	0.634585171267	5	579	0	
66	0	33	step_1_no_load	1	2	1	283	
66	0	33	step_2_no_load	3	4	0.618000238621	0.542309898544	3	731	1	
66	0	34	step_1_no_load	1	2	1	568	
66	0	34	step_2_no_load	3	4	0.670290552209	0.538523758058	3	560	0	
66	0	35	step_1_no_load	1	2	1	329	
66	0	35	step_2_no_load	3	4	0.649776015006	0.594167768198	-1	-1	-1	
66	0	36	step_1_no_load	1	2	1	443	
66	0	36	step_2_no_load	3	4	0.661229326326	0.611274573488	4	571	1	
66	0	37	step_1_no_load	1	2	2	340	
66	0	37	step_2_no_load	3	4	0.660658056664	0.598446394142	4	361	0	
66	0	38	step_1_no_load	1	2	1	317	
66	0	38	step_2_no_load	3	4	0.651263699161	0.595113730206	3	489	1	
66	0	39	step_1_no_load	1	2	1	395	
66	0	39	step_2_no_load	3	4	0.634483337633	0.610601635554	4	645	0	
66	0	40	step_1_no_load	1	2	1	45	
66	0	40	step_2_no_load	3	4	0.636994900683	0.607992802154	3	636	1	
66	0	41	step_1_no_load	1	2	2	423	
66	0	41	step_2_no_load	5	6	0.583829055298	0.524862294848	5	327	0	
66	0	42	step_1_no_load	1	2	1	478	
66	0	42	step_2_no_load	3	4	0.606696263624	0.609164606591	3	855	1	
66	0	43	step_1_no_load	1	2	1	651	
66	0	43	step_2_no_load	5	6	0.548128010644	0.553703096215	6	1042	1	
66	0	44	step_1_no_load	1	2	1	347	
66	0	44	step_2_no_load	5	6	0.537842745081	0.541854396676	5	1070	0	
66	0	45	step_1_no_load	1	2	1	213	
66	0	45	step_2_no_load	5	6	0.5288039409	0.579346234508	6	736	0	
66	0	46	step_1_no_load	1	2	2	1	
66	0	46	step_2_no_load	5	6	0.532238720495	0.55511883717	6	560	0	
66	0	47	step_1_no_load	1	2	1	347	
66	0	47	step_2_no_load	3	4	0.634373567175	0.598724660986	4	785	1	
66	0	48	step_1_no_load	1	2	1	467	
66	0	48	step_2_no_load	3	4	0.657624935632	0.615767119776	4	729	0	
66	0	49	step_1_no_load	1	2	1	418	
66	0	49	step_2_no_load	3	4	0.614679490594	0.610193185592	4	618	0	
66	0	50	step_1_no_load	1	2	1	485	
66	0	50	step_2_no_load	5	6	0.47381367271	0.481616544184	6	709	1	
66	0	51	step_1_no_load	1	2	1	472	
66	0	51	step_2_no_load	3	4	0.613357430892	0.564866799699	4	1120	0	
66	0	52	step_1_no_load	1	2	1	407	
66	0	52	step_2_no_load	3	4	0.613408921915	0.539065404057	3	653	1	
66	0	53	step_1_no_load	1	2	1	592	
66	0	53	step_2_no_load	3	4	0.630956764252	0.551457882502	3	752	0	
66	0	54	step_1_no_load	1	2	1	873	
66	0	54	step_2_no_load	3	4	0.652515308527	0.570223904064	4	593	0	
66	0	55	step_1_no_load	1	2	1	427	
66	0	55	step_2_no_load	5	6	0.487025527704	0.526704292526	5	783	1	
66	0	56	step_1_no_load	1	2	1	564	
66	0	56	step_2_no_load	5	6	0.459773408493	0.538512915562	5	704	0	
66	0	57	step_1_no_load	1	2	2	724	
66	0	57	step_2_no_load	5	6	0.466449077359	0.516475618243	5	788	1	
66	0	58	step_1_no_load	1	2	1	610	
66	0	58	step_2_no_load	3	4	0.610896130115	0.664682809182	3	805	0	
66	0	59	step_1_no_load	1	2	2	499	
66	0	59	step_2_no_load	3	4	0.608951267756	0.632500293208	3	833	0	
66	0	60	step_1_no_load	1	2	1	420	
66	0	60	step_2_no_load	5	6	0.491916707098	0.479287247283	6	788	1	
66	0	61	step_1_no_load	1	2	1	660	
66	0	61	step_2_no_load	3	4	0.602879526975	0.669587072502	3	1030	0	
66	0	62	step_1_no_load	1	2	1	647	
66	0	62	step_2_no_load	3	4	0.622820395113	0.691137204746	3	714	0	
66	0	63	step_1_no_load	1	2	1	399	
66	0	63	step_2_no_load	3	4	0.642623127313	0.664284493458	4	379	0	
66	0	64	step_1_no_load	1	2	1	537	
66	0	64	step_2_no_load	5	6	0.555062911513	0.533849886794	6	766	0	
66	0	65	step_1_no_load	1	2	1	652	
66	0	65	step_2_no_load	3	4	0.619953360065	0.612660225018	3	939	0	
66	0	66	step_1_no_load	1	2	1	670	
66	0	66	step_2_no_load	3	4	0.630357351236	0.606938648072	4	602	1	
66	0	67	step_1_no_load	1	2	1	599	
66	0	67	step_2_no_load	3	4	0.674463681351	0.597650193897	3	816	1	
66	0	68	step_1_no_load	1	2	1	922	
66	0	68	step_2_no_load	5	6	0.509127161919	0.523301545299	6	1265	1	
66	0	69	step_1_no_load	1	2	1	866	
66	0	69	step_2_no_load	5	6	0.499137600991	0.560462111264	6	666	0	
66	0	70	step_1_no_load	1	2	1	389	
66	0	70	step_2_no_load	5	6	0.498834901463	0.548075770764	5	468	1	
66	0	71	step_1_no_load	1	2	1	0	
66	0	71	step_2_no_load	3	4	0.706816191949	0.639174917797	3	622	1	
66	0	72	step_1_no_load	1	2	1	446	
66	0	72	step_2_no_load	3	4	0.705884789502	0.626024641967	3	1019	1	
66	0	73	step_1_no_load	1	2	1	654	
66	0	73	step_2_no_load	5	6	0.435957313805	0.50185699984	6	488	0	
66	0	74	step_1_no_load	1	2	1	359	
66	0	74	step_2_no_load	3	4	0.693624670847	0.614462146454	3	532	1	
66	0	75	step_1_no_load	1	2	1	383	
66	0	75	step_2_no_load	3	4	0.697629587097	0.615552849174	3	867	1	
66	0	76	step_1_no_load	1	2	1	207	
66	0	76	step_2_no_load	3	4	0.690117652944	0.62770291155	4	455	1	
66	0	77	step_1_no_load	1	2	1	319	
66	0	77	step_2_no_load	3	4	0.679737625371	0.564257587118	3	519	1	
66	0	78	step_1_no_load	1	2	2	534	
66	0	78	step_2_no_load	3	4	0.647586191228	0.536711448352	4	594	1	
66	0	79	step_1_no_load	1	2	2	406	
66	0	79	step_2_no_load	5	6	0.389124152368	0.540085062695	6	475	1	
66	0	80	step_1_no_load	1	2	2	350	
66	0	80	step_2_no_load	5	6	0.396016175285	0.49921021142	6	534	1	
66	0	81	step_1_no_load	1	2	2	444	
66	0	81	step_2_no_load	5	6	0.419265522488	0.494116554432	6	709	0	
66	0	82	step_1_no_load	1	2	1	271	
66	0	82	step_2_no_load	3	4	0.688340116885	0.564729328387	3	495	0	
66	0	83	step_1_no_load	1	2	1	262	
66	0	83	step_2_no_load	3	4	0.726885136842	0.607907985871	4	408	0	
66	0	84	step_1_no_load	1	2	2	533	
66	0	84	step_2_no_load	5	6	0.385087938645	0.505586222209	5	888	1	
66	0	85	step_1_no_load	1	2	1	546	
66	0	85	step_2_no_load	3	4	0.712989604416	0.692384972752	3	352	1	
66	0	86	step_1_no_load	1	2	1	649	
66	0	86	step_2_no_load	3	4	0.721207648497	0.691782850001	3	471	0	
66	0	87	step_1_no_load	1	2	1	504	
66	0	87	step_2_no_load	5	6	0.40000499778	0.493867001103	5	544	1	
66	0	88	step_1_no_load	1	2	1	398	
66	0	88	step_2_no_load	5	6	0.377947492322	0.509563243675	6	869	0	
66	0	89	step_1_no_load	1	2	1	436	
66	0	89	step_2_no_load	3	4	0.660112261017	0.690772436485	3	461	0	
66	0	90	step_1_no_load	1	2	2	451	
66	0	90	step_2_no_load	5	6	0.411459496853	0.530126112124	5	1153	1	
66	0	91	step_1_no_load	1	2	1	761	
66	0	91	step_2_no_load	3	4	0.657820521772	0.685023809334	4	694	0	
66	0	92	step_1_no_load	1	2	1	475	
66	0	92	step_2_no_load	3	4	0.679381608313	0.692406274724	4	635	1	
66	0	93	step_1_no_load	1	2	1	645	
66	0	93	step_2_no_load	3	4	0.662863370634	0.70415710998	3	484	1	
66	0	94	step_1_no_load	1	2	1	383	
66	0	94	step_2_no_load	3	4	0.668295023896	0.719464414227	3	406	0	
66	0	95	step_1_no_load	1	2	1	335	
66	0	95	step_2_no_load	3	4	0.640209855442	0.715495469274	4	352	0	
66	0	96	step_1_no_load	1	2	2	441	
66	0	96	step_2_no_load	5	6	0.383038640121	0.437558890646	5	466	0	
66	0	97	step_1_no_load	1	2	1	497	
66	0	97	step_2_no_load	3	4	0.651202057411	0.681272614291	3	529	1	
66	0	98	step_1_no_load	1	2	1	455	
66	0	98	step_2_no_load	3	4	0.646040060297	0.70287861952	3	507	0	
66	0	99	step_1_no_load	1	2	1	521	
66	0	99	step_2_no_load	3	4	0.645191748454	0.673709850038	3	357	1	
66	0	100	step_1_no_load	1	2	1	537	
66	0	100	step_2_no_load	3	4	0.66579920021	0.666227451505	4	405	0	
66	0	101	step_1_no_load	1	2	2	400	
66	0	101	step_2_no_load	5	6	0.497432607584	0.366879421891	6	596	0	
66	0	102	step_1_no_load	1	2	2	1235	
66	0	102	step_2_no_load	5	6	0.494584754513	0.326080462175	6	1416	0	
66	0	103	step_1_no_load	1	2	-1	-1	
66	0	104	step_1_no_load	1	2	2	337	
66	0	104	step_2_no_load	5	6	0.521047445908	0.303696146503	5	401	0	
66	0	105	step_1_no_load	1	2	1	352	
66	0	105	step_2_no_load	5	6	0.514318365187	0.352639603242	5	401	1	
66	0	106	step_1_no_load	1	2	1	266	
66	0	106	step_2_no_load	3	4	0.699623252899	0.712883638252	3	308	1	
66	0	107	step_1_no_load	1	2	2	350	
66	0	107	step_2_no_load	3	4	0.677514185929	0.692607431435	3	520	1	
66	0	108	step_1_no_load	1	2	1	370	
66	0	108	step_2_no_load	3	4	0.681491063126	0.695928523711	4	479	1	
66	0	109	step_1_no_load	1	2	2	568	
66	0	109	step_2_no_load	3	4	0.68658494263	0.71632547018	4	326	0	
66	0	110	step_1_no_load	1	2	1	298	
66	0	110	step_2_no_load	3	4	0.65455226558	0.729599891941	3	435	1	
66	0	111	step_1_no_load	1	2	1	277	
66	0	111	step_2_no_load	3	4	0.634599547742	0.724852671171	4	393	0	
66	0	112	step_1_no_load	1	2	2	454	
66	0	112	step_2_no_load	5	6	0.392887565883	0.413393106784	6	314	1	
66	0	113	step_1_no_load	1	2	1	721	
66	0	113	step_2_no_load	5	6	0.370697120277	0.387112818105	5	734	0	
66	0	114	step_1_no_load	1	2	1	372	
66	0	114	step_2_no_load	5	6	0.380324086676	0.384736699284	5	321	1	
66	0	115	step_1_no_load	1	2	1	365	
66	0	115	step_2_no_load	3	4	0.645721217949	0.739704344621	4	386	0	
66	0	116	step_1_no_load	1	2	2	359	
66	0	116	step_2_no_load	3	4	0.680124293449	0.706736514943	4	452	0	
66	0	117	step_1_no_load	1	2	1	443	
66	0	117	step_2_no_load	5	6	0.374621793791	0.363056877927	5	404	0	
66	0	118	step_1_no_load	1	2	2	314	
66	0	118	step_2_no_load	5	6	0.357645851833	0.362977115924	6	388	0	
66	0	119	step_1_no_load	1	2	1	423	
66	0	119	step_2_no_load	3	4	0.661177321751	0.690424535099	4	783	1	
66	0	120	step_1_no_load	1	2	1	364	
66	0	120	step_2_no_load	3	4	0.666433355915	0.70587238626	3	410	1	
66	0	121	step_1_no_load	1	2	1	540	
66	0	121	step_2_no_load	5	6	0.352721767208	0.310775244958	6	1211	0	
66	0	122	step_1_no_load	1	2	1	398	
66	0	122	step_2_no_load	3	4	0.672193618854	0.6136886145	3	438	1	
66	0	123	step_1_no_load	1	2	1	223	
66	0	123	step_2_no_load	3	4	0.664849878232	0.583607229978	3	504	0	
66	0	124	step_1_no_load	1	2	1	272	
66	0	124	step_2_no_load	3	4	0.624161788269	0.603013298253	4	261	0	
66	0	125	step_1_no_load	1	2	2	524	
66	0	125	step_2_no_load	5	6	0.303110862715	0.290374841566	6	482	0	
66	0	126	step_1_no_load	1	2	2	492	
66	0	126	step_2_no_load	5	6	0.300846667696	0.267206368684	5	595	0	
66	0	127	step_1_no_load	1	2	2	433	
66	0	127	step_2_no_load	5	6	0.274944938508	0.273483952592	6	785	0	
66	0	128	step_1_no_load	1	2	2	400	
66	0	128	step_2_no_load	3	4	0.620672334996	0.636905534066	4	428	0	
66	0	129	step_1_no_load	1	2	1	544	
66	0	129	step_2_no_load	5	6	0.271709703542	0.268213321963	5	523	0	
66	0	130	step_1_no_load	1	2	1	308	
66	0	130	step_2_no_load	5	6	0.274560758494	0.267460866951	5	430	0	
66	0	131	step_1_no_load	1	2	2	481	
66	0	131	step_2_no_load	3	4	0.638450601212	0.678044920845	4	570	1	
66	0	132	step_1_no_load	1	2	1	505	
66	0	132	step_2_no_load	3	4	0.660013924697	0.668578020634	4	544	1	
66	0	133	step_1_no_load	1	2	1	447	
66	0	133	step_2_no_load	3	4	0.691649444281	0.617383991623	3	326	0	
66	0	134	step_1_no_load	1	2	1	443	
66	0	134	step_2_no_load	3	4	0.685529359147	0.621945110858	3	236	1	
66	0	135	step_1_no_load	1	2	1	342	
66	0	135	step_2_no_load	3	4	0.700779221781	0.593710006149	3	315	1	
66	0	136	step_1_no_load	1	2	1	223	
66	0	136	step_2_no_load	3	4	0.674914008636	0.597814413435	3	274	1	
66	0	137	step_1_no_load	1	2	1	371	
66	0	137	step_2_no_load	3	4	0.668540846495	0.605896884497	3	723	1	
66	0	138	step_1_no_load	1	2	1	242	
66	0	138	step_2_no_load	3	4	0.688182193337	0.63240964674	3	632	0	
66	0	139	step_1_no_load	1	2	1	312	
66	0	139	step_2_no_load	5	6	0.323660750961	0.325611400511	5	275	0	
66	0	140	step_1_no_load	1	2	1	313	
66	0	140	step_2_no_load	3	4	0.637682840728	0.671213945178	3	240	0	
66	0	141	step_1_no_load	1	2	1	200	
66	0	141	step_2_no_load	3	4	0.616803346728	0.711987889705	4	494	1	
66	0	142	step_1_no_load	1	2	2	421	
66	0	142	step_2_no_load	5	6	0.304203281606	0.397052682821	6	494	1	
66	0	143	step_1_no_load	1	2	2	507	
66	0	143	step_2_no_load	3	4	0.610219102298	0.661365099615	4	506	0	
66	0	144	step_1_no_load	1	2	1	457	
66	0	144	step_2_no_load	3	4	0.639347300184	0.626443722248	3	392	1	
66	0	145	step_1_no_load	1	2	2	546	
66	0	145	step_2_no_load	5	6	0.266265924094	0.355256413269	6	538	0	
66	0	146	step_1_no_load	1	2	1	381	
66	0	146	step_2_no_load	3	4	0.593778463268	0.681611991725	4	286	1	
66	0	147	step_1_no_load	1	2	1	605	
66	0	147	step_2_no_load	3	4	0.594861186319	0.647798886916	4	443	0	
66	0	148	step_1_no_load	1	2	1	520	
66	0	148	step_2_no_load	3	4	0.648050021239	0.619272702026	4	606	1	
66	0	149	step_1_no_load	1	2	2	563	
66	0	149	step_2_no_load	5	6	0.269951834184	0.300290206122	6	410	1	
66	0	150	step_1_no_load	1	2	2	685	
66	0	150	step_2_no_load	5	6	0.305587692243	0.306860041627	5	632	1	
66	0	151	step_1_no_load	1	2	2	826	
66	0	151	step_2_no_load	5	6	0.348172164421	0.310557101463	5	485	0	
66	0	152	step_1_no_load	1	2	1	446	
66	0	152	step_2_no_load	3	4	0.644204174791	0.595108765344	4	321	1	
66	0	153	step_1_no_load	1	2	2	548	
66	0	153	step_2_no_load	5	6	0.309356532263	0.343622632154	5	518	0	
66	0	154	step_1_no_load	1	2	2	401	
66	0	154	step_2_no_load	5	6	0.316375537537	0.348349389262	6	1322	1	
66	0	155	step_1_no_load	1	2	1	384	
66	0	155	step_2_no_load	5	6	0.296093457977	0.372188990474	6	506	0	
66	0	156	step_1_no_load	1	2	2	504	
66	0	156	step_2_no_load	5	6	0.32564867104	0.368378667812	6	274	1	
66	0	157	step_1_no_load	1	2	2	642	
66	0	157	step_2_no_load	3	4	0.720725456325	0.585191807512	4	275	1	
66	0	158	step_1_no_load	1	2	2	358	
66	0	158	step_2_no_load	5	6	0.408728803896	0.334595868098	6	291	0	
66	0	159	step_1_no_load	1	2	1	752	
66	0	159	step_2_no_load	3	4	0.697903160072	0.541222065796	3	330	1	
66	0	160	step_1_no_load	1	2	1	502	
66	0	160	step_2_no_load	5	6	0.415052912783	0.355992626298	5	346	0	
66	0	161	step_1_no_load	1	2	2	437	
66	0	161	step_2_no_load	5	6	0.407025633682	0.438878285506	6	305	0	
66	0	162	step_1_no_load	1	2	1	253	
66	0	162	step_2_no_load	3	4	0.695144769903	0.566496468084	4	307	1	
66	0	163	step_1_no_load	1	2	2	66	
66	0	163	step_2_no_load	3	4	0.697095951435	0.5863391277	3	1095	1	
66	0	164	step_1_no_load	1	2	1	328	
66	0	164	step_2_no_load	5	6	0.432761720497	0.430844125626	5	481	1	
66	0	165	step_1_no_load	1	2	1	2	
66	0	165	step_2_no_load	3	4	0.717506143195	0.538026607649	3	370	1	
66	0	166	step_1_no_load	1	2	1	408	
66	0	166	step_2_no_load	5	6	0.422282731054	0.356317216644	5	280	0	
66	0	167	step_1_no_load	1	2	2	1059	
66	0	167	step_2_no_load	5	6	0.38753671275	0.331115714939	6	771	0	
66	0	168	step_1_no_load	1	2	2	341	
66	0	168	step_2_no_load	5	6	0.400817642375	0.335777599654	5	259	1	
66	0	169	step_1_no_load	1	2	2	605	
66	0	169	step_2_no_load	5	6	0.42098542374	0.365156560071	6	384	0	
66	0	170	step_1_no_load	1	2	1	525	
66	0	170	step_2_no_load	3	4	0.67334314737	0.57151385403	3	494	0	
66	0	171	step_1_no_load	1	2	2	294	
66	0	171	step_2_no_load	3	4	0.727248140829	0.553314431843	3	503	0	
66	0	172	step_1_no_load	1	2	1	310	
66	0	172	step_2_no_load	3	4	0.668669556875	0.519090471457	4	475	1	
66	0	173	step_1_no_load	1	2	-1	-1	
66	0	174	step_1_no_load	1	2	2	585	
66	0	174	step_2_no_load	5	6	0.387867297446	0.46236234172	5	286	0	
66	0	175	step_1_no_load	1	2	1	204	
66	0	175	step_2_no_load	3	4	0.693968268443	0.52644949356	3	397	0	
66	0	176	step_1_no_load	1	2	1	260	
66	0	176	step_2_no_load	3	4	0.679250000396	0.474046874473	4	351	0	
66	0	177	step_1_no_load	1	2	1	302	
66	0	177	step_2_no_load	5	6	0.357425668099	0.4798184927	5	339	0	
66	0	178	step_1_no_load	1	2	1	385	
66	0	178	step_2_no_load	5	6	0.36473828006	0.49020858644	5	382	0	
66	0	179	step_1_no_load	1	2	1	459	
66	0	179	step_2_no_load	5	6	0.324685418097	0.493565996034	5	356	1	
66	0	180	step_1_no_load	1	2	1	321	
66	0	180	step_2_no_load	5	6	0.341214611607	0.489345734128	5	403	0	
66	0	181	step_1_no_load	1	2	1	477	
66	0	181	step_2_no_load	3	4	0.746910336326	0.508735114046	4	408	0	
66	0	182	step_1_no_load	1	2	1	317	
66	0	182	step_2_no_load	5	6	0.340533666308	0.49907747228	5	277	0	
66	0	183	step_1_no_load	1	2	1	282	
66	0	183	step_2_no_load	3	4	0.720388040749	0.502991759047	4	311	0	
66	0	184	step_1_no_load	1	2	1	275	
66	0	184	step_2_no_load	3	4	0.657291439324	0.460890977786	3	474	1	
66	0	185	step_1_no_load	1	2	1	630	
66	0	185	step_2_no_load	3	4	0.665622647081	0.479703516092	3	568	1	
66	0	186	step_1_no_load	1	2	2	556	
66	0	186	step_2_no_load	5	6	0.332733011923	0.484672582719	5	412	0	
66	0	187	step_1_no_load	1	2	2	410	
66	0	187	step_2_no_load	5	6	0.328890769988	0.498596507669	6	243	1	
66	0	188	step_1_no_load	1	2	2	317	
66	0	188	step_2_no_load	3	4	0.696362660087	0.471319680586	3	343	1	
66	0	189	step_1_no_load	1	2	1	390	
66	0	189	step_2_no_load	3	4	0.688353284054	0.448897869069	3	721	1	
66	0	190	step_1_no_load	1	2	1	442	
66	0	190	step_2_no_load	3	4	0.667655825994	0.433568856946	3	636	0	
66	0	191	step_1_no_load	1	2	2	384	
66	0	191	step_2_no_load	3	4	0.664271461991	0.435748387321	3	294	1	
66	0	192	step_1_no_load	1	2	1	362	
66	0	192	step_2_no_load	5	6	0.299297135717	0.493851022417	6	365	0	
66	0	193	step_1_no_load	1	2	1	416	
66	0	193	step_2_no_load	3	4	0.679792491164	0.440813209638	3	400	1	
66	0	194	step_1_no_load	1	2	1	157	
66	0	194	step_2_no_load	3	4	0.655261361454	0.433250459893	4	724	0	
66	0	195	step_1_no_load	1	2	1	1026	
66	0	195	step_2_no_load	5	6	0.348571348505	0.494102184238	5	509	0	
66	0	196	step_1_no_load	1	2	2	402	
66	0	196	step_2_no_load	5	6	0.365373286058	0.496717662777	5	403	1	
66	0	197	step_1_no_load	1	2	1	385	
66	0	197	step_2_no_load	3	4	0.686552522522	0.422511153127	3	646	0	
66	0	198	step_1_no_load	1	2	1	277	
66	0	198	step_2_no_load	3	4	0.68660989813	0.397292432346	4	575	0	
66	0	199	step_1_no_load	1	2	1	781	
66	0	199	step_2_no_load	3	4	0.73697129762	0.39793773834	3	588	0	
66	0	200	step_1_no_load	1	2	1	942	
66	0	200	step_2_no_load	3	4	0.728996708473	0.372436949782	4	802	1	

Tue Feb 14 09:43:57 2017
