Fri Feb 17 09:35:31 2017	
68	0	1	step_1_no_load	1	2	1	1375	
68	0	1	step_2_no_load	3	4	0.457620150462	0.598297890399	3	1375	0	
68	0	2	step_1_no_load	1	2	1	629	
68	0	2	step_2_no_load	3	4	0.474613197709	0.580156942153	4	639	1	
68	0	3	step_1_no_load	1	2	1	540	
68	0	3	step_2_no_load	3	4	0.476767372206	0.584197065669	4	564	1	
68	0	4	step_1_no_load	1	2	1	389	
68	0	4	step_2_no_load	3	4	0.478607661228	0.597491569846	4	559	0	
68	0	5	step_1_no_load	1	2	1	542	
68	0	5	step_2_no_load	3	4	0.495568760483	0.623810210114	4	522	1	
68	0	6	step_1_no_load	1	2	1	359	
68	0	6	step_2_no_load	5	6	0.490454120702	0.603642866427	-1	-1	-1	
68	0	7	step_1_no_load	1	2	1	531	
68	0	7	step_2_no_load	3	4	0.500071913476	0.568656746487	4	1168	1	
68	0	8	step_1_no_load	1	2	1	371	
68	0	8	step_2_no_load	3	4	0.489816616396	0.59128639594	4	477	1	
68	0	9	step_1_no_load	1	2	1	469	
68	0	9	step_2_no_load	3	4	0.496546708465	0.598049061473	4	501	0	
68	0	10	step_1_no_load	1	2	1	383	
68	0	10	step_2_no_load	3	4	0.482364178155	0.652626043146	3	646	0	
68	0	11	step_1_no_load	1	2	1	660	
68	0	11	step_2_no_load	3	4	0.477013315682	0.69163818036	3	694	1	
68	0	12	step_1_no_load	1	2	1	568	
68	0	12	step_2_no_load	3	4	0.48457206759	0.682786328054	3	974	1	
68	0	13	step_1_no_load	1	2	1	396	
68	0	13	step_2_no_load	3	4	0.52012981853	0.653587098421	3	1094	1	
68	0	14	step_1_no_load	1	2	1	294	
68	0	14	step_2_no_load	5	6	0.611256675753	0.545555696267	5	996	1	
68	0	15	step_1_no_load	1	2	1	370	
68	0	15	step_2_no_load	3	4	0.505377237737	0.612260006668	3	949	1	
68	0	16	step_1_no_load	1	2	1	424	
68	0	16	step_2_no_load	3	4	0.510958036527	0.628091198119	3	512	1	
68	0	17	step_1_no_load	1	2	1	384	
68	0	17	step_2_no_load	5	6	0.643116883134	0.562895132605	5	1056	1	
68	0	18	step_1_no_load	1	2	1	479	
68	0	18	step_2_no_load	3	4	0.517514133912	0.626834332012	3	681	0	
68	0	19	step_1_no_load	1	2	1	346	
68	0	19	step_2_no_load	3	4	0.498240186199	0.619895761657	4	734	0	
68	0	20	step_1_no_load	1	2	1	589	
68	0	20	step_2_no_load	3	4	0.478025448397	0.636521555122	4	701	1	
68	0	21	step_1_no_load	1	2	1	381	
68	0	21	step_2_no_load	5	6	0.611328949295	0.470207377245	5	856	1	
68	0	22	step_1_no_load	1	2	1	446	
68	0	22	step_2_no_load	5	6	0.618527126547	0.468700882609	5	1229	0	
68	0	23	step_1_no_load	1	2	1	604	
68	0	23	step_2_no_load	5	6	0.604065470975	0.513759772011	6	1220	0	
68	0	24	step_1_no_load	1	2	1	537	
68	0	24	step_2_no_load	5	6	0.5800912085	0.503316199018	6	1319	1	
68	0	25	step_1_no_load	1	2	1	654	
68	0	25	step_2_no_load	5	6	0.629917901014	0.503605105412	6	815	1	
68	0	26	step_1_no_load	1	2	1	411	
68	0	26	step_2_no_load	3	4	0.511744353778	0.592410219737	3	1108	0	
68	0	27	step_1_no_load	1	2	1	438	
68	0	27	step_2_no_load	5	6	0.642144756622	0.54756089792	6	1124	1	
68	0	28	step_1_no_load	1	2	1	651	
68	0	28	step_2_no_load	3	4	0.520177259699	0.588356036098	4	1075	1	
68	0	29	step_1_no_load	1	2	1	686	
68	0	29	step_2_no_load	3	4	0.521159009103	0.606613029227	4	826	1	
68	0	30	step_1_no_load	1	2	1	945	
68	0	30	step_2_no_load	5	6	0.610227092493	0.574272497114	6	907	0	
68	0	31	step_1_no_load	1	2	1	567	
68	0	31	step_2_no_load	3	4	0.483156722265	0.636602545794	4	990	1	
68	0	32	step_1_no_load	1	2	1	552	
68	0	32	step_2_no_load	5	6	0.605616211083	0.522993086096	5	1200	0	
68	0	33	step_1_no_load	1	2	1	466	
68	0	33	step_2_no_load	3	4	0.487664344039	0.611700032906	4	1006	1	
68	0	34	step_1_no_load	1	2	1	374	
68	0	34	step_2_no_load	5	6	0.670290552209	0.538523758058	-1	-1	-1	
68	0	35	step_1_no_load	1	2	1	366	
68	0	35	step_2_no_load	5	6	0.649776015006	0.594167768198	5	694	1	
68	0	36	step_1_no_load	1	2	1	688	
68	0	36	step_2_no_load	5	6	0.661229326326	0.611274573488	5	661	1	
68	0	37	step_1_no_load	1	2	1	462	
68	0	37	step_2_no_load	5	6	0.660658056664	0.598446394142	5	756	1	
68	0	38	step_1_no_load	1	2	1	581	
68	0	38	step_2_no_load	3	4	0.553931241266	0.539078491643	3	1097	0	
68	0	39	step_1_no_load	1	2	1	438	
68	0	39	step_2_no_load	5	6	0.634483337633	0.610601635554	5	802	1	
68	0	40	step_1_no_load	1	2	1	413	
68	0	40	step_2_no_load	3	4	0.5691386571	0.580760785074	4	827	0	
68	0	41	step_1_no_load	1	2	1	548	
68	0	41	step_2_no_load	3	4	0.583829055298	0.524862294848	4	582	0	
68	0	42	step_1_no_load	1	2	1	346	
68	0	42	step_2_no_load	3	4	0.553461946234	0.533857158543	3	486	1	
68	0	43	step_1_no_load	1	2	1	421	
68	0	43	step_2_no_load	3	4	0.548128010644	0.553703096215	3	1146	1	
68	0	44	step_1_no_load	1	2	1	448	
68	0	44	step_2_no_load	3	4	0.537842745081	0.541854396676	3	715	1	
68	0	45	step_1_no_load	1	2	1	482	
68	0	45	step_2_no_load	5	6	0.620699591043	0.632991467829	5	931	1	
68	0	46	step_1_no_load	1	2	1	476	
68	0	46	step_2_no_load	3	4	0.532238720495	0.55511883717	3	957	0	
68	0	47	step_1_no_load	1	2	1	375	
68	0	47	step_2_no_load	3	4	0.493112702321	0.546259467838	3	735	1	
68	0	48	step_1_no_load	1	2	1	599	
68	0	48	step_2_no_load	3	4	0.488280685105	0.534690828011	4	658	0	
68	0	49	step_1_no_load	1	2	1	317	
68	0	49	step_2_no_load	3	4	0.489287375157	0.512405963374	3	818	0	
68	0	50	step_1_no_load	1	2	1	399	
68	0	50	step_2_no_load	3	4	0.47381367271	0.481616544184	4	707	0	
68	0	51	step_1_no_load	1	2	1	534	
68	0	51	step_2_no_load	3	4	0.469943944943	0.508197321577	4	1407	1	
68	0	52	step_1_no_load	1	2	1	437	
68	0	52	step_2_no_load	5	6	0.613408921915	0.539065404057	5	955	1	
68	0	53	step_1_no_load	1	2	1	439	
68	0	53	step_2_no_load	3	4	0.451905460347	0.475342927439	4	1147	0	
68	0	54	step_1_no_load	1	2	1	481	
68	0	54	step_2_no_load	3	4	0.491512498697	0.493362545513	3	1284	0	
68	0	55	step_1_no_load	1	2	1	662	
68	0	55	step_2_no_load	3	4	0.487025527704	0.526704292526	4	964	1	
68	0	56	step_1_no_load	1	2	1	533	
68	0	56	step_2_no_load	5	6	0.60038825769	0.601856598146	5	930	1	
68	0	57	step_1_no_load	1	2	1	446	
68	0	57	step_2_no_load	3	4	0.466449077359	0.516475618243	4	1253	1	
68	0	58	step_1_no_load	1	2	1	545	
68	0	58	step_2_no_load	5	6	0.610896130115	0.664682809182	5	946	1	
68	0	59	step_1_no_load	1	2	1	444	
68	0	59	step_2_no_load	3	4	0.480274332693	0.537400760025	4	881	1	
68	0	60	step_1_no_load	1	2	1	401	
68	0	60	step_2_no_load	3	4	0.491916707098	0.479287247283	4	665	0	
68	0	61	step_1_no_load	1	2	1	440	
68	0	61	step_2_no_load	3	4	0.464268875813	0.527144452559	3	873	0	
68	0	62	step_1_no_load	1	2	1	349	
68	0	62	step_2_no_load	3	4	0.50724109756	0.533031417444	3	483	1	
68	0	63	step_1_no_load	1	2	1	437	
68	0	63	step_2_no_load	3	4	0.53192660365	0.519445130796	3	610	0	
68	0	64	step_1_no_load	1	2	1	541	
68	0	64	step_2_no_load	3	4	0.555062911513	0.533849886794	3	521	1	
68	0	65	step_1_no_load	1	2	1	436	
68	0	65	step_2_no_load	3	4	0.569109504048	0.517687993213	3	643	1	
68	0	66	step_1_no_load	1	2	1	426	
68	0	66	step_2_no_load	3	4	0.573761869714	0.555324764318	3	608	1	
68	0	67	step_1_no_load	1	2	1	515	
68	0	67	step_2_no_load	3	4	0.542076810516	0.538279387614	3	590	1	
68	0	68	step_1_no_load	1	2	1	633	
68	0	68	step_2_no_load	3	4	0.509127161919	0.523301545299	3	442	0	
68	0	69	step_1_no_load	1	2	1	361	
68	0	69	step_2_no_load	5	6	0.718756538957	0.622221685203	5	1032	0	
68	0	70	step_1_no_load	1	2	1	403	
68	0	70	step_2_no_load	3	4	0.498834901463	0.548075770764	4	1162	1	
68	0	71	step_1_no_load	1	2	1	680	
68	0	71	step_2_no_load	3	4	0.482863323776	0.546215110045	4	689	1	
68	0	72	step_1_no_load	1	2	1	394	
68	0	72	step_2_no_load	3	4	0.47409116389	0.556486305476	4	744	1	
68	0	73	step_1_no_load	1	2	1	549	
68	0	73	step_2_no_load	3	4	0.435957313805	0.50185699984	4	755	0	
68	0	74	step_1_no_load	1	2	1	310	
68	0	74	step_2_no_load	3	4	0.453420386428	0.491044983779	4	916	0	
68	0	75	step_1_no_load	1	2	1	480	
68	0	75	step_2_no_load	5	6	0.697629587097	0.615552849174	6	1283	1	
68	0	76	step_1_no_load	1	2	1	405	
68	0	76	step_2_no_load	5	6	0.690117652944	0.62770291155	6	769	0	
68	0	77	step_1_no_load	1	2	1	328	
68	0	77	step_2_no_load	3	4	0.446809557226	0.538119616568	-1	-1	-1	
68	0	78	step_1_no_load	1	2	1	484	
68	0	78	step_2_no_load	5	6	0.647586191228	0.536711448352	5	864	0	
68	0	79	step_1_no_load	1	2	1	420	
68	0	79	step_2_no_load	3	4	0.389124152368	0.540085062695	4	968	0	
68	0	80	step_1_no_load	1	2	1	505	
68	0	80	step_2_no_load	3	4	0.396016175285	0.49921021142	3	706	0	
68	0	81	step_1_no_load	1	2	1	535	
68	0	81	step_2_no_load	3	4	0.419265522488	0.494116554432	3	688	0	
68	0	82	step_1_no_load	1	2	1	466	
68	0	82	step_2_no_load	3	4	0.395813831323	0.482727017837	4	577	1	
68	0	83	step_1_no_load	1	2	1	465	
68	0	83	step_2_no_load	5	6	0.726885136842	0.607907985871	5	1120	1	
68	0	84	step_1_no_load	1	2	1	501	
68	0	84	step_2_no_load	3	4	0.385087938645	0.505586222209	4	622	1	
68	0	85	step_1_no_load	1	2	1	452	
68	0	85	step_2_no_load	3	4	0.384458259121	0.485785534744	4	902	0	
68	0	86	step_1_no_load	1	2	1	392	
68	0	86	step_2_no_load	3	4	0.345323068124	0.486462788728	4	1139	1	
68	0	87	step_1_no_load	1	2	1	428	
68	0	87	step_2_no_load	5	6	0.690012761069	0.719375344246	5	892	0	
68	0	88	step_1_no_load	1	2	1	338	
68	0	88	step_2_no_load	3	4	0.377947492322	0.509563243675	4	825	1	
68	0	89	step_1_no_load	1	2	1	534	
68	0	89	step_2_no_load	3	4	0.415882489686	0.490019385174	-1	-1	-1	
68	0	90	step_1_no_load	1	2	1	479	
68	0	90	step_2_no_load	3	4	0.411459496853	0.530126112124	4	567	0	
68	0	91	step_1_no_load	1	2	1	358	
68	0	91	step_2_no_load	3	4	0.43534164751	0.479087223222	3	684	0	
68	0	92	step_1_no_load	1	2	1	404	
68	0	92	step_2_no_load	5	6	0.679381608313	0.692406274724	6	969	1	
68	0	93	step_1_no_load	1	2	1	421	
68	0	93	step_2_no_load	3	4	0.439878153082	0.473273727684	3	893	0	
68	0	94	step_1_no_load	1	2	1	409	
68	0	94	step_2_no_load	3	4	0.429211756872	0.468637558205	4	583	1	
68	0	95	step_1_no_load	1	2	1	383	
68	0	95	step_2_no_load	5	6	0.640209855442	0.715495469274	5	1332	1	
68	0	96	step_1_no_load	1	2	1	474	
68	0	96	step_2_no_load	3	4	0.383038640121	0.437558890646	4	1023	1	
68	0	97	step_1_no_load	1	2	1	477	
68	0	97	step_2_no_load	3	4	0.392885664353	0.455601814112	4	594	0	
68	0	98	step_1_no_load	1	2	1	463	
68	0	98	step_2_no_load	3	4	0.409778171713	0.431479829356	4	496	0	
68	0	99	step_1_no_load	1	2	1	300	
68	0	99	step_2_no_load	5	6	0.645191748454	0.673709850038	5	962	0	
68	0	100	step_1_no_load	1	2	1	386	
68	0	100	step_2_no_load	3	4	0.4333505304	0.363162156005	3	569	0	
68	0	101	step_1_no_load	1	2	1	348	
68	0	101	step_2_no_load	3	4	0.497432607584	0.366879421891	3	769	1	
68	0	102	step_1_no_load	1	2	1	387	
68	0	102	step_2_no_load	5	6	0.663124617603	0.666304534392	6	487	1	
68	0	103	step_1_no_load	1	2	1	380	
68	0	103	step_2_no_load	5	6	0.69058998368	0.663997796029	6	695	1	
68	0	104	step_1_no_load	1	2	1	348	
68	0	104	step_2_no_load	3	4	0.521047445908	0.303696146503	3	483	0	
68	0	105	step_1_no_load	1	2	1	360	
68	0	105	step_2_no_load	5	6	0.722851301692	0.689135357059	6	720	1	
68	0	106	step_1_no_load	1	2	2	821	
68	0	106	step_2_no_load	5	6	0.699623252899	0.712883638252	6	874	0	
68	0	107	step_1_no_load	1	2	2	1196	
68	0	107	step_2_no_load	5	6	0.677514185929	0.692607431435	6	760	1	
68	0	108	step_1_no_load	1	2	2	349	
68	0	108	step_2_no_load	3	4	0.526955028982	0.388185708856	3	1255	0	
68	0	109	step_1_no_load	1	2	2	625	
68	0	109	step_2_no_load	5	6	0.68658494263	0.71632547018	6	447	1	
68	0	110	step_1_no_load	1	2	2	349	
68	0	110	step_2_no_load	5	6	0.65455226558	0.729599891941	6	672	1	
68	0	111	step_1_no_load	1	2	2	390	
68	0	111	step_2_no_load	5	6	0.634599547742	0.724852671171	6	692	0	
68	0	112	step_1_no_load	1	2	2	608	
68	0	112	step_2_no_load	5	6	0.635252945963	0.725701866094	5	832	1	
68	0	113	step_1_no_load	1	2	2	479	
68	0	113	step_2_no_load	5	6	0.634627459817	0.719324307956	5	487	1	
68	0	114	step_1_no_load	1	2	2	529	
68	0	114	step_2_no_load	5	6	0.657654904272	0.718213323791	5	425	0	
68	0	115	step_1_no_load	1	2	2	376	
68	0	115	step_2_no_load	5	6	0.645721217949	0.739704344621	6	468	1	
68	0	116	step_1_no_load	1	2	2	352	
68	0	116	step_2_no_load	5	6	0.680124293449	0.706736514943	6	432	1	
68	0	117	step_1_no_load	1	2	2	471	
68	0	117	step_2_no_load	3	4	0.374621793791	0.363056877927	3	1099	1	
68	0	118	step_1_no_load	1	2	2	470	
68	0	118	step_2_no_load	5	6	0.690484235012	0.740051715856	6	681	1	
68	0	119	step_1_no_load	1	2	2	446	
68	0	119	step_2_no_load	5	6	0.661177321751	0.690424535099	6	587	1	
68	0	120	step_1_no_load	1	2	2	358	
68	0	120	step_2_no_load	5	6	0.666433355915	0.70587238626	6	694	1	
68	0	121	step_1_no_load	1	2	2	391	
68	0	121	step_2_no_load	3	4	0.352721767208	0.310775244958	3	729	0	
68	0	122	step_1_no_load	1	2	2	351	
68	0	122	step_2_no_load	5	6	0.672193618854	0.6136886145	6	349	1	
68	0	123	step_1_no_load	1	2	2	368	
68	0	123	step_2_no_load	5	6	0.664849878232	0.583607229978	6	380	1	
68	0	124	step_1_no_load	1	2	2	302	
68	0	124	step_2_no_load	3	4	0.309430836661	0.26095206597	4	1057	0	
68	0	125	step_1_no_load	1	2	2	341	
68	0	125	step_2_no_load	3	4	0.303110862715	0.290374841566	4	1166	0	
68	0	126	step_1_no_load	1	2	2	579	
68	0	126	step_2_no_load	3	4	0.300846667696	0.267206368684	3	826	0	
68	0	127	step_1_no_load	1	2	1	445	
68	0	127	step_2_no_load	3	4	0.274944938508	0.273483952592	3	1140	0	
68	0	128	step_1_no_load	1	2	1	687	
68	0	128	step_2_no_load	5	6	0.620672334996	0.636905534066	6	949	1	
68	0	129	step_1_no_load	1	2	2	676	
68	0	129	step_2_no_load	5	6	0.632682846317	0.685297910719	6	664	1	
68	0	130	step_1_no_load	1	2	2	750	
68	0	130	step_2_no_load	5	6	0.630285316669	0.682031489739	6	525	1	
68	0	131	step_1_no_load	1	2	2	548	
68	0	131	step_2_no_load	3	4	0.311475039155	0.281500842289	4	1038	0	
68	0	132	step_1_no_load	1	2	2	559	
68	0	132	step_2_no_load	5	6	0.660013924697	0.668578020634	6	789	1	
68	0	133	step_1_no_load	1	2	2	640	
68	0	133	step_2_no_load	3	4	0.312642735495	0.315608831386	4	1027	0	
68	0	134	step_1_no_load	1	2	2	533	
68	0	134	step_2_no_load	5	6	0.685529359147	0.621945110858	6	401	0	
68	0	135	step_1_no_load	1	2	2	764	
68	0	135	step_2_no_load	5	6	0.700779221781	0.593710006149	6	511	1	
68	0	136	step_1_no_load	1	2	2	296	
68	0	136	step_2_no_load	5	6	0.674914008636	0.597814413435	6	513	1	
68	0	137	step_1_no_load	1	2	2	575	
68	0	137	step_2_no_load	5	6	0.668540846495	0.605896884497	6	585	1	
68	0	138	step_1_no_load	1	2	2	363	
68	0	138	step_2_no_load	5	6	0.688182193337	0.63240964674	6	643	0	
68	0	139	step_1_no_load	1	2	2	470	
68	0	139	step_2_no_load	5	6	0.696355985729	0.636630981281	5	490	0	
68	0	140	step_1_no_load	1	2	2	358	
68	0	140	step_2_no_load	5	6	0.637682840728	0.671213945178	5	387	1	
68	0	141	step_1_no_load	1	2	2	341	
68	0	141	step_2_no_load	3	4	0.311809871418	0.390227133375	3	831	0	
68	0	142	step_1_no_load	1	2	2	386	
68	0	142	step_2_no_load	5	6	0.627356259123	0.690276058009	5	451	1	
68	0	143	step_1_no_load	1	2	2	359	
68	0	143	step_2_no_load	3	4	0.313516825296	0.410970957547	4	894	0	
68	0	144	step_1_no_load	1	2	2	514	
68	0	144	step_2_no_load	3	4	0.275932517017	0.389234194056	4	1099	1	
68	0	145	step_1_no_load	1	2	2	349	
68	0	145	step_2_no_load	3	4	0.266265924094	0.355256413269	4	844	1	
68	0	146	step_1_no_load	1	2	2	452	
68	0	146	step_2_no_load	5	6	0.593778463268	0.681611991725	5	456	1	
68	0	147	step_1_no_load	1	2	2	496	
68	0	147	step_2_no_load	3	4	0.265578160642	0.352879785946	4	873	1	
68	0	148	step_1_no_load	1	2	2	430	
68	0	148	step_2_no_load	5	6	0.648050021239	0.619272702026	5	615	0	
68	0	149	step_1_no_load	1	2	2	384	
68	0	149	step_2_no_load	5	6	0.623203869836	0.601870110183	5	496	1	
68	0	150	step_1_no_load	1	2	2	400	
68	0	150	step_2_no_load	5	6	0.605912419156	0.575985663078	5	518	1	
68	0	151	step_1_no_load	1	2	2	406	
68	0	151	step_2_no_load	5	6	0.614159737668	0.59154759351	5	572	0	
68	0	152	step_1_no_load	1	2	2	397	
68	0	152	step_2_no_load	3	4	0.307702500543	0.323194010514	4	852	0	
68	0	153	step_1_no_load	1	2	2	334	
68	0	153	step_2_no_load	5	6	0.681559292085	0.613336203392	5	722	1	
68	0	154	step_1_no_load	1	2	2	423	
68	0	154	step_2_no_load	5	6	0.671672162443	0.638934099562	5	612	0	
68	0	155	step_1_no_load	1	2	2	393	
68	0	155	step_2_no_load	5	6	0.716100930629	0.632486591889	5	550	1	
68	0	156	step_1_no_load	1	2	2	1035	
68	0	156	step_2_no_load	3	4	0.32564867104	0.368378667812	4	1470	1	
68	0	157	step_1_no_load	1	2	2	522	
68	0	157	step_2_no_load	5	6	0.720725456325	0.585191807512	5	937	1	
68	0	158	step_1_no_load	1	2	2	413	
68	0	158	step_2_no_load	3	4	0.408728803896	0.334595868098	4	505	0	
68	0	159	step_1_no_load	1	2	2	342	
68	0	159	step_2_no_load	5	6	0.697903160072	0.541222065796	5	520	0	
68	0	160	step_1_no_load	1	2	2	348	
68	0	160	step_2_no_load	3	4	0.415052912783	0.355992626298	4	984	0	
68	0	161	step_1_no_load	1	2	2	375	
68	0	161	step_2_no_load	5	6	0.719896286569	0.516036498158	5	715	0	
68	0	162	step_1_no_load	1	2	2	417	
68	0	162	step_2_no_load	5	6	0.695144769903	0.566496468084	6	448	0	
68	0	163	step_1_no_load	1	2	2	561	
68	0	163	step_2_no_load	3	4	0.395221309311	0.430920885959	3	1259	0	
68	0	164	step_1_no_load	1	2	2	651	
68	0	164	step_2_no_load	5	6	0.692137394606	0.585961845322	6	628	1	
68	0	165	step_1_no_load	1	2	2	359	
68	0	165	step_2_no_load	5	6	0.717506143195	0.538026607649	6	627	0	
68	0	166	step_1_no_load	1	2	2	423	
68	0	166	step_2_no_load	3	4	0.422282731054	0.356317216644	4	1049	0	
68	0	167	step_1_no_load	1	2	2	319	
68	0	167	step_2_no_load	5	6	0.706271792549	0.585131062446	5	778	1	
68	0	168	step_1_no_load	1	2	2	399	
68	0	168	step_2_no_load	5	6	0.67192508984	0.613361520676	5	539	0	
68	0	169	step_1_no_load	1	2	2	391	
68	0	169	step_2_no_load	3	4	0.42098542374	0.365156560071	3	1176	0	
68	0	170	step_1_no_load	1	2	1	531	
68	0	170	step_2_no_load	3	4	0.411067820436	0.364989630435	4	860	0	
68	0	171	step_1_no_load	1	2	1	353	
68	0	171	step_2_no_load	5	6	0.727248140829	0.553314431843	5	1281	1	
68	0	172	step_1_no_load	1	2	2	556	
68	0	172	step_2_no_load	5	6	0.668669556875	0.519090471457	5	554	1	
68	0	173	step_1_no_load	1	2	2	322	
68	0	173	step_2_no_load	5	6	0.667027212577	0.484428109849	5	310	0	
68	0	174	step_1_no_load	1	2	2	314	
68	0	174	step_2_no_load	5	6	0.729877433725	0.472729524832	5	389	1	
68	0	175	step_1_no_load	1	2	2	382	
68	0	175	step_2_no_load	3	4	0.426185553904	0.484825491933	4	1179	1	
68	0	176	step_1_no_load	1	2	2	476	
68	0	176	step_2_no_load	5	6	0.679250000396	0.474046874473	5	928	1	
68	0	177	step_1_no_load	1	2	2	485	
68	0	177	step_2_no_load	3	4	0.357425668099	0.4798184927	4	750	1	
68	0	178	step_1_no_load	1	2	2	310	
68	0	178	step_2_no_load	5	6	0.705993797498	0.493712351915	5	542	1	
68	0	179	step_1_no_load	1	2	2	375	
68	0	179	step_2_no_load	3	4	0.324685418097	0.493565996034	4	1242	1	
68	0	180	step_1_no_load	1	2	2	311	
68	0	180	step_2_no_load	3	4	0.341214611607	0.489345734128	4	812	1	
68	0	181	step_1_no_load	1	2	2	315	
68	0	181	step_2_no_load	5	6	0.746910336326	0.508735114046	5	874	1	
68	0	182	step_1_no_load	1	2	2	296	
68	0	182	step_2_no_load	3	4	0.340533666308	0.49907747228	3	501	0	
68	0	183	step_1_no_load	1	2	2	481	
68	0	183	step_2_no_load	5	6	0.720388040749	0.502991759047	5	896	1	
68	0	184	step_1_no_load	1	2	2	288	
68	0	184	step_2_no_load	5	6	0.657291439324	0.460890977786	5	799	0	
68	0	185	step_1_no_load	1	2	1	531	
68	0	185	step_2_no_load	3	4	0.362611152222	0.482228039858	4	537	1	
68	0	186	step_1_no_load	1	2	1	324	
68	0	186	step_2_no_load	3	4	0.332733011923	0.484672582719	4	365	1	
68	0	187	step_1_no_load	1	2	1	489	
68	0	187	step_2_no_load	3	4	0.328890769988	0.498596507669	4	454	1	
68	0	188	step_1_no_load	1	2	1	439	
68	0	188	step_2_no_load	3	4	0.291508050861	0.548350535247	4	377	1	
68	0	189	step_1_no_load	1	2	1	408	
68	0	189	step_2_no_load	3	4	0.285168135955	0.534753756004	4	436	0	
68	0	190	step_1_no_load	1	2	1	629	
68	0	190	step_2_no_load	3	4	0.304557739386	0.505820429042	3	804	0	
68	0	191	step_1_no_load	1	2	1	345	
68	0	191	step_2_no_load	3	4	0.318839908867	0.512103523931	4	352	0	
68	0	192	step_1_no_load	1	2	1	352	
68	0	192	step_2_no_load	3	4	0.299297135717	0.493851022417	3	288	1	
68	0	193	step_1_no_load	1	2	1	538	
68	0	193	step_2_no_load	3	4	0.321008037746	0.504944704439	3	353	0	
68	0	194	step_1_no_load	1	2	1	749	
68	0	194	step_2_no_load	3	4	0.342437174514	0.505359594715	3	467	0	
68	0	195	step_1_no_load	1	2	1	292	
68	0	195	step_2_no_load	3	4	0.348571348505	0.494102184238	4	535	1	
68	0	196	step_1_no_load	1	2	1	293	
68	0	196	step_2_no_load	3	4	0.365373286058	0.496717662777	4	362	1	
68	0	197	step_1_no_load	1	2	1	366	
68	0	197	step_2_no_load	3	4	0.316987700969	0.47786945426	4	449	1	
68	0	198	step_1_no_load	1	2	1	408	
68	0	198	step_2_no_load	5	6	0.68660989813	0.397292432346	5	1101	1	
68	0	199	step_1_no_load	1	2	1	278	
68	0	199	step_2_no_load	3	4	0.292861528884	0.529438031858	4	395	0	
68	0	200	step_1_no_load	1	2	2	298	
68	0	200	step_2_no_load	5	6	0.728996708473	0.372436949782	5	328	1	

Fri Feb 17 09:54:26 2017
