Fri Feb 17 15:57:38 2017	
69	0	1	step_1_no_load	1	2	1	487	
69	0	1	step_2_no_load	5	6	0.598297890399	0.594299910136	5	277	1	
69	0	2	step_1_no_load	1	2	1	265	
69	0	2	step_2_no_load	5	6	0.580156942153	0.610961032466	5	339	0	
69	0	3	step_1_no_load	1	2	1	237	
69	0	3	step_2_no_load	3	4	0.516002945397	0.476767372206	3	242	0	
69	0	4	step_1_no_load	1	2	1	217	
69	0	4	step_2_no_load	3	4	0.494597764192	0.478607661228	3	423	1	
69	0	5	step_1_no_load	1	2	1	234	
69	0	5	step_2_no_load	5	6	0.623810210114	0.576104915614	5	238	0	
69	0	6	step_1_no_load	1	2	1	292	
69	0	6	step_2_no_load	3	4	0.490454120702	0.506877622204	3	679	0	
69	0	7	step_1_no_load	1	2	1	271	
69	0	7	step_2_no_load	3	4	0.506408070053	0.500071913476	3	322	0	
69	0	8	step_1_no_load	1	2	1	0	
69	0	8	step_2_no_load	3	4	0.499203529332	0.489816616396	4	503	0	
69	0	9	step_1_no_load	1	2	1	275	
69	0	9	step_2_no_load	3	4	0.54429228266	0.496546708465	3	442	0	
69	0	10	step_1_no_load	1	2	1	258	
69	0	10	step_2_no_load	3	4	0.576063520885	0.482364178155	3	353	0	
69	0	11	step_1_no_load	1	2	1	326	
69	0	11	step_2_no_load	3	4	0.59022801242	0.477013315682	4	441	0	
69	0	12	step_1_no_load	1	2	1	0	
69	0	12	step_2_no_load	3	4	0.597131918027	0.48457206759	4	363	1	
69	0	13	step_1_no_load	1	2	1	261	
69	0	13	step_2_no_load	3	4	0.595790490356	0.52012981853	4	354	1	
69	0	14	step_1_no_load	1	2	1	277	
69	0	14	step_2_no_load	3	4	0.611256675753	0.491234392147	4	351	0	
69	0	15	step_1_no_load	1	2	1	187	
69	0	15	step_2_no_load	3	4	0.633564630036	0.505377237737	4	342	0	
69	0	16	step_1_no_load	1	2	1	255	
69	0	16	step_2_no_load	3	4	0.626326396372	0.510958036527	3	364	1	
69	0	17	step_1_no_load	1	2	1	658	
69	0	17	step_2_no_load	3	4	0.643116883134	0.535958400205	3	1075	0	
69	0	18	step_1_no_load	1	2	1	326	
69	0	18	step_2_no_load	3	4	0.626895526976	0.517514133912	4	1141	0	
69	0	19	step_1_no_load	1	2	1	384	
69	0	19	step_2_no_load	3	4	0.644773170243	0.498240186199	3	335	0	
69	0	20	step_1_no_load	1	2	1	255	
69	0	20	step_2_no_load	3	4	0.60665343963	0.478025448397	3	283	0	
69	0	21	step_1_no_load	1	2	1	576	
69	0	21	step_2_no_load	3	4	0.611328949295	0.49769376036	4	440	0	
69	0	22	step_1_no_load	1	2	2	849	
69	0	22	step_2_no_load	5	6	0.621949894727	0.468700882609	6	572	0	
69	0	23	step_1_no_load	1	2	2	323	
69	0	23	step_2_no_load	5	6	0.640163623731	0.513759772011	6	347	0	
69	0	24	step_1_no_load	1	2	2	288	
69	0	24	step_2_no_load	5	6	0.582115115688	0.503316199018	5	270	0	
69	0	25	step_1_no_load	1	2	2	67	
69	0	25	step_2_no_load	5	6	0.565698722896	0.503605105412	5	285	0	
69	0	26	step_1_no_load	1	2	1	289	
69	0	26	step_2_no_load	3	4	0.640635035276	0.511744353778	4	315	0	
69	0	27	step_1_no_load	1	2	1	403	
69	0	27	step_2_no_load	5	6	0.57860777711	0.54756089792	5	376	0	
69	0	28	step_1_no_load	1	2	1	282	
69	0	28	step_2_no_load	5	6	0.588356036098	0.553259388875	6	319	0	
69	0	29	step_1_no_load	1	2	1	278	
69	0	29	step_2_no_load	3	4	0.618626354124	0.521159009103	3	315	1	
69	0	30	step_1_no_load	1	2	1	315	
69	0	30	step_2_no_load	3	4	0.610227092493	0.4919199548	3	266	0	
69	0	31	step_1_no_load	1	2	1	407	
69	0	31	step_2_no_load	5	6	0.636602545794	0.541819886458	6	325	0	
69	0	32	step_1_no_load	1	2	2	639	
69	0	32	step_2_no_load	3	4	0.605616211083	0.520318771114	4	384	1	
69	0	33	step_1_no_load	1	2	2	371	
69	0	33	step_2_no_load	5	6	0.611700032906	0.542309898544	6	386	0	
69	0	34	step_1_no_load	1	2	2	312	
69	0	34	step_2_no_load	5	6	0.575802910074	0.538523758058	5	486	1	
69	0	35	step_1_no_load	1	2	2	731	
69	0	35	step_2_no_load	5	6	0.566827313385	0.594167768198	5	364	1	
69	0	36	step_1_no_load	1	2	2	337	
69	0	36	step_2_no_load	3	4	0.661229326326	0.513210053121	3	315	1	
69	0	37	step_1_no_load	1	2	2	347	
69	0	37	step_2_no_load	5	6	0.513822304161	0.598446394142	5	375	0	
69	0	38	step_1_no_load	1	2	2	429	
69	0	38	step_2_no_load	5	6	0.539078491643	0.595113730206	6	280	1	
69	0	39	step_1_no_load	1	2	2	257	
69	0	39	step_2_no_load	3	4	0.634483337633	0.578640235206	4	235	1	
69	0	40	step_1_no_load	1	2	2	264	
69	0	40	step_2_no_load	3	4	0.636994900683	0.5691386571	4	234	0	
69	0	41	step_1_no_load	1	2	2	316	
69	0	41	step_2_no_load	3	4	0.633285941184	0.583829055298	3	455	1	
69	0	42	step_1_no_load	1	2	2	733	
69	0	42	step_2_no_load	5	6	0.533857158543	0.609164606591	5	591	0	
69	0	43	step_1_no_load	1	2	1	370	
69	0	43	step_2_no_load	3	4	0.581931546759	0.548128010644	3	418	1	
69	0	44	step_1_no_load	1	2	1	376	
69	0	44	step_2_no_load	3	4	0.589653131867	0.537842745081	3	316	1	
69	0	45	step_1_no_load	1	2	1	468	
69	0	45	step_2_no_load	3	4	0.620699591043	0.5288039409	3	519	0	
69	0	46	step_1_no_load	1	2	1	285	
69	0	46	step_2_no_load	3	4	0.654261318712	0.532238720495	4	370	1	
69	0	47	step_1_no_load	1	2	1	584	
69	0	47	step_2_no_load	3	4	0.634373567175	0.493112702321	4	425	1	
69	0	48	step_1_no_load	1	2	1	392	
69	0	48	step_2_no_load	5	6	0.534690828011	0.615767119776	5	254	1	
69	0	49	step_1_no_load	1	2	1	265	
69	0	49	step_2_no_load	3	4	0.614679490594	0.489287375157	3	388	0	
69	0	50	step_1_no_load	1	2	1	284	
69	0	50	step_2_no_load	3	4	0.593458480934	0.47381367271	3	332	1	
69	0	51	step_1_no_load	1	2	1	343	
69	0	51	step_2_no_load	3	4	0.613357430892	0.469943944943	3	348	1	
69	0	52	step_1_no_load	1	2	1	252	
69	0	52	step_2_no_load	3	4	0.613408921915	0.429622901875	3	235	0	
69	0	53	step_1_no_load	1	2	1	219	
69	0	53	step_2_no_load	5	6	0.475342927439	0.551457882502	6	219	1	
69	0	54	step_1_no_load	1	2	1	312	
69	0	54	step_2_no_load	3	4	0.652515308527	0.491512498697	4	282	1	
69	0	55	step_1_no_load	1	2	1	290	
69	0	55	step_2_no_load	5	6	0.526704292526	0.574045915747	6	474	1	
69	0	56	step_1_no_load	1	2	2	274	
69	0	56	step_2_no_load	5	6	0.538512915562	0.601856598146	5	391	1	
69	0	57	step_1_no_load	1	2	2	297	
69	0	57	step_2_no_load	5	6	0.516475618243	0.641849303307	5	368	0	
69	0	58	step_1_no_load	1	2	2	239	
69	0	58	step_2_no_load	5	6	0.528376440027	0.664682809182	6	233	1	
69	0	59	step_1_no_load	1	2	2	353	
69	0	59	step_2_no_load	5	6	0.537400760025	0.632500293208	6	394	1	
69	0	60	step_1_no_load	1	2	1	485	
69	0	60	step_2_no_load	3	4	0.599559577859	0.491916707098	3	540	1	
69	0	61	step_1_no_load	1	2	1	398	
69	0	61	step_2_no_load	3	4	0.602879526975	0.464268875813	3	314	1	
69	0	62	step_1_no_load	1	2	1	368	
69	0	62	step_2_no_load	3	4	0.622820395113	0.50724109756	3	357	1	
69	0	63	step_1_no_load	1	2	2	330	
69	0	63	step_2_no_load	5	6	0.519445130796	0.664284493458	6	323	0	
69	0	64	step_1_no_load	1	2	1	293	
69	0	64	step_2_no_load	3	4	0.626149195169	0.555062911513	3	321	0	
69	0	65	step_1_no_load	1	2	1	413	
69	0	65	step_2_no_load	3	4	0.619953360065	0.569109504048	4	320	1	
69	0	66	step_1_no_load	1	2	1	379	
69	0	66	step_2_no_load	5	6	0.555324764318	0.606938648072	6	373	1	
69	0	67	step_1_no_load	1	2	1	362	
69	0	67	step_2_no_load	5	6	0.538279387614	0.597650193897	6	636	1	
69	0	68	step_1_no_load	1	2	1	584	
69	0	68	step_2_no_load	3	4	0.719455209845	0.509127161919	3	413	1	
69	0	69	step_1_no_load	1	2	1	375	
69	0	69	step_2_no_load	3	4	0.718756538957	0.499137600991	3	309	1	
69	0	70	step_1_no_load	1	2	1	353	
69	0	70	step_2_no_load	3	4	0.697741832068	0.498834901463	3	283	1	
69	0	71	step_1_no_load	1	2	1	254	
69	0	71	step_2_no_load	3	4	0.706816191949	0.482863323776	3	246	1	
69	0	72	step_1_no_load	1	2	1	187	
69	0	72	step_2_no_load	5	6	0.556486305476	0.626024641967	5	338	0	
69	0	73	step_1_no_load	1	2	1	356	
69	0	73	step_2_no_load	3	4	0.727961155836	0.435957313805	3	246	0	
69	0	74	step_1_no_load	1	2	1	0	
69	0	74	step_2_no_load	5	6	0.491044983779	0.614462146454	6	698	1	
69	0	75	step_1_no_load	1	2	1	362	
69	0	75	step_2_no_load	3	4	0.697629587097	0.44832280175	3	391	1	
69	0	76	step_1_no_load	1	2	1	290	
69	0	76	step_2_no_load	3	4	0.690117652944	0.488583631821	3	514	1	
69	0	77	step_1_no_load	1	2	1	217	
69	0	77	step_2_no_load	3	4	0.679737625371	0.446809557226	3	327	1	
69	0	78	step_1_no_load	1	2	1	354	
69	0	78	step_2_no_load	5	6	0.538654072849	0.536711448352	5	459	1	
69	0	79	step_1_no_load	1	2	1	425	
69	0	79	step_2_no_load	5	6	0.540085062695	0.513695512795	5	345	1	
69	0	80	step_1_no_load	1	2	1	367	
69	0	80	step_2_no_load	3	4	0.703969305517	0.396016175285	3	529	1	
69	0	81	step_1_no_load	1	2	1	420	
69	0	81	step_2_no_load	3	4	0.702400933084	0.419265522488	3	401	0	
69	0	82	step_1_no_load	1	2	1	458	
69	0	82	step_2_no_load	3	4	0.688340116885	0.395813831323	3	449	1	
69	0	83	step_1_no_load	1	2	1	459	
69	0	83	step_2_no_load	5	6	0.483255412498	0.607907985871	5	411	1	
69	0	84	step_1_no_load	1	2	1	257	
69	0	84	step_2_no_load	3	4	0.731466635793	0.385087938645	3	310	1	
69	0	85	step_1_no_load	1	2	1	271	
69	0	85	step_2_no_load	3	4	0.712989604416	0.384458259121	3	283	1	
69	0	86	step_1_no_load	1	2	1	217	
69	0	86	step_2_no_load	3	4	0.721207648497	0.345323068124	3	500	1	
69	0	87	step_1_no_load	1	2	1	187	
69	0	87	step_2_no_load	5	6	0.493867001103	0.719375344246	5	322	1	
69	0	88	step_1_no_load	1	2	1	26	
69	0	88	step_2_no_load	5	6	0.509563243675	0.717410082358	5	180	0	
69	0	89	step_1_no_load	1	2	1	262	
69	0	89	step_2_no_load	5	6	0.490019385174	0.690772436485	6	771	1	
69	0	90	step_1_no_load	1	2	1	336	
69	0	90	step_2_no_load	5	6	0.530126112124	0.712247848046	6	325	0	
69	0	91	step_1_no_load	1	2	1	328	
69	0	91	step_2_no_load	3	4	0.657820521772	0.43534164751	3	756	1	
69	0	92	step_1_no_load	1	2	1	281	
69	0	92	step_2_no_load	3	4	0.679381608313	0.444368850664	3	296	1	
69	0	93	step_1_no_load	1	2	1	346	
69	0	93	step_2_no_load	3	4	0.662863370634	0.439878153082	3	942	1	
69	0	94	step_1_no_load	1	2	1	306	
69	0	94	step_2_no_load	3	4	0.668295023896	0.429211756872	3	674	1	
69	0	95	step_1_no_load	1	2	1	345	
69	0	95	step_2_no_load	3	4	0.640209855442	0.427150666411	3	502	1	
69	0	96	step_1_no_load	1	2	1	257	
69	0	96	step_2_no_load	5	6	0.437558890646	0.693739812506	5	288	0	
69	0	97	step_1_no_load	1	2	2	288	
69	0	97	step_2_no_load	3	4	0.651202057411	0.392885664353	4	286	0	
69	0	98	step_1_no_load	1	2	2	278	
69	0	98	step_2_no_load	5	6	0.431479829356	0.70287861952	5	752	1	
69	0	99	step_1_no_load	1	2	2	356	
69	0	99	step_2_no_load	5	6	0.375249961522	0.673709850038	5	415	0	
69	0	100	step_1_no_load	1	2	2	465	
69	0	100	step_2_no_load	3	4	0.66579920021	0.4333505304	3	411	1	
69	0	101	step_1_no_load	1	2	1	251	
69	0	101	step_2_no_load	3	4	0.655903528958	0.497432607584	3	331	1	
69	0	102	step_1_no_load	1	2	1	351	
69	0	102	step_2_no_load	5	6	0.326080462175	0.666304534392	5	469	1	
69	0	103	step_1_no_load	1	2	1	271	
69	0	103	step_2_no_load	5	6	0.322834495838	0.663997796029	5	360	1	
69	0	104	step_1_no_load	1	2	1	225	
69	0	104	step_2_no_load	3	4	0.743372642809	0.521047445908	3	381	1	
69	0	105	step_1_no_load	1	2	1	100	
69	0	105	step_2_no_load	5	6	0.352639603242	0.689135357059	5	370	0	
69	0	106	step_1_no_load	1	2	1	363	
69	0	106	step_2_no_load	3	4	0.699623252899	0.508908032404	3	523	1	
69	0	107	step_1_no_load	1	2	1	280	
69	0	107	step_2_no_load	5	6	0.388257337796	0.692607431435	5	328	0	
69	0	108	step_1_no_load	1	2	1	293	
69	0	108	step_2_no_load	3	4	0.681491063126	0.526955028982	3	623	1	
69	0	109	step_1_no_load	1	2	1	266	
69	0	109	step_2_no_load	3	4	0.68658494263	0.479977531501	3	671	1	
69	0	110	step_1_no_load	1	2	1	336	
69	0	110	step_2_no_load	3	4	0.65455226558	0.432626681236	3	411	0	
69	0	111	step_1_no_load	1	2	1	335	
69	0	111	step_2_no_load	3	4	0.634599547742	0.384948378665	3	425	0	
69	0	112	step_1_no_load	1	2	1	299	
69	0	112	step_2_no_load	3	4	0.635252945963	0.392887565883	4	243	1	
69	0	113	step_1_no_load	1	2	1	322	
69	0	113	step_2_no_load	3	4	0.634627459817	0.370697120277	4	347	1	
69	0	114	step_1_no_load	1	2	1	713	
69	0	114	step_2_no_load	5	6	0.384736699284	0.718213323791	5	620	0	
69	0	115	step_1_no_load	1	2	1	529	
69	0	115	step_2_no_load	3	4	0.645721217949	0.390027643099	3	581	0	
69	0	116	step_1_no_load	1	2	1	543	
69	0	116	step_2_no_load	5	6	0.369438791876	0.706736514943	6	782	1	
69	0	117	step_1_no_load	1	2	1	540	
69	0	117	step_2_no_load	5	6	0.363056877927	0.747012267642	6	483	1	
69	0	118	step_1_no_load	1	2	1	360	
69	0	118	step_2_no_load	5	6	0.362977115924	0.740051715856	6	615	1	
69	0	119	step_1_no_load	1	2	1	350	
69	0	119	step_2_no_load	5	6	0.358243439099	0.690424535099	6	341	0	
69	0	120	step_1_no_load	1	2	1	404	
69	0	120	step_2_no_load	5	6	0.333809617664	0.70587238626	5	483	0	
69	0	121	step_1_no_load	1	2	1	269	
69	0	121	step_2_no_load	3	4	0.671052306195	0.352721767208	4	369	0	
69	0	122	step_1_no_load	1	2	1	387	
69	0	122	step_2_no_load	5	6	0.266650857402	0.6136886145	6	776	1	
69	0	123	step_1_no_load	1	2	1	418	
69	0	123	step_2_no_load	3	4	0.664849878232	0.337526896345	3	737	1	
69	0	124	step_1_no_load	1	2	1	503	
69	0	124	step_2_no_load	5	6	0.26095206597	0.603013298253	6	573	1	
69	0	125	step_1_no_load	1	2	1	495	
69	0	125	step_2_no_load	3	4	0.633566302563	0.303110862715	3	440	0	
69	0	126	step_1_no_load	1	2	1	432	
69	0	126	step_2_no_load	3	4	0.600985760967	0.300846667696	3	588	1	
69	0	127	step_1_no_load	1	2	1	351	
69	0	127	step_2_no_load	5	6	0.273483952592	0.560824094575	6	798	1	
69	0	128	step_1_no_load	1	2	1	259	
69	0	128	step_2_no_load	3	4	0.620672334996	0.250790232267	3	863	1	
69	0	129	step_1_no_load	1	2	1	624	
69	0	129	step_2_no_load	3	4	0.632682846317	0.271709703542	3	516	1	
69	0	130	step_1_no_load	1	2	1	596	
69	0	130	step_2_no_load	5	6	0.267460866951	0.682031489739	5	531	0	
69	0	131	step_1_no_load	1	2	1	338	
69	0	131	step_2_no_load	3	4	0.638450601212	0.311475039155	3	479	1	
69	0	132	step_1_no_load	1	2	1	409	
69	0	132	step_2_no_load	3	4	0.660013924697	0.315328810424	3	495	1	
69	0	133	step_1_no_load	1	2	1	385	
69	0	133	step_2_no_load	3	4	0.691649444281	0.312642735495	3	370	0	
69	0	134	step_1_no_load	1	2	1	362	
69	0	134	step_2_no_load	5	6	0.287393715313	0.621945110858	6	699	1	
69	0	135	step_1_no_load	1	2	1	601	
69	0	135	step_2_no_load	3	4	0.700779221781	0.287118934166	3	513	0	
69	0	136	step_1_no_load	1	2	1	231	
69	0	136	step_2_no_load	3	4	0.674914008636	0.284521085726	4	275	0	
69	0	137	step_1_no_load	1	2	1	291	
69	0	137	step_2_no_load	5	6	0.346433498467	0.605896884497	6	312	0	
69	0	138	step_1_no_load	1	2	1	347	
69	0	138	step_2_no_load	3	4	0.688182193337	0.307694123906	4	596	1	
69	0	139	step_1_no_load	1	2	1	239	
69	0	139	step_2_no_load	3	4	0.696355985729	0.323660750961	4	285	0	
69	0	140	step_1_no_load	1	2	1	299	
69	0	140	step_2_no_load	3	4	0.637682840728	0.328174526491	3	232	1	
69	0	141	step_1_no_load	1	2	1	344	
69	0	141	step_2_no_load	3	4	0.616803346728	0.311809871418	3	329	0	
69	0	142	step_1_no_load	1	2	1	559	
69	0	142	step_2_no_load	3	4	0.627356259123	0.304203281606	4	387	0	
69	0	143	step_1_no_load	1	2	1	414	
69	0	143	step_2_no_load	3	4	0.610219102298	0.313516825296	3	325	1	
69	0	144	step_1_no_load	1	2	1	668	
69	0	144	step_2_no_load	3	4	0.639347300184	0.275932517017	3	303	1	
69	0	145	step_1_no_load	1	2	1	320	
69	0	145	step_2_no_load	5	6	0.355256413269	0.6669125229	5	236	0	
69	0	146	step_1_no_load	1	2	1	350	
69	0	146	step_2_no_load	3	4	0.593778463268	0.257861956214	3	361	0	
69	0	147	step_1_no_load	1	2	1	324	
69	0	147	step_2_no_load	5	6	0.352879785946	0.647798886916	6	685	1	
69	0	148	step_1_no_load	1	2	1	361	
69	0	148	step_2_no_load	3	4	0.648050021239	0.305288021243	3	457	0	
69	0	149	step_1_no_load	1	2	1	292	
69	0	149	step_2_no_load	3	4	0.623203869836	0.269951834184	4	322	1	
69	0	150	step_1_no_load	1	2	1	314	
69	0	150	step_2_no_load	3	4	0.605912419156	0.305587692243	4	466	0	
69	0	151	step_1_no_load	1	2	1	346	
69	0	151	step_2_no_load	3	4	0.614159737668	0.348172164421	3	329	1	
69	0	152	step_1_no_load	1	2	1	308	
69	0	152	step_2_no_load	5	6	0.323194010514	0.595108765344	5	373	1	
69	0	153	step_1_no_load	1	2	1	218	
69	0	153	step_2_no_load	3	4	0.681559292085	0.309356532263	3	219	1	
69	0	154	step_1_no_load	1	2	1	448	
69	0	154	step_2_no_load	5	6	0.348349389262	0.638934099562	5	692	0	
69	0	155	step_1_no_load	1	2	1	347	
69	0	155	step_2_no_load	3	4	0.716100930629	0.296093457977	4	293	0	
69	0	156	step_1_no_load	1	2	1	393	
69	0	156	step_2_no_load	3	4	0.734436160799	0.32564867104	3	321	0	
69	0	157	step_1_no_load	1	2	1	228	
69	0	157	step_2_no_load	5	6	0.324728201487	0.585191807512	5	210	0	
69	0	158	step_1_no_load	1	2	1	202	
69	0	158	step_2_no_load	3	4	0.694270715354	0.408728803896	3	309	1	
69	0	159	step_1_no_load	1	2	1	312	
69	0	159	step_2_no_load	3	4	0.697903160072	0.413026375257	4	483	1	
69	0	160	step_1_no_load	1	2	1	244	
69	0	160	step_2_no_load	3	4	0.710728171711	0.415052912783	4	349	0	
69	0	161	step_1_no_load	1	2	1	271	
69	0	161	step_2_no_load	5	6	0.438878285506	0.516036498158	5	308	1	
69	0	162	step_1_no_load	1	2	2	390	
69	0	162	step_2_no_load	5	6	0.455329532209	0.566496468084	5	303	0	
69	0	163	step_1_no_load	1	2	2	271	
69	0	163	step_2_no_load	5	6	0.430920885959	0.5863391277	6	242	1	
69	0	164	step_1_no_load	1	2	2	351	
69	0	164	step_2_no_load	5	6	0.430844125626	0.585961845322	6	239	0	
69	0	165	step_1_no_load	1	2	2	307	
69	0	165	step_2_no_load	5	6	0.347974240867	0.538026607649	6	264	0	
69	0	166	step_1_no_load	1	2	2	172	
69	0	166	step_2_no_load	5	6	0.356317216644	0.549095060025	5	245	0	
69	0	167	step_1_no_load	1	2	2	339	
69	0	167	step_2_no_load	5	6	0.331115714939	0.585131062446	5	483	0	
69	0	168	step_1_no_load	1	2	2	312	
69	0	168	step_2_no_load	3	4	0.67192508984	0.400817642375	3	240	0	
69	0	169	step_1_no_load	1	2	2	578	
69	0	169	step_2_no_load	5	6	0.365156560071	0.586049140041	5	342	1	
69	0	170	step_1_no_load	1	2	2	525	
69	0	170	step_2_no_load	5	6	0.364989630435	0.57151385403	5	316	0	
69	0	171	step_1_no_load	1	2	2	341	
69	0	171	step_2_no_load	5	6	0.425122034074	0.553314431843	5	357	0	
69	0	172	step_1_no_load	1	2	2	244	
69	0	172	step_2_no_load	5	6	0.490120307546	0.519090471457	6	214	1	
69	0	173	step_1_no_load	1	2	2	322	
69	0	173	step_2_no_load	5	6	0.462866379815	0.484428109849	6	330	0	
69	0	174	step_1_no_load	1	2	2	317	
69	0	174	step_2_no_load	5	6	0.46236234172	0.472729524832	6	369	0	
69	0	175	step_1_no_load	1	2	1	295	
69	0	175	step_2_no_load	5	6	0.484825491933	0.52644949356	6	1052	1	
69	0	176	step_1_no_load	1	2	1	345	
69	0	176	step_2_no_load	3	4	0.679250000396	0.383231572002	3	463	1	
69	0	177	step_1_no_load	1	2	1	361	
69	0	177	step_2_no_load	5	6	0.4798184927	0.501268576771	5	419	1	
69	0	178	step_1_no_load	1	2	1	311	
69	0	178	step_2_no_load	5	6	0.49020858644	0.493712351915	5	431	1	
69	0	179	step_1_no_load	1	2	1	367	
69	0	179	step_2_no_load	3	4	0.709345707515	0.324685418097	3	434	0	
69	0	180	step_1_no_load	1	2	1	249	
69	0	180	step_2_no_load	5	6	0.489345734128	0.482853857291	5	521	1	
69	0	181	step_1_no_load	1	2	1	236	
69	0	181	step_2_no_load	3	4	0.746910336326	0.342402764747	3	431	1	
69	0	182	step_1_no_load	1	2	1	366	
69	0	182	step_2_no_load	5	6	0.49907747228	0.506773281362	5	213	0	
69	0	183	step_1_no_load	1	2	1	278	
69	0	183	step_2_no_load	3	4	0.720388040749	0.350175837802	3	320	1	
69	0	184	step_1_no_load	1	2	1	447	
69	0	184	step_2_no_load	3	4	0.657291439324	0.362743255194	3	450	1	
69	0	185	step_1_no_load	1	2	1	468	
69	0	185	step_2_no_load	5	6	0.482228039858	0.479703516092	5	434	0	
69	0	186	step_1_no_load	1	2	1	597	
69	0	186	step_2_no_load	3	4	0.656308636836	0.332733011923	3	443	1	
69	0	187	step_1_no_load	1	2	1	529	
69	0	187	step_2_no_load	3	4	0.678211978625	0.328890769988	3	334	1	
69	0	188	step_1_no_load	1	2	1	316	
69	0	188	step_2_no_load	3	4	0.696362660087	0.291508050861	3	339	1	
69	0	189	step_1_no_load	1	2	1	351	
69	0	189	step_2_no_load	5	6	0.534753756004	0.448897869069	5	348	1	
69	0	190	step_1_no_load	1	2	1	450	
69	0	190	step_2_no_load	3	4	0.667655825994	0.304557739386	3	469	1	
69	0	191	step_1_no_load	1	2	1	453	
69	0	191	step_2_no_load	3	4	0.664271461991	0.318839908867	3	421	0	
69	0	192	step_1_no_load	1	2	1	341	
69	0	192	step_2_no_load	3	4	0.705517419189	0.299297135717	3	592	1	
69	0	193	step_1_no_load	1	2	1	159	
69	0	193	step_2_no_load	3	4	0.679792491164	0.321008037746	3	256	1	
69	0	194	step_1_no_load	1	2	1	11	
69	0	194	step_2_no_load	3	4	0.655261361454	0.342437174514	3	225	1	
69	0	195	step_1_no_load	1	2	1	310	
69	0	195	step_2_no_load	3	4	0.646280688878	0.348571348505	3	260	1	
69	0	196	step_1_no_load	1	2	1	4	
69	0	196	step_2_no_load	3	4	0.695101215304	0.365373286058	3	235	1	
69	0	197	step_1_no_load	1	2	1	243	
69	0	197	step_2_no_load	3	4	0.686552522522	0.316987700969	3	300	1	
69	0	198	step_1_no_load	1	2	1	0	
69	0	198	step_2_no_load	3	4	0.68660989813	0.303352625941	3	111	1	
69	0	199	step_1_no_load	1	2	1	304	
69	0	199	step_2_no_load	5	6	0.529438031858	0.39793773834	6	492	0	
69	0	200	step_1_no_load	1	2	1	385	
69	0	200	step_2_no_load	5	6	0.507902534353	0.372436949782	5	771	0	

Fri Feb 17 16:16:57 2017
