Mon Feb 20 10:18:47 2017	
70	0	1	step_1_no_load	1	2	1	676	
70	0	1	step_2_no_load	3	4	0.511789129507	0.457620150462	3	835	1	
70	0	2	step_1_no_load	1	2	1	523	
70	0	2	step_2_no_load	3	4	0.533203491871	0.474613197709	3	473	1	
70	0	3	step_1_no_load	1	2	1	559	
70	0	3	step_2_no_load	3	4	0.516002945397	0.476767372206	3	463	1	
70	0	4	step_1_no_load	1	2	1	511	
70	0	4	step_2_no_load	5	6	0.564086293706	0.597491569846	5	569	1	
70	0	5	step_1_no_load	1	2	1	1410	
70	0	5	step_2_no_load	5	6	0.576104915614	0.623810210114	5	1022	0	
70	0	6	step_1_no_load	1	2	2	1247	
70	0	6	step_2_no_load	3	4	0.490454120702	0.506877622204	4	780	0	
70	0	7	step_1_no_load	1	2	2	878	
70	0	7	step_2_no_load	5	6	0.622642364361	0.568656746487	5	520	1	
70	0	8	step_1_no_load	1	2	2	460	
70	0	8	step_2_no_load	3	4	0.499203529332	0.489816616396	-1	-1	-1	
70	0	9	step_1_no_load	1	2	2	449	
70	0	9	step_2_no_load	5	6	0.641106877158	0.598049061473	5	422	1	
70	0	10	step_1_no_load	1	2	2	482	
70	0	10	step_2_no_load	5	6	0.636063269715	0.652626043146	5	544	0	
70	0	11	step_1_no_load	1	2	2	517	
70	0	11	step_2_no_load	3	4	0.59022801242	0.477013315682	3	759	1	
70	0	12	step_1_no_load	1	2	2	534	
70	0	12	step_2_no_load	5	6	0.552770607849	0.682786328054	6	752	1	
70	0	13	step_1_no_load	1	2	2	498	
70	0	13	step_2_no_load	3	4	0.595790490356	0.52012981853	4	566	1	
70	0	14	step_1_no_load	1	2	2	575	
70	0	14	step_2_no_load	5	6	0.545555696267	0.629137942344	6	494	1	
70	0	15	step_1_no_load	1	2	2	487	
70	0	15	step_2_no_load	3	4	0.633564630036	0.505377237737	4	611	1	
70	0	16	step_1_no_load	1	2	2	461	
70	0	16	step_2_no_load	5	6	0.553308964466	0.628091198119	6	552	0	
70	0	17	step_1_no_load	1	2	2	407	
70	0	17	step_2_no_load	5	6	0.562895132605	0.633350170016	5	467	1	
70	0	18	step_1_no_load	1	2	2	457	
70	0	18	step_2_no_load	5	6	0.553554620302	0.626834332012	5	430	1	
70	0	19	step_1_no_load	1	2	2	429	
70	0	19	step_2_no_load	5	6	0.536502319591	0.619895761657	5	379	0	
70	0	20	step_1_no_load	1	2	1	432	
70	0	20	step_2_no_load	3	4	0.60665343963	0.478025448397	3	552	1	
70	0	21	step_1_no_load	1	2	1	470	
70	0	21	step_2_no_load	3	4	0.611328949295	0.49769376036	3	455	0	
70	0	22	step_1_no_load	1	2	1	535	
70	0	22	step_2_no_load	5	6	0.468700882609	0.621949894727	6	620	1	
70	0	23	step_1_no_load	1	2	1	507	
70	0	23	step_2_no_load	3	4	0.604065470975	0.520606588181	4	550	0	
70	0	24	step_1_no_load	1	2	1	394	
70	0	24	step_2_no_load	3	4	0.5800912085	0.505388876622	3	468	1	
70	0	25	step_1_no_load	1	2	1	492	
70	0	25	step_2_no_load	5	6	0.503605105412	0.565698722896	6	530	0	
70	0	26	step_1_no_load	1	2	2	929	
70	0	26	step_2_no_load	5	6	0.532884212818	0.592410219737	6	875	1	
70	0	27	step_1_no_load	1	2	2	598	
70	0	27	step_2_no_load	3	4	0.642144756622	0.507272671939	3	854	0	
70	0	28	step_1_no_load	1	2	2	442	
70	0	28	step_2_no_load	5	6	0.553259388875	0.588356036098	6	492	0	
70	0	29	step_1_no_load	1	2	2	576	
70	0	29	step_2_no_load	3	4	0.618626354124	0.521159009103	3	547	1	
70	0	30	step_1_no_load	1	2	2	459	
70	0	30	step_2_no_load	5	6	0.574272497114	0.608245979832	5	712	0	
70	0	31	step_1_no_load	1	2	2	447	
70	0	31	step_2_no_load	3	4	0.606122691795	0.483156722265	4	1134	0	
70	0	32	step_1_no_load	1	2	2	400	
70	0	32	step_2_no_load	5	6	0.522993086096	0.634585171267	5	591	1	
70	0	33	step_1_no_load	1	2	2	507	
70	0	33	step_2_no_load	5	6	0.542309898544	0.611700032906	5	720	0	
70	0	34	step_1_no_load	1	2	2	403	
70	0	34	step_2_no_load	5	6	0.538523758058	0.575802910074	6	476	1	
70	0	35	step_1_no_load	1	2	2	471	
70	0	35	step_2_no_load	5	6	0.594167768198	0.566827313385	6	506	0	
70	0	36	step_1_no_load	1	2	1	466	
70	0	36	step_2_no_load	3	4	0.661229326326	0.513210053121	3	521	1	
70	0	37	step_1_no_load	1	2	1	461	
70	0	37	step_2_no_load	3	4	0.660658056664	0.543074626387	3	436	1	
70	0	38	step_1_no_load	1	2	1	383	
70	0	38	step_2_no_load	3	4	0.651263699161	0.553931241266	3	198	1	
70	0	39	step_1_no_load	1	2	1	460	
70	0	39	step_2_no_load	3	4	0.634483337633	0.578640235206	3	442	1	
70	0	40	step_1_no_load	1	2	1	554	
70	0	40	step_2_no_load	3	4	0.636994900683	0.5691386571	4	803	1	
70	0	41	step_1_no_load	1	2	1	503	
70	0	41	step_2_no_load	3	4	0.633285941184	0.583829055298	4	555	1	
70	0	42	step_1_no_load	1	2	1	449	
70	0	42	step_2_no_load	3	4	0.606696263624	0.553461946234	4	401	0	
70	0	43	step_1_no_load	1	2	2	814	
70	0	43	step_2_no_load	5	6	0.612705031264	0.553703096215	6	494	0	
70	0	44	step_1_no_load	1	2	2	418	
70	0	44	step_2_no_load	5	6	0.611481438855	0.541854396676	5	461	1	
70	0	45	step_1_no_load	1	2	2	417	
70	0	45	step_2_no_load	5	6	0.632991467829	0.579346234508	5	406	1	
70	0	46	step_1_no_load	1	2	2	354	
70	0	46	step_2_no_load	5	6	0.600964500555	0.55511883717	5	426	1	
70	0	47	step_1_no_load	1	2	2	503	
70	0	47	step_2_no_load	3	4	0.634373567175	0.493112702321	3	435	1	
70	0	48	step_1_no_load	1	2	2	460	
70	0	48	step_2_no_load	3	4	0.657624935632	0.488280685105	3	311	1	
70	0	49	step_1_no_load	1	2	2	384	
70	0	49	step_2_no_load	5	6	0.610193185592	0.512405963374	5	268	0	
70	0	50	step_1_no_load	1	2	2	456	
70	0	50	step_2_no_load	5	6	0.606862017918	0.481616544184	6	462	1	
70	0	51	step_1_no_load	1	2	2	470	
70	0	51	step_2_no_load	5	6	0.564866799699	0.508197321577	6	400	0	
70	0	52	step_1_no_load	1	2	1	968	
70	0	52	step_2_no_load	3	4	0.613408921915	0.429622901875	3	697	1	
70	0	53	step_1_no_load	1	2	1	400	
70	0	53	step_2_no_load	3	4	0.630956764252	0.451905460347	3	527	0	
70	0	54	step_1_no_load	1	2	1	431	
70	0	54	step_2_no_load	5	6	0.570223904064	0.493362545513	6	469	1	
70	0	55	step_1_no_load	1	2	1	388	
70	0	55	step_2_no_load	3	4	0.639840796975	0.487025527704	4	487	1	
70	0	56	step_1_no_load	1	2	1	386	
70	0	56	step_2_no_load	3	4	0.60038825769	0.459773408493	4	504	0	
70	0	57	step_1_no_load	1	2	1	459	
70	0	57	step_2_no_load	3	4	0.586335094239	0.466449077359	3	383	0	
70	0	58	step_1_no_load	1	2	1	406	
70	0	58	step_2_no_load	3	4	0.610896130115	0.478335218822	4	460	1	
70	0	59	step_1_no_load	1	2	1	390	
70	0	59	step_2_no_load	5	6	0.632500293208	0.537400760025	6	550	1	
70	0	60	step_1_no_load	1	2	1	400	
70	0	60	step_2_no_load	3	4	0.599559577859	0.491916707098	4	474	1	
70	0	61	step_1_no_load	1	2	1	418	
70	0	61	step_2_no_load	3	4	0.602879526975	0.464268875813	4	472	0	
70	0	62	step_1_no_load	1	2	1	329	
70	0	62	step_2_no_load	5	6	0.691137204746	0.533031417444	5	400	1	
70	0	63	step_1_no_load	1	2	1	422	
70	0	63	step_2_no_load	3	4	0.642623127313	0.53192660365	3	536	0	
70	0	64	step_1_no_load	1	2	1	459	
70	0	64	step_2_no_load	3	4	0.626149195169	0.555062911513	4	497	1	
70	0	65	step_1_no_load	1	2	1	592	
70	0	65	step_2_no_load	3	4	0.619953360065	0.569109504048	4	421	1	
70	0	66	step_1_no_load	1	2	1	378	
70	0	66	step_2_no_load	3	4	0.630357351236	0.573761869714	4	488	0	
70	0	67	step_1_no_load	1	2	1	484	
70	0	67	step_2_no_load	3	4	0.674463681351	0.542076810516	3	451	1	
70	0	68	step_1_no_load	1	2	1	438	
70	0	68	step_2_no_load	3	4	0.719455209845	0.509127161919	4	800	0	
70	0	69	step_1_no_load	1	2	1	415	
70	0	69	step_2_no_load	3	4	0.718756538957	0.499137600991	3	493	1	
70	0	70	step_1_no_load	1	2	1	460	
70	0	70	step_2_no_load	5	6	0.637556284465	0.548075770764	5	476	1	
70	0	71	step_1_no_load	1	2	1	492	
70	0	71	step_2_no_load	5	6	0.639174917797	0.546215110045	5	477	0	
70	0	72	step_1_no_load	1	2	1	432	
70	0	72	step_2_no_load	3	4	0.705884789502	0.47409116389	3	908	1	
70	0	73	step_1_no_load	1	2	1	456	
70	0	73	step_2_no_load	5	6	0.657126403029	0.50185699984	6	578	1	
70	0	74	step_1_no_load	1	2	1	434	
70	0	74	step_2_no_load	5	6	0.614462146454	0.491044983779	6	673	0	
70	0	75	step_1_no_load	1	2	2	407	
70	0	75	step_2_no_load	5	6	0.615552849174	0.483983914712	6	469	0	
70	0	76	step_1_no_load	1	2	2	389	
70	0	76	step_2_no_load	3	4	0.690117652944	0.488583631821	3	767	1	
70	0	77	step_1_no_load	1	2	2	515	
70	0	77	step_2_no_load	5	6	0.564257587118	0.538119616568	5	538	1	
70	0	78	step_1_no_load	1	2	2	422	
70	0	78	step_2_no_load	5	6	0.536711448352	0.538654072849	5	453	1	
70	0	79	step_1_no_load	1	2	2	396	
70	0	79	step_2_no_load	5	6	0.513695512795	0.540085062695	5	462	1	
70	0	80	step_1_no_load	1	2	2	572	
70	0	80	step_2_no_load	5	6	0.518583383166	0.49921021142	6	1105	1	
70	0	81	step_1_no_load	1	2	2	441	
70	0	81	step_2_no_load	5	6	0.529745690463	0.494116554432	6	466	1	
70	0	82	step_1_no_load	1	2	2	527	
70	0	82	step_2_no_load	5	6	0.564729328387	0.482727017837	6	596	0	
70	0	83	step_1_no_load	1	2	2	517	
70	0	83	step_2_no_load	3	4	0.726885136842	0.382772464038	-1	-1	-1	
70	0	84	step_1_no_load	1	2	2	365	
70	0	84	step_2_no_load	3	4	0.731466635793	0.385087938645	4	410	0	
70	0	85	step_1_no_load	1	2	2	373	
70	0	85	step_2_no_load	5	6	0.692384972752	0.485785534744	6	1344	1	
70	0	86	step_1_no_load	1	2	2	464	
70	0	86	step_2_no_load	3	4	0.721207648497	0.345323068124	4	592	0	
70	0	87	step_1_no_load	1	2	2	478	
70	0	87	step_2_no_load	5	6	0.719375344246	0.493867001103	6	657	1	
70	0	88	step_1_no_load	1	2	2	419	
70	0	88	step_2_no_load	5	6	0.717410082358	0.509563243675	6	619	1	
70	0	89	step_1_no_load	1	2	2	454	
70	0	89	step_2_no_load	5	6	0.690772436485	0.490019385174	6	666	1	
70	0	90	step_1_no_load	1	2	2	507	
70	0	90	step_2_no_load	3	4	0.688736868033	0.411459496853	3	720	1	
70	0	91	step_1_no_load	1	2	2	630	
70	0	91	step_2_no_load	5	6	0.685023809334	0.479087223222	6	713	0	
70	0	92	step_1_no_load	1	2	2	451	
70	0	92	step_2_no_load	5	6	0.692406274724	0.484260039873	6	695	1	
70	0	93	step_1_no_load	1	2	2	768	
70	0	93	step_2_no_load	5	6	0.70415710998	0.473273727684	6	543	1	
70	0	94	step_1_no_load	1	2	2	531	
70	0	94	step_2_no_load	3	4	0.668295023896	0.429211756872	3	618	1	
70	0	95	step_1_no_load	1	2	2	462	
70	0	95	step_2_no_load	5	6	0.715495469274	0.42505578884	5	506	0	
70	0	96	step_1_no_load	1	2	2	489	
70	0	96	step_2_no_load	3	4	0.663095813561	0.383038640121	3	673	0	
70	0	97	step_1_no_load	1	2	2	425	
70	0	97	step_2_no_load	3	4	0.651202057411	0.392885664353	4	821	0	
70	0	98	step_1_no_load	1	2	2	437	
70	0	98	step_2_no_load	5	6	0.70287861952	0.431479829356	6	598	0	
70	0	99	step_1_no_load	1	2	2	344	
70	0	99	step_2_no_load	3	4	0.645191748454	0.397561363605	3	569	1	
70	0	100	step_1_no_load	1	2	2	439	
70	0	100	step_2_no_load	5	6	0.666227451505	0.363162156005	6	765	1	
70	0	101	step_1_no_load	1	2	2	555	
70	0	101	step_2_no_load	3	4	0.655903528958	0.497432607584	3	861	1	
70	0	102	step_1_no_load	1	2	2	509	
70	0	102	step_2_no_load	5	6	0.666304534392	0.326080462175	5	593	1	
70	0	103	step_1_no_load	1	2	2	478	
70	0	103	step_2_no_load	5	6	0.663997796029	0.322834495838	5	483	1	
70	0	104	step_1_no_load	1	2	2	489	
70	0	104	step_2_no_load	3	4	0.743372642809	0.521047445908	3	598	1	
70	0	105	step_1_no_load	1	2	2	445	
70	0	105	step_2_no_load	5	6	0.689135357059	0.352639603242	5	884	1	
70	0	106	step_1_no_load	1	2	2	494	
70	0	106	step_2_no_load	5	6	0.712883638252	0.374131494222	5	443	1	
70	0	107	step_1_no_load	1	2	2	476	
70	0	107	step_2_no_load	3	4	0.677514185929	0.565220528809	4	1271	1	
70	0	108	step_1_no_load	1	2	2	436	
70	0	108	step_2_no_load	5	6	0.695928523711	0.388185708856	6	787	0	
70	0	109	step_1_no_load	1	2	2	475	
70	0	109	step_2_no_load	5	6	0.71632547018	0.372328831887	5	489	0	
70	0	110	step_1_no_load	1	2	2	455	
70	0	110	step_2_no_load	5	6	0.729599891941	0.395544455384	6	690	0	
70	0	111	step_1_no_load	1	2	2	377	
70	0	111	step_2_no_load	5	6	0.724852671171	0.407158158569	6	640	0	
70	0	112	step_1_no_load	1	2	-1	-1	
70	0	113	step_1_no_load	1	2	2	473	
70	0	113	step_2_no_load	5	6	0.719324307956	0.387112818105	5	574	1	
70	0	114	step_1_no_load	1	2	2	499	
70	0	114	step_2_no_load	3	4	0.657654904272	0.380324086676	3	623	1	
70	0	115	step_1_no_load	1	2	2	329	
70	0	115	step_2_no_load	5	6	0.739704344621	0.357661171116	5	335	1	
70	0	116	step_1_no_load	1	2	2	430	
70	0	116	step_2_no_load	5	6	0.706736514943	0.369438791876	5	482	1	
70	0	117	step_1_no_load	1	2	2	386	
70	0	117	step_2_no_load	3	4	0.671842537277	0.374621793791	3	538	1	
70	0	118	step_1_no_load	1	2	2	425	
70	0	118	step_2_no_load	5	6	0.740051715856	0.362977115924	5	525	0	
70	0	119	step_1_no_load	1	2	2	363	
70	0	119	step_2_no_load	5	6	0.690424535099	0.358243439099	6	442	0	
70	0	120	step_1_no_load	1	2	2	420	
70	0	120	step_2_no_load	5	6	0.70587238626	0.333809617664	5	570	1	
70	0	121	step_1_no_load	1	2	2	511	
70	0	121	step_2_no_load	5	6	0.658856304095	0.310775244958	5	524	0	
70	0	122	step_1_no_load	1	2	1	511	
70	0	122	step_2_no_load	3	4	0.672193618854	0.329624572119	4	761	0	
70	0	123	step_1_no_load	1	2	1	428	
70	0	123	step_2_no_load	3	4	0.664849878232	0.337526896345	3	540	1	
70	0	124	step_1_no_load	1	2	1	878	
70	0	124	step_2_no_load	3	4	0.624161788269	0.309430836661	3	556	1	
70	0	125	step_1_no_load	1	2	1	457	
70	0	125	step_2_no_load	3	4	0.633566302563	0.303110862715	3	553	1	
70	0	126	step_1_no_load	1	2	1	385	
70	0	126	step_2_no_load	3	4	0.600985760967	0.300846667696	3	433	1	
70	0	127	step_1_no_load	1	2	1	506	
70	0	127	step_2_no_load	5	6	0.560824094575	0.273483952592	5	555	1	
70	0	128	step_1_no_load	1	2	1	446	
70	0	128	step_2_no_load	3	4	0.620672334996	0.250790232267	3	534	0	
70	0	129	step_1_no_load	1	2	1	337	
70	0	129	step_2_no_load	3	4	0.632682846317	0.271709703542	4	448	0	
70	0	130	step_1_no_load	1	2	1	442	
70	0	130	step_2_no_load	3	4	0.630285316669	0.274560758494	3	535	1	
70	0	131	step_1_no_load	1	2	1	493	
70	0	131	step_2_no_load	5	6	0.678044920845	0.281500842289	5	485	1	
70	0	132	step_1_no_load	1	2	1	446	
70	0	132	step_2_no_load	5	6	0.668578020634	0.27986961048	5	435	1	
70	0	133	step_1_no_load	1	2	1	479	
70	0	133	step_2_no_load	3	4	0.691649444281	0.312642735495	3	649	1	
70	0	134	step_1_no_load	1	2	1	378	
70	0	134	step_2_no_load	5	6	0.621945110858	0.287393715313	5	467	1	
70	0	135	step_1_no_load	1	2	2	1424	
70	0	135	step_2_no_load	5	6	0.593710006149	0.300079459047	6	964	0	
70	0	136	step_1_no_load	1	2	2	488	
70	0	136	step_2_no_load	3	4	0.674914008636	0.284521085726	4	875	0	
70	0	137	step_1_no_load	1	2	2	344	
70	0	137	step_2_no_load	5	6	0.605896884497	0.346433498467	5	493	1	
70	0	138	step_1_no_load	1	2	2	403	
70	0	138	step_2_no_load	5	6	0.63240964674	0.366701525561	5	329	1	
70	0	139	step_1_no_load	1	2	2	370	
70	0	139	step_2_no_load	3	4	0.696355985729	0.323660750961	3	763	0	
70	0	140	step_1_no_load	1	2	2	385	
70	0	140	step_2_no_load	3	4	0.637682840728	0.328174526491	4	465	0	
70	0	141	step_1_no_load	1	2	2	401	
70	0	141	step_2_no_load	3	4	0.616803346728	0.311809871418	3	408	1	
70	0	142	step_1_no_load	1	2	2	476	
70	0	142	step_2_no_load	5	6	0.690276058009	0.397052682821	5	426	1	
70	0	143	step_1_no_load	1	2	2	507	
70	0	143	step_2_no_load	5	6	0.661365099615	0.410970957547	5	451	0	
70	0	144	step_1_no_load	1	2	2	466	
70	0	144	step_2_no_load	5	6	0.626443722248	0.389234194056	6	423	1	
70	0	145	step_1_no_load	1	2	2	484	
70	0	145	step_2_no_load	5	6	0.6669125229	0.355256413269	6	501	0	
70	0	146	step_1_no_load	1	2	2	370	
70	0	146	step_2_no_load	5	6	0.681611991725	0.320877500969	5	633	0	
70	0	147	step_1_no_load	1	2	2	505	
70	0	147	step_2_no_load	5	6	0.647798886916	0.352879785946	6	526	0	
70	0	148	step_1_no_load	1	2	2	529	
70	0	148	step_2_no_load	5	6	0.619272702026	0.311162711725	6	503	0	
70	0	149	step_1_no_load	1	2	2	463	
70	0	149	step_2_no_load	5	6	0.601870110183	0.300290206122	5	368	1	
70	0	150	step_1_no_load	1	2	2	402	
70	0	150	step_2_no_load	5	6	0.575985663078	0.306860041627	5	408	1	
70	0	151	step_1_no_load	1	2	2	398	
70	0	151	step_2_no_load	3	4	0.614159737668	0.348172164421	3	538	0	
70	0	152	step_1_no_load	1	2	2	374	
70	0	152	step_2_no_load	5	6	0.595108765344	0.323194010514	6	1150	0	
70	0	153	step_1_no_load	1	2	2	394	
70	0	153	step_2_no_load	5	6	0.613336203392	0.343622632154	5	422	1	
70	0	154	step_1_no_load	1	2	2	470	
70	0	154	step_2_no_load	5	6	0.638934099562	0.348349389262	5	445	0	
70	0	155	step_1_no_load	1	2	2	386	
70	0	155	step_2_no_load	3	4	0.716100930629	0.296093457977	4	621	0	
70	0	156	step_1_no_load	1	2	2	555	
70	0	156	step_2_no_load	5	6	0.631048201903	0.368378667812	5	477	0	
70	0	157	step_1_no_load	1	2	-1	-1	
70	0	158	step_1_no_load	1	2	2	403	
70	0	158	step_2_no_load	3	4	0.694270715354	0.408728803896	4	754	1	
70	0	159	step_1_no_load	1	2	2	396	
70	0	159	step_2_no_load	5	6	0.541222065796	0.321150411254	5	928	1	
70	0	160	step_1_no_load	1	2	2	501	
70	0	160	step_2_no_load	3	4	0.710728171711	0.415052912783	4	682	1	
70	0	161	step_1_no_load	1	2	2	483	
70	0	161	step_2_no_load	5	6	0.516036498158	0.438878285506	6	648	0	
70	0	162	step_1_no_load	1	2	2	292	
70	0	162	step_2_no_load	3	4	0.695144769903	0.3926701003	3	528	1	
70	0	163	step_1_no_load	1	2	2	403	
70	0	163	step_2_no_load	5	6	0.5863391277	0.430920885959	6	767	0	
70	0	164	step_1_no_load	1	2	2	378	
70	0	164	step_2_no_load	3	4	0.692137394606	0.432761720497	3	530	1	
70	0	165	step_1_no_load	1	2	2	305	
70	0	165	step_2_no_load	5	6	0.538026607649	0.347974240867	5	604	0	
70	0	166	step_1_no_load	1	2	2	419	
70	0	166	step_2_no_load	3	4	0.686594248975	0.422282731054	4	506	0	
70	0	167	step_1_no_load	1	2	2	309	
70	0	167	step_2_no_load	5	6	0.585131062446	0.331115714939	5	497	0	
70	0	168	step_1_no_load	1	2	2	347	
70	0	168	step_2_no_load	5	6	0.613361520676	0.335777599654	6	496	0	
70	0	169	step_1_no_load	1	2	2	323	
70	0	169	step_2_no_load	5	6	0.586049140041	0.365156560071	5	509	1	
70	0	170	step_1_no_load	1	2	2	435	
70	0	170	step_2_no_load	5	6	0.57151385403	0.364989630435	5	553	0	
70	0	171	step_1_no_load	1	2	2	398	
70	0	171	step_2_no_load	5	6	0.553314431843	0.425122034074	6	430	1	
70	0	172	step_1_no_load	1	2	2	401	
70	0	172	step_2_no_load	3	4	0.668669556875	0.363617002148	4	666	0	
70	0	173	step_1_no_load	1	2	2	345	
70	0	173	step_2_no_load	5	6	0.484428109849	0.462866379815	6	874	1	
70	0	174	step_1_no_load	1	2	2	511	
70	0	174	step_2_no_load	3	4	0.729877433725	0.387867297446	3	945	0	
70	0	175	step_1_no_load	1	2	2	535	
70	0	175	step_2_no_load	5	6	0.52644949356	0.484825491933	6	678	1	
70	0	176	step_1_no_load	1	2	2	446	
70	0	176	step_2_no_load	3	4	0.679250000396	0.383231572002	4	661	1	
70	0	177	step_1_no_load	1	2	2	409	
70	0	177	step_2_no_load	5	6	0.501268576771	0.4798184927	6	446	1	
70	0	178	step_1_no_load	1	2	2	298	
70	0	178	step_2_no_load	5	6	0.493712351915	0.49020858644	6	420	0	
70	0	179	step_1_no_load	1	2	2	392	
70	0	179	step_2_no_load	3	4	0.709345707515	0.324685418097	3	429	1	
70	0	180	step_1_no_load	1	2	2	393	
70	0	180	step_2_no_load	3	4	0.719795072986	0.341214611607	3	406	0	
70	0	181	step_1_no_load	1	2	2	288	
70	0	181	step_2_no_load	3	4	0.746910336326	0.342402764747	4	409	0	
70	0	182	step_1_no_load	1	2	2	405	
70	0	182	step_2_no_load	5	6	0.506773281362	0.49907747228	6	543	0	
70	0	183	step_1_no_load	1	2	2	376	
70	0	183	step_2_no_load	5	6	0.502991759047	0.492742497507	5	441	0	
70	0	184	step_1_no_load	1	2	2	309	
70	0	184	step_2_no_load	3	4	0.657291439324	0.362743255194	4	433	1	
70	0	185	step_1_no_load	1	2	1	401	
70	0	185	step_2_no_load	3	4	0.665622647081	0.362611152222	3	433	1	
70	0	186	step_1_no_load	1	2	1	486	
70	0	186	step_2_no_load	3	4	0.656308636836	0.332733011923	3	465	1	
70	0	187	step_1_no_load	1	2	1	386	
70	0	187	step_2_no_load	3	4	0.678211978625	0.328890769988	3	356	1	
70	0	188	step_1_no_load	1	2	1	390	
70	0	188	step_2_no_load	3	4	0.696362660087	0.291508050861	3	478	1	
70	0	189	step_1_no_load	1	2	1	412	
70	0	189	step_2_no_load	3	4	0.688353284054	0.285168135955	3	475	1	
70	0	190	step_1_no_load	1	2	1	484	
70	0	190	step_2_no_load	5	6	0.433568856946	0.505820429042	5	436	1	
70	0	191	step_1_no_load	1	2	1	417	
70	0	191	step_2_no_load	3	4	0.664271461991	0.318839908867	3	485	1	
70	0	192	step_1_no_load	1	2	1	454	
70	0	192	step_2_no_load	3	4	0.705517419189	0.299297135717	3	456	1	
70	0	193	step_1_no_load	1	2	1	432	
70	0	193	step_2_no_load	3	4	0.679792491164	0.321008037746	3	541	0	
70	0	194	step_1_no_load	1	2	1	404	
70	0	194	step_2_no_load	3	4	0.655261361454	0.342437174514	4	475	1	
70	0	195	step_1_no_load	1	2	1	365	
70	0	195	step_2_no_load	3	4	0.646280688878	0.348571348505	4	359	0	
70	0	196	step_1_no_load	1	2	1	339	
70	0	196	step_2_no_load	3	4	0.695101215304	0.365373286058	3	415	1	
70	0	197	step_1_no_load	1	2	1	400	
70	0	197	step_2_no_load	3	4	0.686552522522	0.316987700969	3	416	1	
70	0	198	step_1_no_load	1	2	1	343	
70	0	198	step_2_no_load	3	4	0.68660989813	0.303352625941	3	452	1	
70	0	199	step_1_no_load	1	2	1	379	
70	0	199	step_2_no_load	3	4	0.73697129762	0.292861528884	3	380	1	
70	0	200	step_1_no_load	1	2	1	383	
70	0	200	step_2_no_load	5	6	0.372436949782	0.507902534353	5	532	1	

Mon Feb 20 10:36:39 2017
