Mon Feb 20 16:29:25 2017	
71	0	1	step_1_no_load	1	2	1	576	
71	0	1	step_2_no_load	3	4	0.457620150462	0.594299910136	4	1026	0	
71	0	2	step_1_no_load	1	2	1	555	
71	0	2	step_2_no_load	5	6	0.533203491871	0.580156942153	6	1156	1	
71	0	3	step_1_no_load	1	2	1	1122	
71	0	3	step_2_no_load	3	4	0.476767372206	0.589215227351	3	1055	0	
71	0	4	step_1_no_load	1	2	1	735	
71	0	4	step_2_no_load	3	4	0.478607661228	0.564086293706	3	1223	0	
71	0	5	step_1_no_load	1	2	1	1108	
71	0	5	step_2_no_load	3	4	0.495568760483	0.576104915614	4	576	1	
71	0	6	step_1_no_load	1	2	1	516	
71	0	6	step_2_no_load	3	4	0.506877622204	0.603642866427	4	580	0	
71	0	7	step_1_no_load	1	2	1	473	
71	0	7	step_2_no_load	5	6	0.506408070053	0.568656746487	-1	-1	-1	
71	0	8	step_1_no_load	1	2	2	529	
71	0	8	step_2_no_load	5	6	0.499203529332	0.59128639594	5	1199	1	
71	0	9	step_1_no_load	1	2	2	504	
71	0	9	step_2_no_load	5	6	0.54429228266	0.598049061473	5	554	0	
71	0	10	step_1_no_load	1	2	2	381	
71	0	10	step_2_no_load	5	6	0.576063520885	0.652626043146	5	604	1	
71	0	11	step_1_no_load	1	2	2	330	
71	0	11	step_2_no_load	5	6	0.59022801242	0.69163818036	5	647	0	
71	0	12	step_1_no_load	1	2	2	485	
71	0	12	step_2_no_load	5	6	0.597131918027	0.682786328054	5	551	1	
71	0	13	step_1_no_load	1	2	2	462	
71	0	13	step_2_no_load	3	4	0.52012981853	0.558313135925	4	1214	1	
71	0	14	step_1_no_load	1	2	1	1005	
71	0	14	step_2_no_load	3	4	0.491234392147	0.545555696267	4	485	1	
71	0	15	step_1_no_load	1	2	1	503	
71	0	15	step_2_no_load	3	4	0.505377237737	0.570419113221	4	526	0	
71	0	16	step_1_no_load	1	2	1	363	
71	0	16	step_2_no_load	3	4	0.510958036527	0.553308964466	4	428	1	
71	0	17	step_1_no_load	1	2	1	509	
71	0	17	step_2_no_load	3	4	0.535958400205	0.562895132605	4	658	0	
71	0	18	step_1_no_load	1	2	1	344	
71	0	18	step_2_no_load	3	4	0.517514133912	0.553554620302	4	375	1	
71	0	19	step_1_no_load	1	2	1	688	
71	0	19	step_2_no_load	3	4	0.498240186199	0.536502319591	4	514	0	
71	0	20	step_1_no_load	1	2	1	984	
71	0	20	step_2_no_load	5	6	0.60665343963	0.636521555122	5	1089	1	
71	0	21	step_1_no_load	1	2	1	693	
71	0	21	step_2_no_load	3	4	0.49769376036	0.470207377245	4	662	1	
71	0	22	step_1_no_load	1	2	1	566	
71	0	22	step_2_no_load	5	6	0.618527126547	0.621949894727	5	802	1	
71	0	23	step_1_no_load	1	2	1	372	
71	0	23	step_2_no_load	5	6	0.604065470975	0.640163623731	5	617	0	
71	0	24	step_1_no_load	1	2	2	596	
71	0	24	step_2_no_load	3	4	0.505388876622	0.503316199018	4	1101	0	
71	0	25	step_1_no_load	1	2	2	401	
71	0	25	step_2_no_load	5	6	0.629917901014	0.565698722896	5	918	1	
71	0	26	step_1_no_load	1	2	2	370	
71	0	26	step_2_no_load	5	6	0.640635035276	0.592410219737	5	762	0	
71	0	27	step_1_no_load	1	2	2	382	
71	0	27	step_2_no_load	5	6	0.642144756622	0.57860777711	5	812	1	
71	0	28	step_1_no_load	1	2	2	447	
71	0	28	step_2_no_load	3	4	0.520177259699	0.553259388875	4	965	0	
71	0	29	step_1_no_load	1	2	2	354	
71	0	29	step_2_no_load	5	6	0.618626354124	0.606613029227	5	685	1	
71	0	30	step_1_no_load	1	2	2	335	
71	0	30	step_2_no_load	5	6	0.610227092493	0.608245979832	5	484	1	
71	0	31	step_1_no_load	1	2	2	392	
71	0	31	step_2_no_load	5	6	0.606122691795	0.636602545794	5	483	1	
71	0	32	step_1_no_load	1	2	2	414	
71	0	32	step_2_no_load	5	6	0.605616211083	0.634585171267	5	541	0	
71	0	33	step_1_no_load	1	2	2	369	
71	0	33	step_2_no_load	5	6	0.618000238621	0.611700032906	5	451	1	
71	0	34	step_1_no_load	1	2	2	356	
71	0	34	step_2_no_load	5	6	0.670290552209	0.575802910074	5	779	1	
71	0	35	step_1_no_load	1	2	2	365	
71	0	35	step_2_no_load	3	4	0.491437207585	0.594167768198	4	1173	1	
71	0	36	step_1_no_load	1	2	1	781	
71	0	36	step_2_no_load	3	4	0.513210053121	0.611274573488	4	599	0	
71	0	37	step_1_no_load	1	2	1	367	
71	0	37	step_2_no_load	3	4	0.543074626387	0.598446394142	4	418	0	
71	0	38	step_1_no_load	1	2	1	359	
71	0	38	step_2_no_load	3	4	0.553931241266	0.595113730206	3	386	0	
71	0	39	step_1_no_load	1	2	1	496	
71	0	39	step_2_no_load	3	4	0.578640235206	0.610601635554	3	868	1	
71	0	40	step_1_no_load	1	2	1	430	
71	0	40	step_2_no_load	5	6	0.636994900683	0.580760785074	6	989	0	
71	0	41	step_1_no_load	1	2	1	404	
71	0	41	step_2_no_load	5	6	0.633285941184	0.524862294848	6	484	1	
71	0	42	step_1_no_load	1	2	1	415	
71	0	42	step_2_no_load	3	4	0.553461946234	0.609164606591	3	981	1	
71	0	43	step_1_no_load	1	2	1	348	
71	0	43	step_2_no_load	3	4	0.548128010644	0.612705031264	3	780	1	
71	0	44	step_1_no_load	1	2	1	381	
71	0	44	step_2_no_load	3	4	0.537842745081	0.611481438855	3	506	1	
71	0	45	step_1_no_load	1	2	1	523	
71	0	45	step_2_no_load	3	4	0.5288039409	0.632991467829	3	396	0	
71	0	46	step_1_no_load	1	2	1	388	
71	0	46	step_2_no_load	5	6	0.654261318712	0.55511883717	6	1170	0	
71	0	47	step_1_no_load	1	2	1	358	
71	0	47	step_2_no_load	3	4	0.493112702321	0.598724660986	3	885	0	
71	0	48	step_1_no_load	1	2	1	367	
71	0	48	step_2_no_load	3	4	0.488280685105	0.615767119776	4	472	0	
71	0	49	step_1_no_load	1	2	1	406	
71	0	49	step_2_no_load	3	4	0.489287375157	0.610193185592	3	635	1	
71	0	50	step_1_no_load	1	2	1	404	
71	0	50	step_2_no_load	5	6	0.593458480934	0.481616544184	6	943	1	
71	0	51	step_1_no_load	1	2	2	882	
71	0	51	step_2_no_load	5	6	0.613357430892	0.508197321577	6	573	0	
71	0	52	step_1_no_load	1	2	2	366	
71	0	52	step_2_no_load	5	6	0.613408921915	0.513589895419	6	387	0	
71	0	53	step_1_no_load	1	2	2	325	
71	0	53	step_2_no_load	5	6	0.630956764252	0.475342927439	5	441	1	
71	0	54	step_1_no_load	1	2	2	373	
71	0	54	step_2_no_load	3	4	0.491512498697	0.570223904064	-1	-1	-1	
71	0	55	step_1_no_load	1	2	2	479	
71	0	55	step_2_no_load	5	6	0.639840796975	0.526704292526	6	525	0	
71	0	56	step_1_no_load	1	2	2	330	
71	0	56	step_2_no_load	5	6	0.60038825769	0.538512915562	5	413	0	
71	0	57	step_1_no_load	1	2	2	303	
71	0	57	step_2_no_load	5	6	0.586335094239	0.516475618243	5	538	1	
71	0	58	step_1_no_load	1	2	2	319	
71	0	58	step_2_no_load	3	4	0.478335218822	0.664682809182	4	1059	1	
71	0	59	step_1_no_load	1	2	2	299	
71	0	59	step_2_no_load	5	6	0.608951267756	0.537400760025	5	656	1	
71	0	60	step_1_no_load	1	2	2	349	
71	0	60	step_2_no_load	5	6	0.599559577859	0.479287247283	5	663	1	
71	0	61	step_1_no_load	1	2	2	321	
71	0	61	step_2_no_load	5	6	0.602879526975	0.527144452559	5	602	0	
71	0	62	step_1_no_load	1	2	2	291	
71	0	62	step_2_no_load	3	4	0.50724109756	0.691137204746	4	1012	1	
71	0	63	step_1_no_load	1	2	2	336	
71	0	63	step_2_no_load	5	6	0.642623127313	0.519445130796	5	741	1	
71	0	64	step_1_no_load	1	2	2	280	
71	0	64	step_2_no_load	5	6	0.626149195169	0.533849886794	5	416	1	
71	0	65	step_1_no_load	1	2	2	315	
71	0	65	step_2_no_load	3	4	0.569109504048	0.612660225018	4	660	1	
71	0	66	step_1_no_load	1	2	2	280	
71	0	66	step_2_no_load	5	6	0.630357351236	0.555324764318	5	646	1	
71	0	67	step_1_no_load	1	2	2	292	
71	0	67	step_2_no_load	5	6	0.674463681351	0.538279387614	5	501	1	
71	0	68	step_1_no_load	1	2	2	1115	
71	0	68	step_2_no_load	5	6	0.719455209845	0.523301545299	5	832	1	
71	0	69	step_1_no_load	1	2	2	369	
71	0	69	step_2_no_load	3	4	0.499137600991	0.622221685203	4	774	0	
71	0	70	step_1_no_load	1	2	2	358	
71	0	70	step_2_no_load	5	6	0.697741832068	0.548075770764	5	621	0	
71	0	71	step_1_no_load	1	2	2	405	
71	0	71	step_2_no_load	3	4	0.482863323776	0.639174917797	4	671	1	
71	0	72	step_1_no_load	1	2	2	370	
71	0	72	step_2_no_load	3	4	0.47409116389	0.626024641967	4	594	0	
71	0	73	step_1_no_load	1	2	2	430	
71	0	73	step_2_no_load	5	6	0.727961155836	0.50185699984	5	1028	1	
71	0	74	step_1_no_load	1	2	2	518	
71	0	74	step_2_no_load	5	6	0.693624670847	0.491044983779	5	521	0	
71	0	75	step_1_no_load	1	2	2	408	
71	0	75	step_2_no_load	3	4	0.44832280175	0.615552849174	4	1281	0	
71	0	76	step_1_no_load	1	2	2	392	
71	0	76	step_2_no_load	5	6	0.690117652944	0.518881389358	5	535	1	
71	0	77	step_1_no_load	1	2	2	404	
71	0	77	step_2_no_load	5	6	0.679737625371	0.538119616568	5	647	1	
71	0	78	step_1_no_load	1	2	2	337	
71	0	78	step_2_no_load	3	4	0.435911167612	0.536711448352	4	890	1	
71	0	79	step_1_no_load	1	2	2	431	
71	0	79	step_2_no_load	5	6	0.647841624544	0.540085062695	5	890	0	
71	0	80	step_1_no_load	1	2	1	606	
71	0	80	step_2_no_load	3	4	0.396016175285	0.518583383166	4	1110	0	
71	0	81	step_1_no_load	1	2	1	327	
71	0	81	step_2_no_load	5	6	0.702400933084	0.494116554432	5	473	1	
71	0	82	step_1_no_load	1	2	1	361	
71	0	82	step_2_no_load	3	4	0.395813831323	0.564729328387	4	1101	0	
71	0	83	step_1_no_load	1	2	1	429	
71	0	83	step_2_no_load	5	6	0.726885136842	0.483255412498	5	760	1	
71	0	84	step_1_no_load	1	2	1	350	
71	0	84	step_2_no_load	3	4	0.385087938645	0.65843840156	3	601	0	
71	0	85	step_1_no_load	1	2	1	320	
71	0	85	step_2_no_load	5	6	0.712989604416	0.485785534744	5	384	0	
71	0	86	step_1_no_load	1	2	1	349	
71	0	86	step_2_no_load	5	6	0.721207648497	0.486462788728	5	878	1	
71	0	87	step_1_no_load	1	2	1	312	
71	0	87	step_2_no_load	3	4	0.40000499778	0.719375344246	4	941	1	
71	0	88	step_1_no_load	1	2	1	510	
71	0	88	step_2_no_load	3	4	0.377947492322	0.717410082358	4	497	1	
71	0	89	step_1_no_load	1	2	1	361	
71	0	89	step_2_no_load	3	4	0.415882489686	0.690772436485	4	449	1	
71	0	90	step_1_no_load	1	2	1	356	
71	0	90	step_2_no_load	3	4	0.411459496853	0.712247848046	4	513	1	
71	0	91	step_1_no_load	1	2	1	366	
71	0	91	step_2_no_load	3	4	0.43534164751	0.685023809334	4	354	1	
71	0	92	step_1_no_load	1	2	1	398	
71	0	92	step_2_no_load	5	6	0.679381608313	0.484260039873	5	833	1	
71	0	93	step_1_no_load	1	2	1	348	
71	0	93	step_2_no_load	3	4	0.439878153082	0.70415710998	4	642	1	
71	0	94	step_1_no_load	1	2	1	393	
71	0	94	step_2_no_load	5	6	0.668295023896	0.468637558205	5	548	0	
71	0	95	step_1_no_load	1	2	1	948	
71	0	95	step_2_no_load	3	4	0.427150666411	0.715495469274	4	650	1	
71	0	96	step_1_no_load	1	2	1	371	
71	0	96	step_2_no_load	3	4	0.383038640121	0.693739812506	4	589	1	
71	0	97	step_1_no_load	1	2	1	371	
71	0	97	step_2_no_load	3	4	0.392885664353	0.681272614291	4	432	1	
71	0	98	step_1_no_load	1	2	1	341	
71	0	98	step_2_no_load	3	4	0.409778171713	0.70287861952	4	529	0	
71	0	99	step_1_no_load	1	2	1	436	
71	0	99	step_2_no_load	5	6	0.645191748454	0.375249961522	5	623	1	
71	0	100	step_1_no_load	1	2	1	361	
71	0	100	step_2_no_load	5	6	0.66579920021	0.363162156005	5	628	0	
71	0	101	step_1_no_load	1	2	1	308	
71	0	101	step_2_no_load	3	4	0.497432607584	0.623812401974	4	978	1	
71	0	102	step_1_no_load	1	2	1	347	
71	0	102	step_2_no_load	5	6	0.663124617603	0.326080462175	5	468	0	
71	0	103	step_1_no_load	1	2	1	355	
71	0	103	step_2_no_load	5	6	0.69058998368	0.322834495838	6	816	1	
71	0	104	step_1_no_load	1	2	1	606	
71	0	104	step_2_no_load	5	6	0.743372642809	0.303696146503	6	573	0	
71	0	105	step_1_no_load	1	2	1	363	
71	0	105	step_2_no_load	3	4	0.514318365187	0.689135357059	4	500	0	
71	0	106	step_1_no_load	1	2	1	422	
71	0	106	step_2_no_load	3	4	0.508908032404	0.712883638252	4	677	0	
71	0	107	step_1_no_load	1	2	1	351	
71	0	107	step_2_no_load	3	4	0.565220528809	0.692607431435	3	507	0	
71	0	108	step_1_no_load	1	2	1	346	
71	0	108	step_2_no_load	5	6	0.681491063126	0.388185708856	6	1071	0	
71	0	109	step_1_no_load	1	2	1	410	
71	0	109	step_2_no_load	3	4	0.479977531501	0.71632547018	3	1146	1	
71	0	110	step_1_no_load	1	2	1	833	
71	0	110	step_2_no_load	3	4	0.432626681236	0.729599891941	3	453	0	
71	0	111	step_1_no_load	1	2	1	345	
71	0	111	step_2_no_load	5	6	0.634599547742	0.407158158569	6	1125	0	
71	0	112	step_1_no_load	1	2	1	410	
71	0	112	step_2_no_load	3	4	0.392887565883	0.725701866094	3	463	0	
71	0	113	step_1_no_load	1	2	1	483	
71	0	113	step_2_no_load	3	4	0.370697120277	0.719324307956	3	858	1	
71	0	114	step_1_no_load	1	2	1	334	
71	0	114	step_2_no_load	3	4	0.380324086676	0.718213323791	3	676	1	
71	0	115	step_1_no_load	1	2	1	386	
71	0	115	step_2_no_load	3	4	0.390027643099	0.739704344621	3	463	0	
71	0	116	step_1_no_load	1	2	1	337	
71	0	116	step_2_no_load	5	6	0.680124293449	0.369438791876	6	1082	0	
71	0	117	step_1_no_load	1	2	1	345	
71	0	117	step_2_no_load	3	4	0.374621793791	0.747012267642	3	782	1	
71	0	118	step_1_no_load	1	2	1	370	
71	0	118	step_2_no_load	3	4	0.357645851833	0.740051715856	3	767	0	
71	0	119	step_1_no_load	1	2	1	351	
71	0	119	step_2_no_load	3	4	0.357515098446	0.690424535099	3	780	1	
71	0	120	step_1_no_load	1	2	1	372	
71	0	120	step_2_no_load	5	6	0.666433355915	0.333809617664	5	625	1	
71	0	121	step_1_no_load	1	2	1	340	
71	0	121	step_2_no_load	3	4	0.352721767208	0.658856304095	3	866	0	
71	0	122	step_1_no_load	1	2	1	346	
71	0	122	step_2_no_load	3	4	0.329624572119	0.6136886145	3	555	0	
71	0	123	step_1_no_load	1	2	1	363	
71	0	123	step_2_no_load	3	4	0.337526896345	0.583607229978	3	613	0	
71	0	124	step_1_no_load	1	2	1	309	
71	0	124	step_2_no_load	5	6	0.624161788269	0.26095206597	5	864	1	
71	0	125	step_1_no_load	1	2	1	489	
71	0	125	step_2_no_load	5	6	0.633566302563	0.290374841566	5	604	0	
71	0	126	step_1_no_load	1	2	1	313	
71	0	126	step_2_no_load	3	4	0.300846667696	0.537863824328	3	652	0	
71	0	127	step_1_no_load	1	2	1	651	
71	0	127	step_2_no_load	3	4	0.274944938508	0.560824094575	4	657	1	
71	0	128	step_1_no_load	1	2	1	582	
71	0	128	step_2_no_load	5	6	0.620672334996	0.260252451606	5	1020	1	
71	0	129	step_1_no_load	1	2	1	430	
71	0	129	step_2_no_load	3	4	0.271709703542	0.685297910719	4	427	1	
71	0	130	step_1_no_load	1	2	1	421	
71	0	130	step_2_no_load	3	4	0.274560758494	0.682031489739	4	472	1	
71	0	131	step_1_no_load	1	2	1	453	
71	0	131	step_2_no_load	3	4	0.311475039155	0.678044920845	4	477	1	
71	0	132	step_1_no_load	1	2	1	507	
71	0	132	step_2_no_load	3	4	0.315328810424	0.668578020634	4	471	1	
71	0	133	step_1_no_load	1	2	1	418	
71	0	133	step_2_no_load	3	4	0.312642735495	0.617383991623	4	482	1	
71	0	134	step_1_no_load	1	2	1	358	
71	0	134	step_2_no_load	5	6	0.685529359147	0.287393715313	5	748	1	
71	0	135	step_1_no_load	1	2	1	594	
71	0	135	step_2_no_load	3	4	0.287118934166	0.593710006149	4	679	1	
71	0	136	step_1_no_load	1	2	1	458	
71	0	136	step_2_no_load	3	4	0.284521085726	0.597814413435	4	375	1	
71	0	137	step_1_no_load	1	2	1	322	
71	0	137	step_2_no_load	3	4	0.325016613024	0.605896884497	4	507	1	
71	0	138	step_1_no_load	1	2	1	359	
71	0	138	step_2_no_load	3	4	0.307694123906	0.63240964674	4	488	1	
71	0	139	step_1_no_load	1	2	1	476	
71	0	139	step_2_no_load	3	4	0.323660750961	0.636630981281	4	470	1	
71	0	140	step_1_no_load	1	2	1	367	
71	0	140	step_2_no_load	5	6	0.637682840728	0.348740542008	5	750	1	
71	0	141	step_1_no_load	1	2	1	393	
71	0	141	step_2_no_load	3	4	0.311809871418	0.711987889705	4	637	1	
71	0	142	step_1_no_load	1	2	1	506	
71	0	142	step_2_no_load	3	4	0.304203281606	0.690276058009	4	651	0	
71	0	143	step_1_no_load	1	2	1	327	
71	0	143	step_2_no_load	5	6	0.610219102298	0.410970957547	5	622	1	
71	0	144	step_1_no_load	1	2	1	351	
71	0	144	step_2_no_load	3	4	0.275932517017	0.626443722248	4	648	1	
71	0	145	step_1_no_load	1	2	1	323	
71	0	145	step_2_no_load	3	4	0.266265924094	0.6669125229	4	653	1	
71	0	146	step_1_no_load	1	2	1	362	
71	0	146	step_2_no_load	3	4	0.257861956214	0.681611991725	4	1274	1	
71	0	147	step_1_no_load	1	2	1	319	
71	0	147	step_2_no_load	3	4	0.265578160642	0.647798886916	4	455	1	
71	0	148	step_1_no_load	1	2	1	367	
71	0	148	step_2_no_load	3	4	0.305288021243	0.619272702026	4	575	0	
71	0	149	step_1_no_load	1	2	1	480	
71	0	149	step_2_no_load	3	4	0.269951834184	0.601870110183	4	524	1	
71	0	150	step_1_no_load	1	2	1	378	
71	0	150	step_2_no_load	3	4	0.305587692243	0.575985663078	4	471	0	
71	0	151	step_1_no_load	1	2	1	308	
71	0	151	step_2_no_load	5	6	0.614159737668	0.310557101463	5	863	1	
71	0	152	step_1_no_load	1	2	1	384	
71	0	152	step_2_no_load	3	4	0.307702500543	0.595108765344	4	638	1	
71	0	153	step_1_no_load	1	2	1	316	
71	0	153	step_2_no_load	5	6	0.681559292085	0.343622632154	5	848	0	
71	0	154	step_1_no_load	1	2	1	305	
71	0	154	step_2_no_load	3	4	0.316375537537	0.638934099562	4	600	1	
71	0	155	step_1_no_load	1	2	1	331	
71	0	155	step_2_no_load	5	6	0.716100930629	0.372188990474	6	651	0	
71	0	156	step_1_no_load	1	2	1	417	
71	0	156	step_2_no_load	3	4	0.32564867104	0.631048201903	4	651	1	
71	0	157	step_1_no_load	1	2	1	493	
71	0	157	step_2_no_load	3	4	0.350909357271	0.585191807512	4	746	1	
71	0	158	step_1_no_load	1	2	1	369	
71	0	158	step_2_no_load	5	6	0.694270715354	0.334595868098	5	641	1	
71	0	159	step_1_no_load	1	2	1	293	
71	0	159	step_2_no_load	5	6	0.697903160072	0.321150411254	5	807	1	
71	0	160	step_1_no_load	1	2	1	292	
71	0	160	step_2_no_load	3	4	0.415052912783	0.521229931064	4	414	1	
71	0	161	step_1_no_load	1	2	1	373	
71	0	161	step_2_no_load	3	4	0.407025633682	0.516036498158	4	544	0	
71	0	162	step_1_no_load	1	2	1	362	
71	0	162	step_2_no_load	5	6	0.695144769903	0.455329532209	5	751	1	
71	0	163	step_1_no_load	1	2	1	323	
71	0	163	step_2_no_load	3	4	0.395221309311	0.5863391277	4	555	1	
71	0	164	step_1_no_load	1	2	1	347	
71	0	164	step_2_no_load	3	4	0.432761720497	0.585961845322	4	665	1	
71	0	165	step_1_no_load	1	2	1	321	
71	0	165	step_2_no_load	5	6	0.717506143195	0.347974240867	5	744	1	
71	0	166	step_1_no_load	1	2	1	351	
71	0	166	step_2_no_load	3	4	0.422282731054	0.549095060025	4	562	0	
71	0	167	step_1_no_load	1	2	1	345	
71	0	167	step_2_no_load	5	6	0.706271792549	0.331115714939	5	541	0	
71	0	168	step_1_no_load	1	2	1	435	
71	0	168	step_2_no_load	3	4	0.400817642375	0.613361520676	4	368	1	
71	0	169	step_1_no_load	1	2	1	426	
71	0	169	step_2_no_load	5	6	0.704981910944	0.365156560071	5	953	1	
71	0	170	step_1_no_load	1	2	1	782	
71	0	170	step_2_no_load	3	4	0.411067820436	0.57151385403	4	965	1	
71	0	171	step_1_no_load	1	2	1	473	
71	0	171	step_2_no_load	3	4	0.386979310814	0.553314431843	4	608	1	
71	0	172	step_1_no_load	1	2	1	403	
71	0	172	step_2_no_load	3	4	0.363617002148	0.519090471457	4	867	0	
71	0	173	step_1_no_load	1	2	1	492	
71	0	173	step_2_no_load	5	6	0.667027212577	0.462866379815	6	461	0	
71	0	174	step_1_no_load	1	2	1	446	
71	0	174	step_2_no_load	3	4	0.387867297446	0.472729524832	4	610	0	
71	0	175	step_1_no_load	1	2	1	360	
71	0	175	step_2_no_load	3	4	0.426185553904	0.52644949356	3	561	1	
71	0	176	step_1_no_load	1	2	1	638	
71	0	176	step_2_no_load	3	4	0.383231572002	0.474046874473	3	769	0	
71	0	177	step_1_no_load	1	2	1	470	
71	0	177	step_2_no_load	5	6	0.714070205704	0.4798184927	5	1162	0	
71	0	178	step_1_no_load	1	2	1	383	
71	0	178	step_2_no_load	3	4	0.36473828006	0.493712351915	3	413	1	
71	0	179	step_1_no_load	1	2	1	311	
71	0	179	step_2_no_load	5	6	0.709345707515	0.493565996034	5	775	0	
71	0	180	step_1_no_load	1	2	1	357	
71	0	180	step_2_no_load	5	6	0.719795072986	0.489345734128	6	629	0	
71	0	181	step_1_no_load	1	2	1	499	
71	0	181	step_2_no_load	5	6	0.746910336326	0.480141179559	6	1308	1	
71	0	182	step_1_no_load	1	2	1	373	
71	0	182	step_2_no_load	3	4	0.340533666308	0.506773281362	3	738	0	
71	0	183	step_1_no_load	1	2	1	377	
71	0	183	step_2_no_load	3	4	0.350175837802	0.502991759047	3	780	0	
71	0	184	step_1_no_load	1	2	1	381	
71	0	184	step_2_no_load	3	4	0.362743255194	0.460890977786	4	471	1	
71	0	185	step_1_no_load	1	2	1	790	
71	0	185	step_2_no_load	3	4	0.362611152222	0.479703516092	4	432	0	
71	0	186	step_1_no_load	1	2	1	424	
71	0	186	step_2_no_load	3	4	0.332733011923	0.46870859828	4	335	1	
71	0	187	step_1_no_load	1	2	1	308	
71	0	187	step_2_no_load	3	4	0.328890769988	0.443962917772	4	464	1	
71	0	188	step_1_no_load	1	2	1	603	
71	0	188	step_2_no_load	3	4	0.291508050861	0.471319680586	4	481	1	
71	0	189	step_1_no_load	1	2	1	365	
71	0	189	step_2_no_load	3	4	0.285168135955	0.448897869069	4	637	0	
71	0	190	step_1_no_load	1	2	1	364	
71	0	190	step_2_no_load	3	4	0.304557739386	0.433568856946	4	439	0	
71	0	191	step_1_no_load	1	2	1	485	
71	0	191	step_2_no_load	5	6	0.664271461991	0.512103523931	5	911	1	
71	0	192	step_1_no_load	1	2	1	418	
71	0	192	step_2_no_load	3	4	0.299297135717	0.450791310283	4	564	0	
71	0	193	step_1_no_load	1	2	1	371	
71	0	193	step_2_no_load	5	6	0.679792491164	0.504944704439	5	785	1	
71	0	194	step_1_no_load	1	2	1	321	
71	0	194	step_2_no_load	3	4	0.342437174514	0.433250459893	4	660	0	
71	0	195	step_1_no_load	1	2	1	319	
71	0	195	step_2_no_load	3	4	0.348571348505	0.466795336969	4	1184	1	
71	0	196	step_1_no_load	1	2	1	326	
71	0	196	step_2_no_load	3	4	0.365373286058	0.421761207498	4	392	1	
71	0	197	step_1_no_load	1	2	1	457	
71	0	197	step_2_no_load	5	6	0.686552522522	0.47786945426	5	767	1	
71	0	198	step_1_no_load	1	2	1	316	
71	0	198	step_2_no_load	3	4	0.303352625941	0.397292432346	4	458	1	
71	0	199	step_1_no_load	1	2	1	468	
71	0	199	step_2_no_load	3	4	0.292861528884	0.39793773834	4	661	0	
71	0	200	step_1_no_load	1	2	1	358	
71	0	200	step_2_no_load	3	4	0.299128796668	0.372436949782	4	591	0	

Mon Feb 20 16:49:07 2017
