Mon Feb 20 19:04:34 2017	
72	0	1	step_1_no_load	1	2	1	844	
72	0	1	step_2_no_load	3	4	0.511789129507	0.457620150462	4	1166	0	
72	0	2	step_1_no_load	1	2	1	241	
72	0	2	step_2_no_load	3	4	0.533203491871	0.474613197709	3	409	1	
72	0	3	step_1_no_load	1	2	2	899	
72	0	3	step_2_no_load	3	4	0.516002945397	0.476767372206	3	1070	0	
72	0	4	step_1_no_load	1	2	1	1	
72	0	4	step_2_no_load	3	4	0.494597764192	0.478607661228	3	487	0	
72	0	5	step_1_no_load	1	2	1	846	
72	0	5	step_2_no_load	5	6	0.623810210114	0.576104915614	5	1388	1	
72	0	6	step_1_no_load	1	2	1	843	
72	0	6	step_2_no_load	3	4	0.490454120702	0.506877622204	4	913	1	
72	0	7	step_1_no_load	1	2	1	173	
72	0	7	step_2_no_load	3	4	0.506408070053	0.500071913476	4	958	0	
72	0	8	step_1_no_load	1	2	1	1019	
72	0	8	step_2_no_load	3	4	0.499203529332	0.489816616396	4	756	0	
72	0	9	step_1_no_load	1	2	2	653	
72	0	9	step_2_no_load	5	6	0.598049061473	0.641106877158	6	1438	1	
72	0	10	step_1_no_load	1	2	2	361	
72	0	10	step_2_no_load	5	6	0.652626043146	0.636063269715	6	580	1	
72	0	11	step_1_no_load	1	2	2	206	
72	0	11	step_2_no_load	3	4	0.59022801242	0.477013315682	3	1283	0	
72	0	12	step_1_no_load	1	2	2	65	
72	0	12	step_2_no_load	5	6	0.682786328054	0.552770607849	6	537	1	
72	0	13	step_1_no_load	1	2	1	660	
72	0	13	step_2_no_load	3	4	0.595790490356	0.52012981853	4	1380	1	
72	0	14	step_1_no_load	1	2	1	0	
72	0	14	step_2_no_load	3	4	0.611256675753	0.491234392147	4	786	1	
72	0	15	step_1_no_load	1	2	2	1468	
72	0	15	step_2_no_load	5	6	0.612260006668	0.570419113221	6	871	1	
72	0	16	step_1_no_load	1	2	1	769	
72	0	16	step_2_no_load	5	6	0.628091198119	0.553308964466	6	460	0	
72	0	17	step_1_no_load	1	2	1	1107	
72	0	17	step_2_no_load	3	4	0.643116883134	0.535958400205	4	765	1	
72	0	18	step_1_no_load	1	2	1	949	
72	0	18	step_2_no_load	3	4	0.626895526976	0.517514133912	4	766	0	
72	0	19	step_1_no_load	1	2	2	495	
72	0	19	step_2_no_load	3	4	0.644773170243	0.498240186199	4	1127	0	
72	0	20	step_1_no_load	1	2	1	713	
72	0	20	step_2_no_load	5	6	0.636521555122	0.491720931314	6	568	0	
72	0	21	step_1_no_load	1	2	1	672	
72	0	21	step_2_no_load	3	4	0.611328949295	0.49769376036	-1	-1	-1	
72	0	22	step_1_no_load	1	2	1	633	
72	0	22	step_2_no_load	5	6	0.621949894727	0.468700882609	6	489	0	
72	0	23	step_1_no_load	1	2	1	601	
72	0	23	step_2_no_load	3	4	0.604065470975	0.520606588181	3	627	0	
72	0	24	step_1_no_load	1	2	2	42	
72	0	24	step_2_no_load	5	6	0.582115115688	0.503316199018	5	1164	1	
72	0	25	step_1_no_load	1	2	1	724	
72	0	25	step_2_no_load	3	4	0.629917901014	0.503316372362	4	732	0	
72	0	26	step_1_no_load	1	2	1	619	
72	0	26	step_2_no_load	3	4	0.640635035276	0.511744353778	4	630	1	
72	0	27	step_1_no_load	1	2	2	352	
72	0	27	step_2_no_load	3	4	0.642144756622	0.507272671939	4	753	1	
72	0	28	step_1_no_load	1	2	1	71	
72	0	28	step_2_no_load	3	4	0.647441527317	0.520177259699	4	644	0	
72	0	29	step_1_no_load	1	2	1	417	
72	0	29	step_2_no_load	3	4	0.618626354124	0.521159009103	4	400	0	
72	0	30	step_1_no_load	1	2	2	861	
72	0	30	step_2_no_load	5	6	0.608245979832	0.574272497114	5	1040	0	
72	0	31	step_1_no_load	1	2	1	518	
72	0	31	step_2_no_load	3	4	0.606122691795	0.483156722265	4	418	1	
72	0	32	step_1_no_load	1	2	1	492	
72	0	32	step_2_no_load	3	4	0.605616211083	0.520318771114	4	539	0	
72	0	33	step_1_no_load	1	2	1	516	
72	0	33	step_2_no_load	3	4	0.618000238621	0.487664344039	4	361	1	
72	0	34	step_1_no_load	1	2	2	535	
72	0	34	step_2_no_load	5	6	0.575802910074	0.538523758058	6	560	1	
72	0	35	step_1_no_load	1	2	1	485	
72	0	35	step_2_no_load	3	4	0.649776015006	0.491437207585	4	485	0	
72	0	36	step_1_no_load	1	2	1	418	
72	0	36	step_2_no_load	3	4	0.661229326326	0.513210053121	4	398	0	
72	0	37	step_1_no_load	1	2	1	579	
72	0	37	step_2_no_load	3	4	0.660658056664	0.543074626387	4	327	0	
72	0	38	step_1_no_load	1	2	1	493	
72	0	38	step_2_no_load	3	4	0.651263699161	0.553931241266	4	372	0	
72	0	39	step_1_no_load	1	2	1	473	
72	0	39	step_2_no_load	3	4	0.634483337633	0.578640235206	3	392	1	
72	0	40	step_1_no_load	1	2	2	553	
72	0	40	step_2_no_load	3	4	0.636994900683	0.5691386571	4	719	1	
72	0	41	step_1_no_load	1	2	2	5	
72	0	41	step_2_no_load	5	6	0.524862294848	0.588857868869	6	374	1	
72	0	42	step_1_no_load	1	2	2	284	
72	0	42	step_2_no_load	3	4	0.606696263624	0.553461946234	4	614	0	
72	0	43	step_1_no_load	1	2	1	894	
72	0	43	step_2_no_load	3	4	0.581931546759	0.548128010644	4	752	0	
72	0	44	step_1_no_load	1	2	2	287	
72	0	44	step_2_no_load	5	6	0.541854396676	0.611481438855	6	408	1	
72	0	45	step_1_no_load	1	2	1	856	
72	0	45	step_2_no_load	3	4	0.620699591043	0.5288039409	3	742	0	
72	0	46	step_1_no_load	1	2	2	497	
72	0	46	step_2_no_load	5	6	0.55511883717	0.600964500555	6	400	1	
72	0	47	step_1_no_load	1	2	1	304	
72	0	47	step_2_no_load	5	6	0.546259467838	0.598724660986	6	394	1	
72	0	48	step_1_no_load	1	2	2	24	
72	0	48	step_2_no_load	5	6	0.534690828011	0.615767119776	6	767	1	
72	0	49	step_1_no_load	1	2	1	538	
72	0	49	step_2_no_load	3	4	0.614679490594	0.489287375157	3	523	1	
72	0	50	step_1_no_load	1	2	2	165	
72	0	50	step_2_no_load	5	6	0.481616544184	0.606862017918	6	754	0	
72	0	51	step_1_no_load	1	2	1	590	
72	0	51	step_2_no_load	5	6	0.508197321577	0.564866799699	6	959	0	
72	0	52	step_1_no_load	1	2	2	335	
72	0	52	step_2_no_load	3	4	0.613408921915	0.429622901875	3	293	1	
72	0	53	step_1_no_load	1	2	1	638	
72	0	53	step_2_no_load	3	4	0.630956764252	0.451905460347	4	609	0	
72	0	54	step_1_no_load	1	2	1	646	
72	0	54	step_2_no_load	3	4	0.652515308527	0.491512498697	4	423	0	
72	0	55	step_1_no_load	1	2	1	340	
72	0	55	step_2_no_load	3	4	0.639840796975	0.487025527704	3	290	0	
72	0	56	step_1_no_load	1	2	1	284	
72	0	56	step_2_no_load	3	4	0.60038825769	0.459773408493	4	361	0	
72	0	57	step_1_no_load	1	2	2	315	
72	0	57	step_2_no_load	3	4	0.586335094239	0.466449077359	4	326	1	
72	0	58	step_1_no_load	1	2	2	949	
72	0	58	step_2_no_load	5	6	0.528376440027	0.664682809182	6	560	0	
72	0	59	step_1_no_load	1	2	1	113	
72	0	59	step_2_no_load	3	4	0.608951267756	0.480274332693	4	508	1	
72	0	60	step_1_no_load	1	2	2	299	
72	0	60	step_2_no_load	5	6	0.479287247283	0.623687406259	6	453	1	
72	0	61	step_1_no_load	1	2	1	307	
72	0	61	step_2_no_load	5	6	0.527144452559	0.669587072502	6	394	0	
72	0	62	step_1_no_load	1	2	2	524	
72	0	62	step_2_no_load	3	4	0.622820395113	0.50724109756	3	330	1	
72	0	63	step_1_no_load	1	2	1	508	
72	0	63	step_2_no_load	3	4	0.642623127313	0.53192660365	4	1247	0	
72	0	64	step_1_no_load	1	2	1	555	
72	0	64	step_2_no_load	5	6	0.533849886794	0.642369708469	6	485	1	
72	0	65	step_1_no_load	1	2	2	427	
72	0	65	step_2_no_load	5	6	0.517687993213	0.612660225018	6	401	1	
72	0	66	step_1_no_load	1	2	1	453	
72	0	66	step_2_no_load	3	4	0.630357351236	0.573761869714	4	277	1	
72	0	67	step_1_no_load	1	2	2	331	
72	0	67	step_2_no_load	3	4	0.674463681351	0.542076810516	4	542	1	
72	0	68	step_1_no_load	1	2	1	391	
72	0	68	step_2_no_load	3	4	0.719455209845	0.509127161919	4	375	1	
72	0	69	step_1_no_load	1	2	2	508	
72	0	69	step_2_no_load	3	4	0.718756538957	0.499137600991	3	1265	1	
72	0	70	step_1_no_load	1	2	1	394	
72	0	70	step_2_no_load	3	4	0.697741832068	0.498834901463	4	384	1	
72	0	71	step_1_no_load	1	2	2	231	
72	0	71	step_2_no_load	5	6	0.546215110045	0.639174917797	6	441	1	
72	0	72	step_1_no_load	1	2	1	607	
72	0	72	step_2_no_load	3	4	0.705884789502	0.47409116389	4	410	0	
72	0	73	step_1_no_load	1	2	2	665	
72	0	73	step_2_no_load	5	6	0.50185699984	0.657126403029	5	267	0	
72	0	74	step_1_no_load	1	2	1	366	
72	0	74	step_2_no_load	3	4	0.693624670847	0.453420386428	4	419	0	
72	0	75	step_1_no_load	1	2	1	618	
72	0	75	step_2_no_load	5	6	0.483983914712	0.615552849174	6	352	0	
72	0	76	step_1_no_load	1	2	2	385	
72	0	76	step_2_no_load	5	6	0.518881389358	0.62770291155	6	328	1	
72	0	77	step_1_no_load	1	2	1	313	
72	0	77	step_2_no_load	3	4	0.679737625371	0.446809557226	4	518	0	
72	0	78	step_1_no_load	1	2	2	172	
72	0	78	step_2_no_load	5	6	0.538654072849	0.536711448352	6	835	1	
72	0	79	step_1_no_load	1	2	1	434	
72	0	79	step_2_no_load	3	4	0.647841624544	0.389124152368	3	605	1	
72	0	80	step_1_no_load	1	2	2	906	
72	0	80	step_2_no_load	5	6	0.49921021142	0.518583383166	6	819	1	
72	0	81	step_1_no_load	1	2	1	392	
72	0	81	step_2_no_load	3	4	0.702400933084	0.419265522488	3	645	0	
72	0	82	step_1_no_load	1	2	1	547	
72	0	82	step_2_no_load	5	6	0.482727017837	0.564729328387	5	431	1	
72	0	83	step_1_no_load	1	2	2	653	
72	0	83	step_2_no_load	5	6	0.483255412498	0.607907985871	6	481	1	
72	0	84	step_1_no_load	1	2	1	375	
72	0	84	step_2_no_load	3	4	0.731466635793	0.385087938645	-1	-1	-1	
72	0	85	step_1_no_load	1	2	1	464	
72	0	85	step_2_no_load	3	4	0.712989604416	0.384458259121	3	348	0	
72	0	86	step_1_no_load	1	2	2	375	
72	0	86	step_2_no_load	5	6	0.486462788728	0.691782850001	6	309	0	
72	0	87	step_1_no_load	1	2	2	724	
72	0	87	step_2_no_load	3	4	0.690012761069	0.40000499778	4	562	0	
72	0	88	step_1_no_load	1	2	2	484	
72	0	88	step_2_no_load	3	4	0.696773608304	0.377947492322	4	423	1	
72	0	89	step_1_no_load	1	2	1	771	
72	0	89	step_2_no_load	3	4	0.660112261017	0.415882489686	4	839	1	
72	0	90	step_1_no_load	1	2	1	312	
72	0	90	step_2_no_load	5	6	0.530126112124	0.712247848046	6	865	1	
72	0	91	step_1_no_load	1	2	2	286	
72	0	91	step_2_no_load	3	4	0.657820521772	0.43534164751	4	967	0	
72	0	92	step_1_no_load	1	2	2	412	
72	0	92	step_2_no_load	5	6	0.484260039873	0.692406274724	6	551	0	
72	0	93	step_1_no_load	1	2	1	926	
72	0	93	step_2_no_load	5	6	0.473273727684	0.70415710998	6	1073	1	
72	0	94	step_1_no_load	1	2	1	1	
72	0	94	step_2_no_load	3	4	0.668295023896	0.429211756872	3	1220	1	
72	0	95	step_1_no_load	1	2	2	564	
72	0	95	step_2_no_load	3	4	0.640209855442	0.427150666411	3	633	1	
72	0	96	step_1_no_load	1	2	2	538	
72	0	96	step_2_no_load	5	6	0.437558890646	0.693739812506	6	744	1	
72	0	97	step_1_no_load	1	2	1	366	
72	0	97	step_2_no_load	3	4	0.651202057411	0.392885664353	3	626	1	
72	0	98	step_1_no_load	1	2	2	480	
72	0	98	step_2_no_load	3	4	0.646040060297	0.409778171713	3	724	1	
72	0	99	step_1_no_load	1	2	2	634	
72	0	99	step_2_no_load	5	6	0.375249961522	0.673709850038	6	535	1	
72	0	100	step_1_no_load	1	2	1	572	
72	0	100	step_2_no_load	3	4	0.66579920021	0.4333505304	3	777	1	
72	0	101	step_1_no_load	1	2	2	505	
72	0	101	step_2_no_load	5	6	0.366879421891	0.623812401974	6	624	0	
72	0	102	step_1_no_load	1	2	2	548	
72	0	102	step_2_no_load	3	4	0.663124617603	0.494584754513	3	830	1	
72	0	103	step_1_no_load	1	2	2	435	
72	0	103	step_2_no_load	3	4	0.69058998368	0.481975449893	4	504	0	
72	0	104	step_1_no_load	1	2	2	678	
72	0	104	step_2_no_load	3	4	0.743372642809	0.521047445908	3	717	1	
72	0	105	step_1_no_load	1	2	1	828	
72	0	105	step_2_no_load	5	6	0.352639603242	0.689135357059	6	800	1	
72	0	106	step_1_no_load	1	2	1	532	
72	0	106	step_2_no_load	3	4	0.699623252899	0.508908032404	3	559	1	
72	0	107	step_1_no_load	1	2	2	443	
72	0	107	step_2_no_load	3	4	0.677514185929	0.565220528809	3	492	1	
72	0	108	step_1_no_load	1	2	1	299	
72	0	108	step_2_no_load	3	4	0.681491063126	0.526955028982	3	907	1	
72	0	109	step_1_no_load	1	2	2	729	
72	0	109	step_2_no_load	3	4	0.68658494263	0.479977531501	3	764	1	
72	0	110	step_1_no_load	1	2	1	706	
72	0	110	step_2_no_load	5	6	0.395544455384	0.729599891941	6	935	1	
72	0	111	step_1_no_load	1	2	1	599	
72	0	111	step_2_no_load	3	4	0.634599547742	0.384948378665	3	716	1	
72	0	112	step_1_no_load	1	2	2	306	
72	0	112	step_2_no_load	5	6	0.413393106784	0.725701866094	6	708	0	
72	0	113	step_1_no_load	1	2	1	362	
72	0	113	step_2_no_load	5	6	0.387112818105	0.719324307956	6	566	1	
72	0	114	step_1_no_load	1	2	2	698	
72	0	114	step_2_no_load	5	6	0.384736699284	0.718213323791	6	575	0	
72	0	115	step_1_no_load	1	2	2	552	
72	0	115	step_2_no_load	5	6	0.357661171116	0.739704344621	6	528	1	
72	0	116	step_1_no_load	1	2	2	288	
72	0	116	step_2_no_load	5	6	0.369438791876	0.706736514943	6	426	0	
72	0	117	step_1_no_load	1	2	1	626	
72	0	117	step_2_no_load	3	4	0.671842537277	0.374621793791	3	726	1	
72	0	118	step_1_no_load	1	2	1	424	
72	0	118	step_2_no_load	3	4	0.690484235012	0.357645851833	3	745	1	
72	0	119	step_1_no_load	1	2	1	370	
72	0	119	step_2_no_load	3	4	0.661177321751	0.357515098446	3	718	1	
72	0	120	step_1_no_load	1	2	1	561	
72	0	120	step_2_no_load	3	4	0.666433355915	0.370150243662	3	572	0	
72	0	121	step_1_no_load	1	2	2	305	
72	0	121	step_2_no_load	5	6	0.310775244958	0.658856304095	6	851	0	
72	0	122	step_1_no_load	1	2	2	524	
72	0	122	step_2_no_load	5	6	0.266650857402	0.6136886145	6	801	1	
72	0	123	step_1_no_load	1	2	1	511	
72	0	123	step_2_no_load	3	4	0.664849878232	0.337526896345	3	446	1	
72	0	124	step_1_no_load	1	2	2	450	
72	0	124	step_2_no_load	5	6	0.26095206597	0.603013298253	6	840	1	
72	0	125	step_1_no_load	1	2	1	527	
72	0	125	step_2_no_load	3	4	0.633566302563	0.303110862715	3	864	0	
72	0	126	step_1_no_load	1	2	2	528	
72	0	126	step_2_no_load	5	6	0.267206368684	0.537863824328	6	538	0	
72	0	127	step_1_no_load	1	2	1	470	
72	0	127	step_2_no_load	5	6	0.273483952592	0.560824094575	6	958	0	
72	0	128	step_1_no_load	1	2	1	423	
72	0	128	step_2_no_load	5	6	0.260252451606	0.636905534066	6	1150	0	
72	0	129	step_1_no_load	1	2	2	284	
72	0	129	step_2_no_load	5	6	0.268213321963	0.685297910719	6	957	1	
72	0	130	step_1_no_load	1	2	1	504	
72	0	130	step_2_no_load	3	4	0.630285316669	0.274560758494	3	530	1	
72	0	131	step_1_no_load	1	2	1	417	
72	0	131	step_2_no_load	3	4	0.638450601212	0.311475039155	3	753	1	
72	0	132	step_1_no_load	1	2	1	385	
72	0	132	step_2_no_load	3	4	0.660013924697	0.315328810424	3	689	0	
72	0	133	step_1_no_load	1	2	1	508	
72	0	133	step_2_no_load	3	4	0.691649444281	0.312642735495	3	640	1	
72	0	134	step_1_no_load	1	2	1	966	
72	0	134	step_2_no_load	3	4	0.685529359147	0.302839427162	3	761	0	
72	0	135	step_1_no_load	1	2	1	477	
72	0	135	step_2_no_load	3	4	0.700779221781	0.287118934166	3	547	1	
72	0	136	step_1_no_load	1	2	2	534	
72	0	136	step_2_no_load	5	6	0.307766925452	0.597814413435	6	775	0	
72	0	137	step_1_no_load	1	2	1	629	
72	0	137	step_2_no_load	3	4	0.668540846495	0.325016613024	3	631	1	
72	0	138	step_1_no_load	1	2	2	467	
72	0	138	step_2_no_load	5	6	0.366701525561	0.63240964674	6	846	1	
72	0	139	step_1_no_load	1	2	1	830	
72	0	139	step_2_no_load	5	6	0.325611400511	0.636630981281	5	608	0	
72	0	140	step_1_no_load	1	2	1	803	
72	0	140	step_2_no_load	3	4	0.637682840728	0.328174526491	3	691	1	
72	0	141	step_1_no_load	1	2	1	676	
72	0	141	step_2_no_load	3	4	0.616803346728	0.311809871418	3	717	0	
72	0	142	step_1_no_load	1	2	1	505	
72	0	142	step_2_no_load	3	4	0.627356259123	0.304203281606	3	514	0	
72	0	143	step_1_no_load	1	2	1	461	
72	0	143	step_2_no_load	3	4	0.610219102298	0.313516825296	3	741	1	
72	0	144	step_1_no_load	1	2	1	554	
72	0	144	step_2_no_load	5	6	0.389234194056	0.626443722248	6	1308	1	
72	0	145	step_1_no_load	1	2	1	369	
72	0	145	step_2_no_load	3	4	0.606515632748	0.266265924094	3	669	1	
72	0	146	step_1_no_load	1	2	2	684	
72	0	146	step_2_no_load	5	6	0.320877500969	0.681611991725	6	434	0	
72	0	147	step_1_no_load	1	2	1	737	
72	0	147	step_2_no_load	3	4	0.594861186319	0.265578160642	3	637	1	
72	0	148	step_1_no_load	1	2	2	271	
72	0	148	step_2_no_load	5	6	0.311162711725	0.619272702026	6	459	1	
72	0	149	step_1_no_load	1	2	2	379	
72	0	149	step_2_no_load	3	4	0.623203869836	0.269951834184	3	844	0	
72	0	150	step_1_no_load	1	2	2	346	
72	0	150	step_2_no_load	5	6	0.306860041627	0.575985663078	6	658	1	
72	0	151	step_1_no_load	1	2	2	511	
72	0	151	step_2_no_load	5	6	0.310557101463	0.59154759351	6	519	0	
72	0	152	step_1_no_load	1	2	2	339	
72	0	152	step_2_no_load	3	4	0.644204174791	0.307702500543	3	1378	1	
72	0	153	step_1_no_load	1	2	2	630	
72	0	153	step_2_no_load	5	6	0.343622632154	0.613336203392	6	974	1	
72	0	154	step_1_no_load	1	2	1	580	
72	0	154	step_2_no_load	5	6	0.348349389262	0.638934099562	5	419	0	
72	0	155	step_1_no_load	1	2	1	515	
72	0	155	step_2_no_load	3	4	0.716100930629	0.296093457977	3	749	0	
72	0	156	step_1_no_load	1	2	1	490	
72	0	156	step_2_no_load	3	4	0.734436160799	0.32564867104	3	682	0	
72	0	157	step_1_no_load	1	2	1	505	
72	0	157	step_2_no_load	3	4	0.720725456325	0.350909357271	4	528	0	
72	0	158	step_1_no_load	1	2	1	508	
72	0	158	step_2_no_load	5	6	0.334595868098	0.532722108502	6	691	1	
72	0	159	step_1_no_load	1	2	1	412	
72	0	159	step_2_no_load	5	6	0.321150411254	0.541222065796	6	767	0	
72	0	160	step_1_no_load	1	2	1	395	
72	0	160	step_2_no_load	3	4	0.710728171711	0.415052912783	3	676	1	
72	0	161	step_1_no_load	1	2	2	741	
72	0	161	step_2_no_load	5	6	0.438878285506	0.516036498158	6	432	0	
72	0	162	step_1_no_load	1	2	2	238	
72	0	162	step_2_no_load	3	4	0.695144769903	0.3926701003	4	319	0	
72	0	163	step_1_no_load	1	2	2	276	
72	0	163	step_2_no_load	5	6	0.430920885959	0.5863391277	6	831	0	
72	0	164	step_1_no_load	1	2	1	1128	
72	0	164	step_2_no_load	3	4	0.692137394606	0.432761720497	3	816	0	
72	0	165	step_1_no_load	1	2	1	728	
72	0	165	step_2_no_load	3	4	0.717506143195	0.463777557969	3	620	1	
72	0	166	step_1_no_load	1	2	2	389	
72	0	166	step_2_no_load	3	4	0.686594248975	0.422282731054	3	1018	0	
72	0	167	step_1_no_load	1	2	2	931	
72	0	167	step_2_no_load	5	6	0.331115714939	0.585131062446	6	1163	1	
72	0	168	step_1_no_load	1	2	2	674	
72	0	168	step_2_no_load	3	4	0.67192508984	0.400817642375	3	1046	0	
72	0	169	step_1_no_load	1	2	2	763	
72	0	169	step_2_no_load	5	6	0.365156560071	0.586049140041	6	817	0	
72	0	170	step_1_no_load	1	2	1	569	
72	0	170	step_2_no_load	3	4	0.67334314737	0.411067820436	3	676	1	
72	0	171	step_1_no_load	1	2	2	760	
72	0	171	step_2_no_load	3	4	0.727248140829	0.386979310814	3	881	1	
72	0	172	step_1_no_load	1	2	2	1134	
72	0	172	step_2_no_load	5	6	0.490120307546	0.519090471457	5	917	0	
72	0	173	step_1_no_load	1	2	2	275	
72	0	173	step_2_no_load	5	6	0.462866379815	0.484428109849	6	496	1	
72	0	174	step_1_no_load	1	2	1	324	
72	0	174	step_2_no_load	3	4	0.729877433725	0.387867297446	3	446	1	
72	0	175	step_1_no_load	1	2	2	417	
72	0	175	step_2_no_load	3	4	0.693968268443	0.426185553904	3	636	1	
72	0	176	step_1_no_load	1	2	1	391	
72	0	176	step_2_no_load	5	6	0.500856457218	0.474046874473	6	609	0	
72	0	177	step_1_no_load	1	2	1	322	
72	0	177	step_2_no_load	3	4	0.714070205704	0.357425668099	3	450	1	
72	0	178	step_1_no_load	1	2	2	234	
72	0	178	step_2_no_load	5	6	0.49020858644	0.493712351915	6	715	0	
72	0	179	step_1_no_load	1	2	1	611	
72	0	179	step_2_no_load	3	4	0.709345707515	0.324685418097	3	1250	1	
72	0	180	step_1_no_load	1	2	2	492	
72	0	180	step_2_no_load	5	6	0.489345734128	0.482853857291	6	484	1	
72	0	181	step_1_no_load	1	2	1	384	
72	0	181	step_2_no_load	5	6	0.480141179559	0.508735114046	6	933	1	
72	0	182	step_1_no_load	1	2	2	434	
72	0	182	step_2_no_load	3	4	0.72717560423	0.340533666308	3	640	1	
72	0	183	step_1_no_load	1	2	2	437	
72	0	183	step_2_no_load	3	4	0.720388040749	0.350175837802	3	595	0	
72	0	184	step_1_no_load	1	2	2	382	
72	0	184	step_2_no_load	5	6	0.480863422096	0.460890977786	6	683	0	
72	0	185	step_1_no_load	1	2	2	321	
72	0	185	step_2_no_load	3	4	0.665622647081	0.362611152222	4	972	0	
72	0	186	step_1_no_load	1	2	2	702	
72	0	186	step_2_no_load	5	6	0.484672582719	0.46870859828	6	779	1	
72	0	187	step_1_no_load	1	2	2	871	
72	0	187	step_2_no_load	3	4	0.678211978625	0.328890769988	3	654	1	
72	0	188	step_1_no_load	1	2	2	274	
72	0	188	step_2_no_load	3	4	0.696362660087	0.291508050861	3	515	1	
72	0	189	step_1_no_load	1	2	2	674	
72	0	189	step_2_no_load	5	6	0.534753756004	0.448897869069	6	677	1	
72	0	190	step_1_no_load	1	2	2	586	
72	0	190	step_2_no_load	5	6	0.505820429042	0.433568856946	6	716	0	
72	0	191	step_1_no_load	1	2	2	328	
72	0	191	step_2_no_load	5	6	0.512103523931	0.435748387321	6	655	0	
72	0	192	step_1_no_load	1	2	2	442	
72	0	192	step_2_no_load	5	6	0.493851022417	0.450791310283	6	468	1	
72	0	193	step_1_no_load	1	2	1	335	
72	0	193	step_2_no_load	3	4	0.679792491164	0.321008037746	3	826	1	
72	0	194	step_1_no_load	1	2	1	374	
72	0	194	step_2_no_load	3	4	0.655261361454	0.342437174514	3	999	1	
72	0	195	step_1_no_load	1	2	1	509	
72	0	195	step_2_no_load	3	4	0.646280688878	0.348571348505	3	835	1	
72	0	196	step_1_no_load	1	2	1	494	
72	0	196	step_2_no_load	3	4	0.695101215304	0.365373286058	3	535	1	
72	0	197	step_1_no_load	1	2	1	474	
72	0	197	step_2_no_load	5	6	0.47786945426	0.422511153127	6	707	0	
72	0	198	step_1_no_load	1	2	2	316	
72	0	198	step_2_no_load	5	6	0.485065498391	0.397292432346	6	411	1	
72	0	199	step_1_no_load	1	2	2	373	
72	0	199	step_2_no_load	3	4	0.73697129762	0.292861528884	3	833	1	
72	0	200	step_1_no_load	1	2	2	313	
72	0	200	step_2_no_load	3	4	0.728996708473	0.299128796668	3	512	1	

Mon Feb 20 19:22:05 2017
