Tue Feb 21 16:14:49 2017	
73	0	1	step_1_no_load	1	2	1	808	
73	0	1	step_2_no_load	3	4	0.511789129507	0.598297890399	4	656	1	
73	0	2	step_1_no_load	1	2	1	461	
73	0	2	step_2_no_load	5	6	0.474613197709	0.610961032466	6	297	1	
73	0	3	step_1_no_load	1	2	2	288	
73	0	3	step_2_no_load	5	6	0.476767372206	0.589215227351	5	345	1	
73	0	4	step_1_no_load	1	2	2	273	
73	0	4	step_2_no_load	5	6	0.478607661228	0.564086293706	5	655	1	
73	0	5	step_1_no_load	1	2	2	344	
73	0	5	step_2_no_load	5	6	0.495568760483	0.576104915614	5	676	1	
73	0	6	step_1_no_load	1	2	1	892	
73	0	6	step_2_no_load	3	4	0.490454120702	0.585722686883	3	1258	1	
73	0	7	step_1_no_load	1	2	1	355	
73	0	7	step_2_no_load	3	4	0.506408070053	0.568656746487	3	456	1	
73	0	8	step_1_no_load	1	2	1	294	
73	0	8	step_2_no_load	3	4	0.499203529332	0.59128639594	4	894	1	
73	0	9	step_1_no_load	1	2	2	65	
73	0	9	step_2_no_load	3	4	0.54429228266	0.598049061473	4	475	0	
73	0	10	step_1_no_load	1	2	1	292	
73	0	10	step_2_no_load	3	4	0.576063520885	0.652626043146	4	542	1	
73	0	11	step_1_no_load	1	2	1	297	
73	0	11	step_2_no_load	3	4	0.59022801242	0.69163818036	4	746	1	
73	0	12	step_1_no_load	1	2	1	258	
73	0	12	step_2_no_load	5	6	0.48457206759	0.552770607849	6	752	1	
73	0	13	step_1_no_load	1	2	2	843	
73	0	13	step_2_no_load	5	6	0.52012981853	0.558313135925	6	446	0	
73	0	14	step_1_no_load	1	2	1	271	
73	0	14	step_2_no_load	3	4	0.611256675753	0.629137942344	4	429	1	
73	0	15	step_1_no_load	1	2	1	227	
73	0	15	step_2_no_load	3	4	0.633564630036	0.612260006668	4	628	1	
73	0	16	step_1_no_load	1	2	1	415	
73	0	16	step_2_no_load	3	4	0.626326396372	0.628091198119	4	593	1	
73	0	17	step_1_no_load	1	2	1	24	
73	0	17	step_2_no_load	3	4	0.643116883134	0.633350170016	4	817	0	
73	0	18	step_1_no_load	1	2	1	803	
73	0	18	step_2_no_load	3	4	0.626895526976	0.626834332012	3	1211	1	
73	0	19	step_1_no_load	1	2	1	430	
73	0	19	step_2_no_load	5	6	0.498240186199	0.536502319591	5	1056	0	
73	0	20	step_1_no_load	1	2	2	289	
73	0	20	step_2_no_load	5	6	0.478025448397	0.491720931314	6	393	1	
73	0	21	step_1_no_load	1	2	2	209	
73	0	21	step_2_no_load	5	6	0.49769376036	0.470207377245	6	466	0	
73	0	22	step_1_no_load	1	2	1	329	
73	0	22	step_2_no_load	3	4	0.618527126547	0.621949894727	4	529	0	
73	0	23	step_1_no_load	1	2	2	530	
73	0	23	step_2_no_load	3	4	0.604065470975	0.640163623731	4	860	0	
73	0	24	step_1_no_load	1	2	1	934	
73	0	24	step_2_no_load	3	4	0.5800912085	0.582115115688	4	846	0	
73	0	25	step_1_no_load	1	2	2	427	
73	0	25	step_2_no_load	5	6	0.503316372362	0.503605105412	5	863	0	
73	0	26	step_1_no_load	1	2	2	526	
73	0	26	step_2_no_load	5	6	0.511744353778	0.532884212818	6	860	1	
73	0	27	step_1_no_load	1	2	2	407	
73	0	27	step_2_no_load	5	6	0.507272671939	0.54756089792	6	602	0	
73	0	28	step_1_no_load	1	2	1	651	
73	0	28	step_2_no_load	3	4	0.647441527317	0.588356036098	3	924	0	
73	0	29	step_1_no_load	1	2	1	354	
73	0	29	step_2_no_load	3	4	0.618626354124	0.606613029227	4	528	0	
73	0	30	step_1_no_load	1	2	2	487	
73	0	30	step_2_no_load	5	6	0.4919199548	0.574272497114	6	663	1	
73	0	31	step_1_no_load	1	2	2	233	
73	0	31	step_2_no_load	5	6	0.483156722265	0.541819886458	6	484	1	
73	0	32	step_1_no_load	1	2	2	233	
73	0	32	step_2_no_load	5	6	0.520318771114	0.522993086096	6	581	1	
73	0	33	step_1_no_load	1	2	2	264	
73	0	33	step_2_no_load	5	6	0.487664344039	0.542309898544	6	392	1	
73	0	34	step_1_no_load	1	2	2	560	
73	0	34	step_2_no_load	5	6	0.454565258478	0.538523758058	6	684	0	
73	0	35	step_1_no_load	1	2	1	1319	
73	0	35	step_2_no_load	3	4	0.649776015006	0.566827313385	4	982	0	
73	0	36	step_1_no_load	1	2	2	846	
73	0	36	step_2_no_load	5	6	0.513210053121	0.611274573488	6	1148	1	
73	0	37	step_1_no_load	1	2	2	494	
73	0	37	step_2_no_load	5	6	0.543074626387	0.598446394142	6	580	1	
73	0	38	step_1_no_load	1	2	2	250	
73	0	38	step_2_no_load	3	4	0.651263699161	0.539078491643	4	436	0	
73	0	39	step_1_no_load	1	2	1	248	
73	0	39	step_2_no_load	3	4	0.634483337633	0.557005857101	4	392	1	
73	0	40	step_1_no_load	1	2	1	258	
73	0	40	step_2_no_load	3	4	0.636994900683	0.580760785074	4	488	1	
73	0	41	step_1_no_load	1	2	1	340	
73	0	41	step_2_no_load	3	4	0.633285941184	0.524862294848	4	489	1	
73	0	42	step_1_no_load	1	2	1	234	
73	0	42	step_2_no_load	3	4	0.606696263624	0.533857158543	4	434	0	
73	0	43	step_1_no_load	1	2	1	536	
73	0	43	step_2_no_load	5	6	0.548128010644	0.612705031264	5	1351	1	
73	0	44	step_1_no_load	1	2	2	297	
73	0	44	step_2_no_load	3	4	0.589653131867	0.541854396676	3	471	0	
73	0	45	step_1_no_load	1	2	1	861	
73	0	45	step_2_no_load	5	6	0.5288039409	0.632991467829	5	1313	1	
73	0	46	step_1_no_load	1	2	1	802	
73	0	46	step_2_no_load	3	4	0.654261318712	0.55511883717	3	960	0	
73	0	47	step_1_no_load	1	2	2	1010	
73	0	47	step_2_no_load	5	6	0.493112702321	0.598724660986	5	853	1	
73	0	48	step_1_no_load	1	2	2	438	
73	0	48	step_2_no_load	5	6	0.488280685105	0.615767119776	5	776	0	
73	0	49	step_1_no_load	1	2	-1	-1	
73	0	50	step_1_no_load	1	2	2	296	
73	0	50	step_2_no_load	3	4	0.593458480934	0.481616544184	4	486	0	
73	0	51	step_1_no_load	1	2	1	490	
73	0	51	step_2_no_load	3	4	0.613357430892	0.508197321577	3	599	1	
73	0	52	step_1_no_load	1	2	1	385	
73	0	52	step_2_no_load	3	4	0.613408921915	0.513589895419	3	493	0	
73	0	53	step_1_no_load	1	2	1	350	
73	0	53	step_2_no_load	3	4	0.630956764252	0.475342927439	4	726	0	
73	0	54	step_1_no_load	1	2	2	673	
73	0	54	step_2_no_load	5	6	0.491512498697	0.570223904064	6	868	0	
73	0	55	step_1_no_load	1	2	1	408	
73	0	55	step_2_no_load	3	4	0.639840796975	0.526704292526	3	640	0	
73	0	56	step_1_no_load	1	2	1	250	
73	0	56	step_2_no_load	5	6	0.459773408493	0.601856598146	6	675	0	
73	0	57	step_1_no_load	1	2	2	237	
73	0	57	step_2_no_load	5	6	0.466449077359	0.641849303307	5	423	0	
73	0	58	step_1_no_load	1	2	1	472	
73	0	58	step_2_no_load	5	6	0.478335218822	0.664682809182	6	782	0	
73	0	59	step_1_no_load	1	2	2	391	
73	0	59	step_2_no_load	3	4	0.608951267756	0.537400760025	3	1463	0	
73	0	60	step_1_no_load	1	2	1	702	
73	0	60	step_2_no_load	3	4	0.599559577859	0.479287247283	3	985	1	
73	0	61	step_1_no_load	1	2	1	239	
73	0	61	step_2_no_load	3	4	0.602879526975	0.527144452559	3	486	0	
73	0	62	step_1_no_load	1	2	1	253	
73	0	62	step_2_no_load	5	6	0.50724109756	0.691137204746	6	767	1	
73	0	63	step_1_no_load	1	2	2	225	
73	0	63	step_2_no_load	3	4	0.642623127313	0.519445130796	4	1497	1	
73	0	64	step_1_no_load	1	2	1	433	
73	0	64	step_2_no_load	3	4	0.626149195169	0.533849886794	4	579	0	
73	0	65	step_1_no_load	1	2	2	254	
73	0	65	step_2_no_load	3	4	0.619953360065	0.517687993213	3	419	1	
73	0	66	step_1_no_load	1	2	2	420	
73	0	66	step_2_no_load	3	4	0.630357351236	0.555324764318	3	559	1	
73	0	67	step_1_no_load	1	2	2	288	
73	0	67	step_2_no_load	3	4	0.674463681351	0.538279387614	3	517	1	
73	0	68	step_1_no_load	1	2	1	545	
73	0	68	step_2_no_load	3	4	0.719455209845	0.523301545299	3	656	1	
73	0	69	step_1_no_load	1	2	1	276	
73	0	69	step_2_no_load	3	4	0.718756538957	0.560462111264	3	535	1	
73	0	70	step_1_no_load	1	2	1	339	
73	0	70	step_2_no_load	5	6	0.498834901463	0.637556284465	6	962	0	
73	0	71	step_1_no_load	1	2	2	304	
73	0	71	step_2_no_load	5	6	0.482863323776	0.639174917797	5	527	0	
73	0	72	step_1_no_load	1	2	1	548	
73	0	72	step_2_no_load	3	4	0.705884789502	0.556486305476	4	620	1	
73	0	73	step_1_no_load	1	2	1	325	
73	0	73	step_2_no_load	5	6	0.435957313805	0.657126403029	6	828	1	
73	0	74	step_1_no_load	1	2	1	637	
73	0	74	step_2_no_load	3	4	0.693624670847	0.491044983779	4	815	1	
73	0	75	step_1_no_load	1	2	1	524	
73	0	75	step_2_no_load	5	6	0.44832280175	0.615552849174	6	1038	1	
73	0	76	step_1_no_load	1	2	1	309	
73	0	76	step_2_no_load	3	4	0.690117652944	0.518881389358	4	792	0	
73	0	77	step_1_no_load	1	2	2	449	
73	0	77	step_2_no_load	3	4	0.679737625371	0.538119616568	3	794	1	
73	0	78	step_1_no_load	1	2	2	520	
73	0	78	step_2_no_load	5	6	0.435911167612	0.536711448352	5	1101	0	
73	0	79	step_1_no_load	1	2	2	647	
73	0	79	step_2_no_load	3	4	0.647841624544	0.540085062695	3	1297	1	
73	0	80	step_1_no_load	1	2	2	386	
73	0	80	step_2_no_load	3	4	0.703969305517	0.49921021142	3	1055	1	
73	0	81	step_1_no_load	1	2	2	286	
73	0	81	step_2_no_load	5	6	0.419265522488	0.529745690463	6	914	0	
73	0	82	step_1_no_load	1	2	2	805	
73	0	82	step_2_no_load	5	6	0.395813831323	0.564729328387	5	874	0	
73	0	83	step_1_no_load	1	2	1	583	
73	0	83	step_2_no_load	5	6	0.382772464038	0.607907985871	6	1063	1	
73	0	84	step_1_no_load	1	2	1	512	
73	0	84	step_2_no_load	3	4	0.731466635793	0.505586222209	4	1047	1	
73	0	85	step_1_no_load	1	2	1	574	
73	0	85	step_2_no_load	3	4	0.712989604416	0.485785534744	4	825	0	
73	0	86	step_1_no_load	1	2	2	451	
73	0	86	step_2_no_load	3	4	0.721207648497	0.486462788728	3	605	1	
73	0	87	step_1_no_load	1	2	2	646	
73	0	87	step_2_no_load	5	6	0.40000499778	0.719375344246	5	1059	0	
73	0	88	step_1_no_load	1	2	2	393	
73	0	88	step_2_no_load	5	6	0.377947492322	0.717410082358	6	1122	1	
73	0	89	step_1_no_load	1	2	2	607	
73	0	89	step_2_no_load	3	4	0.660112261017	0.490019385174	4	1134	1	
73	0	90	step_1_no_load	1	2	2	1031	
73	0	90	step_2_no_load	3	4	0.688736868033	0.530126112124	4	872	0	
73	0	91	step_1_no_load	1	2	1	647	
73	0	91	step_2_no_load	3	4	0.657820521772	0.479087223222	3	1169	1	
73	0	92	step_1_no_load	1	2	1	492	
73	0	92	step_2_no_load	3	4	0.679381608313	0.484260039873	3	884	1	
73	0	93	step_1_no_load	1	2	1	600	
73	0	93	step_2_no_load	3	4	0.662863370634	0.473273727684	3	871	1	
73	0	94	step_1_no_load	1	2	1	507	
73	0	94	step_2_no_load	3	4	0.668295023896	0.468637558205	3	879	1	
73	0	95	step_1_no_load	1	2	1	479	
73	0	95	step_2_no_load	3	4	0.640209855442	0.42505578884	3	1119	1	
73	0	96	step_1_no_load	1	2	1	572	
73	0	96	step_2_no_load	3	4	0.663095813561	0.437558890646	3	1041	1	
73	0	97	step_1_no_load	1	2	1	449	
73	0	97	step_2_no_load	3	4	0.651202057411	0.455601814112	3	785	0	
73	0	98	step_1_no_load	1	2	2	652	
73	0	98	step_2_no_load	3	4	0.646040060297	0.431479829356	4	1013	0	
73	0	99	step_1_no_load	1	2	2	341	
73	0	99	step_2_no_load	5	6	0.397561363605	0.673709850038	6	1096	1	
73	0	100	step_1_no_load	1	2	2	510	
73	0	100	step_2_no_load	5	6	0.4333505304	0.666227451505	6	735	0	
73	0	101	step_1_no_load	1	2	2	888	
73	0	101	step_2_no_load	3	4	0.655903528958	0.366879421891	-1	-1	-1	
73	0	102	step_1_no_load	1	2	2	321	
73	0	102	step_2_no_load	3	4	0.663124617603	0.326080462175	3	414	1	
73	0	103	step_1_no_load	1	2	1	688	
73	0	103	step_2_no_load	5	6	0.481975449893	0.663997796029	5	765	0	
73	0	104	step_1_no_load	1	2	2	440	
73	0	104	step_2_no_load	5	6	0.521047445908	0.703870701136	6	1026	1	
73	0	105	step_1_no_load	1	2	2	330	
73	0	105	step_2_no_load	5	6	0.514318365187	0.689135357059	6	565	1	
73	0	106	step_1_no_load	1	2	2	342	
73	0	106	step_2_no_load	3	4	0.699623252899	0.374131494222	4	1176	0	
73	0	107	step_1_no_load	1	2	1	723	
73	0	107	step_2_no_load	5	6	0.565220528809	0.692607431435	6	854	1	
73	0	108	step_1_no_load	1	2	1	420	
73	0	108	step_2_no_load	3	4	0.681491063126	0.388185708856	3	699	0	
73	0	109	step_1_no_load	1	2	1	351	
73	0	109	step_2_no_load	3	4	0.68658494263	0.372328831887	4	814	0	
73	0	110	step_1_no_load	1	2	1	498	
73	0	110	step_2_no_load	3	4	0.65455226558	0.395544455384	3	874	1	
73	0	111	step_1_no_load	1	2	1	655	
73	0	111	step_2_no_load	3	4	0.634599547742	0.407158158569	3	721	1	
73	0	112	step_1_no_load	1	2	1	278	
73	0	112	step_2_no_load	3	4	0.635252945963	0.413393106784	3	539	0	
73	0	113	step_1_no_load	1	2	2	288	
73	0	113	step_2_no_load	3	4	0.634627459817	0.387112818105	4	1038	1	
73	0	114	step_1_no_load	1	2	2	637	
73	0	114	step_2_no_load	5	6	0.380324086676	0.718213323791	6	904	1	
73	0	115	step_1_no_load	1	2	2	737	
73	0	115	step_2_no_load	5	6	0.390027643099	0.739704344621	6	889	1	
73	0	116	step_1_no_load	1	2	2	576	
73	0	116	step_2_no_load	5	6	0.378149844807	0.706736514943	6	869	1	
73	0	117	step_1_no_load	1	2	1	851	
73	0	117	step_2_no_load	3	4	0.671842537277	0.363056877927	4	1143	0	
73	0	118	step_1_no_load	1	2	1	803	
73	0	118	step_2_no_load	3	4	0.690484235012	0.362977115924	3	873	1	
73	0	119	step_1_no_load	1	2	1	404	
73	0	119	step_2_no_load	3	4	0.661177321751	0.358243439099	3	536	0	
73	0	120	step_1_no_load	1	2	2	144	
73	0	120	step_2_no_load	5	6	0.370150243662	0.70587238626	5	532	0	
73	0	121	step_1_no_load	1	2	2	1039	
73	0	121	step_2_no_load	3	4	0.671052306195	0.310775244958	4	1172	1	
73	0	122	step_1_no_load	1	2	2	427	
73	0	122	step_2_no_load	5	6	0.329624572119	0.6136886145	6	1257	1	
73	0	123	step_1_no_load	1	2	2	831	
73	0	123	step_2_no_load	5	6	0.337526896345	0.583607229978	6	889	0	
73	0	124	step_1_no_load	1	2	1	992	
73	0	124	step_2_no_load	3	4	0.624161788269	0.26095206597	4	971	0	
73	0	125	step_1_no_load	1	2	1	895	
73	0	125	step_2_no_load	3	4	0.633566302563	0.290374841566	3	1160	1	
73	0	126	step_1_no_load	1	2	1	757	
73	0	126	step_2_no_load	3	4	0.600985760967	0.267206368684	3	909	1	
73	0	127	step_1_no_load	1	2	1	580	
73	0	127	step_2_no_load	3	4	0.646945556251	0.273483952592	3	745	1	
73	0	128	step_1_no_load	1	2	1	638	
73	0	128	step_2_no_load	3	4	0.620672334996	0.260252451606	3	727	1	
73	0	129	step_1_no_load	1	2	1	522	
73	0	129	step_2_no_load	3	4	0.632682846317	0.268213321963	4	512	0	
73	0	130	step_1_no_load	1	2	1	574	
73	0	130	step_2_no_load	3	4	0.630285316669	0.267460866951	3	986	1	
73	0	131	step_1_no_load	1	2	1	552	
73	0	131	step_2_no_load	3	4	0.638450601212	0.281500842289	3	768	1	
73	0	132	step_1_no_load	1	2	1	452	
73	0	132	step_2_no_load	3	4	0.660013924697	0.27986961048	3	776	1	
73	0	133	step_1_no_load	1	2	1	461	
73	0	133	step_2_no_load	3	4	0.691649444281	0.315608831386	3	819	1	
73	0	134	step_1_no_load	1	2	1	635	
73	0	134	step_2_no_load	3	4	0.685529359147	0.287393715313	3	797	1	
73	0	135	step_1_no_load	1	2	2	530	
73	0	135	step_2_no_load	3	4	0.700779221781	0.300079459047	3	684	1	
73	0	136	step_1_no_load	1	2	1	349	
73	0	136	step_2_no_load	3	4	0.674914008636	0.307766925452	3	446	1	
73	0	137	step_1_no_load	1	2	1	327	
73	0	137	step_2_no_load	5	6	0.325016613024	0.605896884497	6	850	1	
73	0	138	step_1_no_load	1	2	2	343	
73	0	138	step_2_no_load	5	6	0.307694123906	0.63240964674	6	507	1	
73	0	139	step_1_no_load	1	2	2	419	
73	0	139	step_2_no_load	5	6	0.323660750961	0.636630981281	6	508	1	
73	0	140	step_1_no_load	1	2	2	470	
73	0	140	step_2_no_load	5	6	0.328174526491	0.671213945178	6	679	1	
73	0	141	step_1_no_load	1	2	2	436	
73	0	141	step_2_no_load	3	4	0.616803346728	0.390227133375	4	1105	1	
73	0	142	step_1_no_load	1	2	1	302	
73	0	142	step_2_no_load	3	4	0.627356259123	0.397052682821	4	485	0	
73	0	143	step_1_no_load	1	2	2	1052	
73	0	143	step_2_no_load	5	6	0.313516825296	0.661365099615	5	633	0	
73	0	144	step_1_no_load	1	2	1	319	
73	0	144	step_2_no_load	3	4	0.639347300184	0.389234194056	4	517	1	
73	0	145	step_1_no_load	1	2	1	554	
73	0	145	step_2_no_load	3	4	0.606515632748	0.355256413269	4	487	0	
73	0	146	step_1_no_load	1	2	1	712	
73	0	146	step_2_no_load	3	4	0.593778463268	0.320877500969	3	986	0	
73	0	147	step_1_no_load	1	2	2	274	
73	0	147	step_2_no_load	3	4	0.594861186319	0.352879785946	3	783	0	
73	0	148	step_1_no_load	1	2	1	532	
73	0	148	step_2_no_load	3	4	0.648050021239	0.311162711725	4	440	1	
73	0	149	step_1_no_load	1	2	1	371	
73	0	149	step_2_no_load	5	6	0.269951834184	0.601870110183	5	949	1	
73	0	150	step_1_no_load	1	2	2	409	
73	0	150	step_2_no_load	5	6	0.305587692243	0.575985663078	5	460	0	
73	0	151	step_1_no_load	1	2	1	634	
73	0	151	step_2_no_load	3	4	0.614159737668	0.310557101463	4	759	0	
73	0	152	step_1_no_load	1	2	1	474	
73	0	152	step_2_no_load	3	4	0.644204174791	0.323194010514	3	795	1	
73	0	153	step_1_no_load	1	2	1	430	
73	0	153	step_2_no_load	3	4	0.681559292085	0.343622632154	3	497	0	
73	0	154	step_1_no_load	1	2	1	316	
73	0	154	step_2_no_load	5	6	0.316375537537	0.638934099562	6	793	0	
73	0	155	step_1_no_load	1	2	2	517	
73	0	155	step_2_no_load	3	4	0.716100930629	0.372188990474	4	922	1	
73	0	156	step_1_no_load	1	2	1	287	
73	0	156	step_2_no_load	3	4	0.734436160799	0.368378667812	4	496	1	
73	0	157	step_1_no_load	1	2	1	275	
73	0	157	step_2_no_load	3	4	0.720725456325	0.324728201487	4	571	0	
73	0	158	step_1_no_load	1	2	1	547	
73	0	158	step_2_no_load	5	6	0.408728803896	0.532722108502	5	942	0	
73	0	159	step_1_no_load	1	2	1	873	
73	0	159	step_2_no_load	3	4	0.697903160072	0.321150411254	4	1008	0	
73	0	160	step_1_no_load	1	2	2	693	
73	0	160	step_2_no_load	5	6	0.415052912783	0.521229931064	6	1027	0	
73	0	161	step_1_no_load	1	2	2	917	
73	0	161	step_2_no_load	3	4	0.719896286569	0.438878285506	3	889	1	
73	0	162	step_1_no_load	1	2	1	818	
73	0	162	step_2_no_load	5	6	0.3926701003	0.566496468084	6	1075	0	
73	0	163	step_1_no_load	1	2	1	244	
73	0	163	step_2_no_load	3	4	0.697095951435	0.430920885959	3	394	1	
73	0	164	step_1_no_load	1	2	1	483	
73	0	164	step_2_no_load	5	6	0.432761720497	0.585961845322	5	910	0	
73	0	165	step_1_no_load	1	2	1	346	
73	0	165	step_2_no_load	5	6	0.463777557969	0.538026607649	6	919	0	
73	0	166	step_1_no_load	1	2	2	539	
73	0	166	step_2_no_load	5	6	0.422282731054	0.549095060025	5	1281	1	
73	0	167	step_1_no_load	1	2	2	710	
73	0	167	step_2_no_load	5	6	0.38753671275	0.585131062446	5	819	0	
73	0	168	step_1_no_load	1	2	1	738	
73	0	168	step_2_no_load	3	4	0.67192508984	0.335777599654	3	849	1	
73	0	169	step_1_no_load	1	2	1	512	
73	0	169	step_2_no_load	5	6	0.42098542374	0.586049140041	6	745	0	
73	0	170	step_1_no_load	1	2	1	544	
73	0	170	step_2_no_load	5	6	0.411067820436	0.57151385403	6	1092	0	
73	0	171	step_1_no_load	1	2	1	1166	
73	0	171	step_2_no_load	5	6	0.386979310814	0.553314431843	5	634	0	
73	0	172	step_1_no_load	1	2	1	365	
73	0	172	step_2_no_load	3	4	0.668669556875	0.490120307546	3	929	1	
73	0	173	step_1_no_load	1	2	1	578	
73	0	173	step_2_no_load	3	4	0.667027212577	0.462866379815	3	626	0	
73	0	174	step_1_no_load	1	2	2	244	
73	0	174	step_2_no_load	5	6	0.387867297446	0.472729524832	5	520	0	
73	0	175	step_1_no_load	1	2	1	265	
73	0	175	step_2_no_load	3	4	0.693968268443	0.484825491933	4	530	0	
73	0	176	step_1_no_load	1	2	1	372	
73	0	176	step_2_no_load	3	4	0.679250000396	0.500856457218	3	598	1	
73	0	177	step_1_no_load	1	2	1	559	
73	0	177	step_2_no_load	5	6	0.357425668099	0.501268576771	6	890	0	
73	0	178	step_1_no_load	1	2	1	815	
73	0	178	step_2_no_load	3	4	0.705993797498	0.49020858644	3	684	1	
73	0	179	step_1_no_load	1	2	1	407	
73	0	179	step_2_no_load	5	6	0.324685418097	0.457298770028	5	893	0	
73	0	180	step_1_no_load	1	2	2	767	
73	0	180	step_2_no_load	3	4	0.719795072986	0.489345734128	3	1021	1	
73	0	181	step_1_no_load	1	2	1	914	
73	0	181	step_2_no_load	3	4	0.746910336326	0.480141179559	3	602	1	
73	0	182	step_1_no_load	1	2	1	311	
73	0	182	step_2_no_load	3	4	0.72717560423	0.49907747228	3	540	1	
73	0	183	step_1_no_load	1	2	1	471	
73	0	183	step_2_no_load	3	4	0.720388040749	0.492742497507	3	583	1	
73	0	184	step_1_no_load	1	2	1	532	
73	0	184	step_2_no_load	5	6	0.362743255194	0.460890977786	5	952	0	
73	0	185	step_1_no_load	1	2	2	556	
73	0	185	step_2_no_load	5	6	0.362611152222	0.479703516092	6	435	0	
73	0	186	step_1_no_load	1	2	1	372	
73	0	186	step_2_no_load	3	4	0.656308636836	0.484672582719	4	877	0	
73	0	187	step_1_no_load	1	2	1	279	
73	0	187	step_2_no_load	5	6	0.328890769988	0.443962917772	6	1127	0	
73	0	188	step_1_no_load	1	2	1	300	
73	0	188	step_2_no_load	5	6	0.291508050861	0.471319680586	6	1011	0	
73	0	189	step_1_no_load	1	2	1	304	
73	0	189	step_2_no_load	3	4	0.688353284054	0.534753756004	3	539	1	
73	0	190	step_1_no_load	1	2	1	306	
73	0	190	step_2_no_load	3	4	0.667655825994	0.505820429042	3	501	1	
73	0	191	step_1_no_load	1	2	1	285	
73	0	191	step_2_no_load	3	4	0.664271461991	0.512103523931	3	454	1	
73	0	192	step_1_no_load	1	2	1	251	
73	0	192	step_2_no_load	3	4	0.705517419189	0.493851022417	3	642	0	
73	0	193	step_1_no_load	1	2	1	313	
73	0	193	step_2_no_load	5	6	0.321008037746	0.440813209638	6	1068	0	
73	0	194	step_1_no_load	1	2	2	723	
73	0	194	step_2_no_load	3	4	0.655261361454	0.505359594715	3	535	0	
73	0	195	step_1_no_load	1	2	2	805	
73	0	195	step_2_no_load	5	6	0.348571348505	0.466795336969	5	846	0	
73	0	196	step_1_no_load	1	2	2	1083	
73	0	196	step_2_no_load	5	6	0.365373286058	0.421761207498	5	1022	0	
73	0	197	step_1_no_load	1	2	1	250	
73	0	197	step_2_no_load	3	4	0.686552522522	0.47786945426	3	494	1	
73	0	198	step_1_no_load	1	2	1	409	
73	0	198	step_2_no_load	5	6	0.303352625941	0.397292432346	5	470	0	
73	0	199	step_1_no_load	1	2	1	313	
73	0	199	step_2_no_load	3	4	0.73697129762	0.529438031858	3	762	1	
73	0	200	step_1_no_load	1	2	1	395	
73	0	200	step_2_no_load	3	4	0.728996708473	0.507902534353	3	569	0	

Tue Feb 21 16:34:17 2017
