Thu Feb 23 12:12:53 2017	
74	0	1	step_1_no_load	1	2	1	583	
74	0	1	step_2_no_load	5	6	0.598297890399	0.511789129507	6	646	1	
74	0	2	step_1_no_load	1	2	1	320	
74	0	2	step_2_no_load	3	4	0.610961032466	0.474613197709	4	744	1	
74	0	3	step_1_no_load	1	2	1	354	
74	0	3	step_2_no_load	3	4	0.589215227351	0.476767372206	4	793	0	
74	0	4	step_1_no_load	1	2	1	436	
74	0	4	step_2_no_load	5	6	0.597491569846	0.494597764192	6	522	1	
74	0	5	step_1_no_load	1	2	1	483	
74	0	5	step_2_no_load	5	6	0.623810210114	0.543908521457	6	1006	0	
74	0	6	step_1_no_load	1	2	1	303	
74	0	6	step_2_no_load	3	4	0.603642866427	0.506877622204	4	749	1	
74	0	7	step_1_no_load	1	2	1	314	
74	0	7	step_2_no_load	5	6	0.568656746487	0.506408070053	5	845	1	
74	0	8	step_1_no_load	1	2	1	448	
74	0	8	step_2_no_load	3	4	0.624210374623	0.489816616396	4	959	0	
74	0	9	step_1_no_load	1	2	1	441	
74	0	9	step_2_no_load	3	4	0.641106877158	0.496546708465	4	758	0	
74	0	10	step_1_no_load	1	2	1	312	
74	0	10	step_2_no_load	5	6	0.652626043146	0.576063520885	6	589	1	
74	0	11	step_1_no_load	1	2	1	499	
74	0	11	step_2_no_load	5	6	0.69163818036	0.59022801242	5	837	0	
74	0	12	step_1_no_load	1	2	1	436	
74	0	12	step_2_no_load	3	4	0.552770607849	0.48457206759	4	412	0	
74	0	13	step_1_no_load	1	2	1	269	
74	0	13	step_2_no_load	5	6	0.653587098421	0.595790490356	6	739	1	
74	0	14	step_1_no_load	1	2	1	348	
74	0	14	step_2_no_load	3	4	0.545555696267	0.491234392147	4	660	1	
74	0	15	step_1_no_load	1	2	1	367	
74	0	15	step_2_no_load	3	4	0.570419113221	0.505377237737	4	526	0	
74	0	16	step_1_no_load	1	2	2	269	
74	0	16	step_2_no_load	5	6	0.628091198119	0.626326396372	6	780	0	
74	0	17	step_1_no_load	1	2	1	256	
74	0	17	step_2_no_load	3	4	0.562895132605	0.535958400205	3	695	0	
74	0	18	step_1_no_load	1	2	1	250	
74	0	18	step_2_no_load	3	4	0.553554620302	0.517514133912	4	521	1	
74	0	19	step_1_no_load	1	2	1	310	
74	0	19	step_2_no_load	3	4	0.536502319591	0.498240186199	4	557	1	
74	0	20	step_1_no_load	1	2	1	320	
74	0	20	step_2_no_load	3	4	0.491720931314	0.478025448397	4	593	1	
74	0	21	step_1_no_load	1	2	1	416	
74	0	21	step_2_no_load	3	4	0.470207377245	0.49769376036	4	442	0	
74	0	22	step_1_no_load	1	2	1	317	
74	0	22	step_2_no_load	3	4	0.468700882609	0.506100011497	3	599	0	
74	0	23	step_1_no_load	1	2	1	223	
74	0	23	step_2_no_load	5	6	0.640163623731	0.604065470975	6	330	1	
74	0	24	step_1_no_load	1	2	1	496	
74	0	24	step_2_no_load	5	6	0.582115115688	0.5800912085	5	858	0	
74	0	25	step_1_no_load	1	2	1	511	
74	0	25	step_2_no_load	3	4	0.503605105412	0.503316372362	4	513	1	
74	0	26	step_1_no_load	1	2	1	378	
74	0	26	step_2_no_load	3	4	0.532884212818	0.511744353778	4	487	1	
74	0	27	step_1_no_load	1	2	1	326	
74	0	27	step_2_no_load	3	4	0.54756089792	0.507272671939	4	361	1	
74	0	28	step_1_no_load	1	2	1	301	
74	0	28	step_2_no_load	5	6	0.588356036098	0.647441527317	6	551	0	
74	0	29	step_1_no_load	1	2	1	1	
74	0	29	step_2_no_load	5	6	0.606613029227	0.618626354124	5	977	1	
74	0	30	step_1_no_load	1	2	1	282	
74	0	30	step_2_no_load	3	4	0.574272497114	0.4919199548	4	693	1	
74	0	31	step_1_no_load	1	2	1	317	
74	0	31	step_2_no_load	3	4	0.541819886458	0.483156722265	4	758	1	
74	0	32	step_1_no_load	1	2	1	256	
74	0	32	step_2_no_load	3	4	0.522993086096	0.520318771114	4	425	1	
74	0	33	step_1_no_load	1	2	1	250	
74	0	33	step_2_no_load	3	4	0.542309898544	0.487664344039	4	613	1	
74	0	34	step_1_no_load	1	2	1	578	
74	0	34	step_2_no_load	5	6	0.575802910074	0.670290552209	6	479	1	
74	0	35	step_1_no_load	1	2	1	233	
74	0	35	step_2_no_load	5	6	0.566827313385	0.649776015006	6	470	0	
74	0	36	step_1_no_load	1	2	1	221	
74	0	36	step_2_no_load	3	4	0.611274573488	0.513210053121	4	773	1	
74	0	37	step_1_no_load	1	2	1	447	
74	0	37	step_2_no_load	5	6	0.513822304161	0.660658056664	5	909	0	
74	0	38	step_1_no_load	1	2	1	266	
74	0	38	step_2_no_load	3	4	0.595113730206	0.553931241266	4	495	0	
74	0	39	step_1_no_load	1	2	1	228	
74	0	39	step_2_no_load	5	6	0.557005857101	0.634483337633	6	422	1	
74	0	40	step_1_no_load	1	2	1	328	
74	0	40	step_2_no_load	5	6	0.580760785074	0.636994900683	6	583	1	
74	0	41	step_1_no_load	1	2	1	363	
74	0	41	step_2_no_load	3	4	0.588857868869	0.583829055298	4	376	1	
74	0	42	step_1_no_load	1	2	1	308	
74	0	42	step_2_no_load	3	4	0.609164606591	0.553461946234	4	324	0	
74	0	43	step_1_no_load	1	2	1	334	
74	0	43	step_2_no_load	3	4	0.612705031264	0.548128010644	4	477	0	
74	0	44	step_1_no_load	1	2	1	299	
74	0	44	step_2_no_load	3	4	0.611481438855	0.537842745081	4	384	1	
74	0	45	step_1_no_load	1	2	1	345	
74	0	45	step_2_no_load	3	4	0.632991467829	0.5288039409	4	443	1	
74	0	46	step_1_no_load	1	2	1	369	
74	0	46	step_2_no_load	3	4	0.600964500555	0.532238720495	4	427	1	
74	0	47	step_1_no_load	1	2	1	328	
74	0	47	step_2_no_load	3	4	0.598724660986	0.493112702321	4	538	0	
74	0	48	step_1_no_load	1	2	1	242	
74	0	48	step_2_no_load	3	4	0.615767119776	0.488280685105	4	321	0	
74	0	49	step_1_no_load	1	2	1	258	
74	0	49	step_2_no_load	3	4	0.610193185592	0.489287375157	4	428	0	
74	0	50	step_1_no_load	1	2	1	461	
74	0	50	step_2_no_load	5	6	0.481616544184	0.593458480934	5	783	1	
74	0	51	step_1_no_load	1	2	1	383	
74	0	51	step_2_no_load	3	4	0.564866799699	0.469943944943	3	718	1	
74	0	52	step_1_no_load	1	2	1	328	
74	0	52	step_2_no_load	3	4	0.539065404057	0.429622901875	3	569	1	
74	0	53	step_1_no_load	1	2	1	302	
74	0	53	step_2_no_load	3	4	0.551457882502	0.451905460347	4	385	1	
74	0	54	step_1_no_load	1	2	1	468	
74	0	54	step_2_no_load	5	6	0.493362545513	0.652515308527	5	672	1	
74	0	55	step_1_no_load	1	2	1	435	
74	0	55	step_2_no_load	3	4	0.574045915747	0.487025527704	4	523	0	
74	0	56	step_1_no_load	1	2	1	307	
74	0	56	step_2_no_load	5	6	0.538512915562	0.60038825769	5	393	0	
74	0	57	step_1_no_load	1	2	1	364	
74	0	57	step_2_no_load	3	4	0.641849303307	0.466449077359	4	641	0	
74	0	58	step_1_no_load	1	2	1	272	
74	0	58	step_2_no_load	5	6	0.528376440027	0.610896130115	5	521	0	
74	0	59	step_1_no_load	1	2	1	409	
74	0	59	step_2_no_load	3	4	0.632500293208	0.480274332693	4	731	0	
74	0	60	step_1_no_load	1	2	2	392	
74	0	60	step_2_no_load	5	6	0.479287247283	0.599559577859	5	441	0	
74	0	61	step_1_no_load	1	2	1	299	
74	0	61	step_2_no_load	5	6	0.527144452559	0.602879526975	6	925	0	
74	0	62	step_1_no_load	1	2	1	401	
74	0	62	step_2_no_load	3	4	0.691137204746	0.50724109756	4	747	0	
74	0	63	step_1_no_load	1	2	1	273	
74	0	63	step_2_no_load	5	6	0.519445130796	0.642623127313	5	531	0	
74	0	64	step_1_no_load	1	2	1	262	
74	0	64	step_2_no_load	3	4	0.642369708469	0.555062911513	4	520	1	
74	0	65	step_1_no_load	1	2	1	268	
74	0	65	step_2_no_load	3	4	0.612660225018	0.569109504048	4	701	0	
74	0	66	step_1_no_load	1	2	1	276	
74	0	66	step_2_no_load	5	6	0.555324764318	0.630357351236	5	456	0	
74	0	67	step_1_no_load	1	2	1	269	
74	0	67	step_2_no_load	3	4	0.597650193897	0.542076810516	4	495	1	
74	0	68	step_1_no_load	1	2	1	358	
74	0	68	step_2_no_load	5	6	0.523301545299	0.719455209845	5	759	1	
74	0	69	step_1_no_load	1	2	1	398	
74	0	69	step_2_no_load	5	6	0.560462111264	0.718756538957	6	527	1	
74	0	70	step_1_no_load	1	2	1	373	
74	0	70	step_2_no_load	3	4	0.637556284465	0.498834901463	4	1010	0	
74	0	71	step_1_no_load	1	2	1	360	
74	0	71	step_2_no_load	3	4	0.639174917797	0.482863323776	4	604	1	
74	0	72	step_1_no_load	1	2	1	413	
74	0	72	step_2_no_load	3	4	0.626024641967	0.47409116389	4	360	0	
74	0	73	step_1_no_load	1	2	1	305	
74	0	73	step_2_no_load	3	4	0.657126403029	0.435957313805	4	546	0	
74	0	74	step_1_no_load	1	2	1	283	
74	0	74	step_2_no_load	3	4	0.614462146454	0.453420386428	3	370	1	
74	0	75	step_1_no_load	1	2	1	390	
74	0	75	step_2_no_load	5	6	0.483983914712	0.697629587097	5	366	1	
74	0	76	step_1_no_load	1	2	1	339	
74	0	76	step_2_no_load	3	4	0.62770291155	0.488583631821	3	348	1	
74	0	77	step_1_no_load	1	2	1	272	
74	0	77	step_2_no_load	5	6	0.538119616568	0.679737625371	5	521	0	
74	0	78	step_1_no_load	1	2	1	386	
74	0	78	step_2_no_load	3	4	0.536711448352	0.435911167612	3	830	0	
74	0	79	step_1_no_load	1	2	1	285	
74	0	79	step_2_no_load	3	4	0.513695512795	0.389124152368	4	319	1	
74	0	80	step_1_no_load	1	2	1	419	
74	0	80	step_2_no_load	3	4	0.518583383166	0.396016175285	4	944	1	
74	0	81	step_1_no_load	1	2	1	301	
74	0	81	step_2_no_load	3	4	0.529745690463	0.419265522488	4	461	0	
74	0	82	step_1_no_load	1	2	1	190	
74	0	82	step_2_no_load	3	4	0.564729328387	0.395813831323	3	315	1	
74	0	83	step_1_no_load	1	2	1	503	
74	0	83	step_2_no_load	3	4	0.607907985871	0.382772464038	4	476	1	
74	0	84	step_1_no_load	1	2	1	281	
74	0	84	step_2_no_load	5	6	0.505586222209	0.731466635793	5	595	1	
74	0	85	step_1_no_load	1	2	1	334	
74	0	85	step_2_no_load	3	4	0.692384972752	0.384458259121	4	698	0	
74	0	86	step_1_no_load	1	2	1	249	
74	0	86	step_2_no_load	5	6	0.486462788728	0.721207648497	5	524	0	
74	0	87	step_1_no_load	1	2	1	422	
74	0	87	step_2_no_load	3	4	0.719375344246	0.40000499778	4	811	0	
74	0	88	step_1_no_load	1	2	1	341	
74	0	88	step_2_no_load	3	4	0.717410082358	0.377947492322	3	482	0	
74	0	89	step_1_no_load	1	2	1	436	
74	0	89	step_2_no_load	3	4	0.690772436485	0.415882489686	4	466	1	
74	0	90	step_1_no_load	1	2	1	336	
74	0	90	step_2_no_load	3	4	0.712247848046	0.411459496853	3	622	1	
74	0	91	step_1_no_load	1	2	1	423	
74	0	91	step_2_no_load	5	6	0.479087223222	0.657820521772	6	566	1	
74	0	92	step_1_no_load	1	2	1	333	
74	0	92	step_2_no_load	3	4	0.692406274724	0.444368850664	4	492	0	
74	0	93	step_1_no_load	1	2	1	322	
74	0	93	step_2_no_load	5	6	0.473273727684	0.662863370634	5	745	0	
74	0	94	step_1_no_load	1	2	1	438	
74	0	94	step_2_no_load	3	4	0.719464414227	0.429211756872	3	629	0	
74	0	95	step_1_no_load	1	2	1	304	
74	0	95	step_2_no_load	3	4	0.715495469274	0.427150666411	4	395	0	
74	0	96	step_1_no_load	1	2	1	338	
74	0	96	step_2_no_load	3	4	0.693739812506	0.383038640121	3	607	1	
74	0	97	step_1_no_load	1	2	1	705	
74	0	97	step_2_no_load	5	6	0.455601814112	0.651202057411	5	870	1	
74	0	98	step_1_no_load	1	2	1	385	
74	0	98	step_2_no_load	3	4	0.70287861952	0.409778171713	4	565	0	
74	0	99	step_1_no_load	1	2	1	348	
74	0	99	step_2_no_load	3	4	0.673709850038	0.397561363605	3	487	1	
74	0	100	step_1_no_load	1	2	1	397	
74	0	100	step_2_no_load	3	4	0.666227451505	0.4333505304	3	561	1	
74	0	101	step_1_no_load	1	2	1	471	
74	0	101	step_2_no_load	5	6	0.366879421891	0.655903528958	5	801	0	
74	0	102	step_1_no_load	1	2	2	327	
74	0	102	step_2_no_load	5	6	0.326080462175	0.663124617603	5	539	1	
74	0	103	step_1_no_load	1	2	2	401	
74	0	103	step_2_no_load	5	6	0.322834495838	0.69058998368	5	477	0	
74	0	104	step_1_no_load	1	2	2	291	
74	0	104	step_2_no_load	3	4	0.703870701136	0.521047445908	3	400	1	
74	0	105	step_1_no_load	1	2	1	324	
74	0	105	step_2_no_load	3	4	0.689135357059	0.514318365187	3	403	1	
74	0	106	step_1_no_load	1	2	1	322	
74	0	106	step_2_no_load	3	4	0.712883638252	0.508908032404	3	431	1	
74	0	107	step_1_no_load	1	2	1	382	
74	0	107	step_2_no_load	3	4	0.692607431435	0.565220528809	3	474	1	
74	0	108	step_1_no_load	1	2	1	322	
74	0	108	step_2_no_load	3	4	0.695928523711	0.526955028982	3	407	0	
74	0	109	step_1_no_load	1	2	2	642	
74	0	109	step_2_no_load	3	4	0.71632547018	0.479977531501	3	408	0	
74	0	110	step_1_no_load	1	2	2	350	
74	0	110	step_2_no_load	5	6	0.395544455384	0.65455226558	5	429	1	
74	0	111	step_1_no_load	1	2	2	297	
74	0	111	step_2_no_load	5	6	0.407158158569	0.634599547742	5	421	1	
74	0	112	step_1_no_load	1	2	2	343	
74	0	112	step_2_no_load	5	6	0.413393106784	0.635252945963	6	553	1	
74	0	113	step_1_no_load	1	2	2	286	
74	0	113	step_2_no_load	3	4	0.719324307956	0.370697120277	3	471	1	
74	0	114	step_1_no_load	1	2	2	330	
74	0	114	step_2_no_load	3	4	0.718213323791	0.380324086676	3	667	1	
74	0	115	step_1_no_load	1	2	2	311	
74	0	115	step_2_no_load	5	6	0.357661171116	0.645721217949	5	324	1	
74	0	116	step_1_no_load	1	2	2	412	
74	0	116	step_2_no_load	5	6	0.369438791876	0.680124293449	6	598	1	
74	0	117	step_1_no_load	1	2	2	286	
74	0	117	step_2_no_load	5	6	0.363056877927	0.671842537277	5	336	0	
74	0	118	step_1_no_load	1	2	2	158	
74	0	118	step_2_no_load	5	6	0.362977115924	0.690484235012	5	388	1	
74	0	119	step_1_no_load	1	2	2	392	
74	0	119	step_2_no_load	5	6	0.358243439099	0.661177321751	5	564	0	
74	0	120	step_1_no_load	1	2	1	254	
74	0	120	step_2_no_load	3	4	0.70587238626	0.370150243662	3	340	0	
74	0	121	step_1_no_load	1	2	1	1	
74	0	121	step_2_no_load	3	4	0.658856304095	0.352721767208	3	387	1	
74	0	122	step_1_no_load	1	2	1	307	
74	0	122	step_2_no_load	3	4	0.6136886145	0.329624572119	3	307	0	
74	0	123	step_1_no_load	1	2	1	279	
74	0	123	step_2_no_load	3	4	0.583607229978	0.337526896345	3	573	0	
74	0	124	step_1_no_load	1	2	2	334	
74	0	124	step_2_no_load	5	6	0.26095206597	0.624161788269	6	460	1	
74	0	125	step_1_no_load	1	2	2	298	
74	0	125	step_2_no_load	5	6	0.290374841566	0.633566302563	5	313	0	
74	0	126	step_1_no_load	1	2	2	407	
74	0	126	step_2_no_load	5	6	0.267206368684	0.600985760967	5	396	0	
74	0	127	step_1_no_load	1	2	2	444	
74	0	127	step_2_no_load	5	6	0.273483952592	0.646945556251	5	407	1	
74	0	128	step_1_no_load	1	2	1	401	
74	0	128	step_2_no_load	3	4	0.636905534066	0.250790232267	4	611	0	
74	0	129	step_1_no_load	1	2	1	366	
74	0	129	step_2_no_load	5	6	0.268213321963	0.632682846317	5	318	0	
74	0	130	step_1_no_load	1	2	2	345	
74	0	130	step_2_no_load	3	4	0.682031489739	0.274560758494	3	463	1	
74	0	131	step_1_no_load	1	2	1	303	
74	0	131	step_2_no_load	5	6	0.281500842289	0.638450601212	6	555	0	
74	0	132	step_1_no_load	1	2	2	479	
74	0	132	step_2_no_load	3	4	0.668578020634	0.315328810424	3	440	1	
74	0	133	step_1_no_load	1	2	2	457	
74	0	133	step_2_no_load	5	6	0.315608831386	0.691649444281	5	735	0	
74	0	134	step_1_no_load	1	2	2	564	
74	0	134	step_2_no_load	3	4	0.621945110858	0.302839427162	3	399	1	
74	0	135	step_1_no_load	1	2	1	513	
74	0	135	step_2_no_load	3	4	0.593710006149	0.287118934166	3	363	0	
74	0	136	step_1_no_load	1	2	1	264	
74	0	136	step_2_no_load	3	4	0.597814413435	0.284521085726	3	598	0	
74	0	137	step_1_no_load	1	2	1	364	
74	0	137	step_2_no_load	3	4	0.605896884497	0.325016613024	4	336	1	
74	0	138	step_1_no_load	1	2	1	291	
74	0	138	step_2_no_load	5	6	0.366701525561	0.688182193337	6	462	1	
74	0	139	step_1_no_load	1	2	1	345	
74	0	139	step_2_no_load	3	4	0.636630981281	0.323660750961	4	315	1	
74	0	140	step_1_no_load	1	2	2	321	
74	0	140	step_2_no_load	3	4	0.671213945178	0.328174526491	4	323	1	
74	0	141	step_1_no_load	1	2	2	312	
74	0	141	step_2_no_load	5	6	0.390227133375	0.616803346728	6	323	0	
74	0	142	step_1_no_load	1	2	2	328	
74	0	142	step_2_no_load	3	4	0.690276058009	0.304203281606	3	289	0	
74	0	143	step_1_no_load	1	2	2	317	
74	0	143	step_2_no_load	3	4	0.661365099615	0.313516825296	4	382	1	
74	0	144	step_1_no_load	1	2	2	327	
74	0	144	step_2_no_load	5	6	0.389234194056	0.639347300184	6	577	1	
74	0	145	step_1_no_load	1	2	2	507	
74	0	145	step_2_no_load	5	6	0.355256413269	0.606515632748	6	511	0	
74	0	146	step_1_no_load	1	2	2	278	
74	0	146	step_2_no_load	5	6	0.320877500969	0.593778463268	5	403	1	
74	0	147	step_1_no_load	1	2	2	520	
74	0	147	step_2_no_load	5	6	0.352879785946	0.594861186319	5	291	1	
74	0	148	step_1_no_load	1	2	2	473	
74	0	148	step_2_no_load	5	6	0.311162711725	0.648050021239	5	263	1	
74	0	149	step_1_no_load	1	2	2	322	
74	0	149	step_2_no_load	5	6	0.300290206122	0.623203869836	5	399	0	
74	0	150	step_1_no_load	1	2	1	324	
74	0	150	step_2_no_load	5	6	0.306860041627	0.605912419156	5	367	1	
74	0	151	step_1_no_load	1	2	1	454	
74	0	151	step_2_no_load	3	4	0.59154759351	0.348172164421	3	304	1	
74	0	152	step_1_no_load	1	2	1	308	
74	0	152	step_2_no_load	5	6	0.323194010514	0.644204174791	5	450	0	
74	0	153	step_1_no_load	1	2	1	291	
74	0	153	step_2_no_load	3	4	0.613336203392	0.309356532263	4	349	1	
74	0	154	step_1_no_load	1	2	1	277	
74	0	154	step_2_no_load	5	6	0.348349389262	0.671672162443	6	256	0	
74	0	155	step_1_no_load	1	2	1	307	
74	0	155	step_2_no_load	3	4	0.632486591889	0.296093457977	4	351	0	
74	0	156	step_1_no_load	1	2	1	332	
74	0	156	step_2_no_load	3	4	0.631048201903	0.32564867104	3	428	1	
74	0	157	step_1_no_load	1	2	1	565	
74	0	157	step_2_no_load	5	6	0.324728201487	0.720725456325	5	934	0	
74	0	158	step_1_no_load	1	2	1	402	
74	0	158	step_2_no_load	5	6	0.334595868098	0.694270715354	6	347	1	
74	0	159	step_1_no_load	1	2	1	305	
74	0	159	step_2_no_load	3	4	0.541222065796	0.413026375257	4	256	0	
74	0	160	step_1_no_load	1	2	1	310	
74	0	160	step_2_no_load	3	4	0.521229931064	0.415052912783	4	369	0	
74	0	161	step_1_no_load	1	2	2	263	
74	0	161	step_2_no_load	3	4	0.516036498158	0.407025633682	3	327	1	
74	0	162	step_1_no_load	1	2	2	301	
74	0	162	step_2_no_load	5	6	0.455329532209	0.695144769903	6	392	1	
74	0	163	step_1_no_load	1	2	2	350	
74	0	163	step_2_no_load	5	6	0.430920885959	0.697095951435	5	354	1	
74	0	164	step_1_no_load	1	2	2	347	
74	0	164	step_2_no_load	5	6	0.430844125626	0.692137394606	5	413	1	
74	0	165	step_1_no_load	1	2	1	307	
74	0	165	step_2_no_load	3	4	0.538026607649	0.463777557969	3	485	0	
74	0	166	step_1_no_load	1	2	1	313	
74	0	166	step_2_no_load	3	4	0.549095060025	0.422282731054	4	334	1	
74	0	167	step_1_no_load	1	2	1	327	
74	0	167	step_2_no_load	3	4	0.585131062446	0.38753671275	4	477	1	
74	0	168	step_1_no_load	1	2	1	311	
74	0	168	step_2_no_load	5	6	0.335777599654	0.67192508984	5	279	0	
74	0	169	step_1_no_load	1	2	2	356	
74	0	169	step_2_no_load	5	6	0.365156560071	0.704981910944	6	605	1	
74	0	170	step_1_no_load	1	2	2	419	
74	0	170	step_2_no_load	3	4	0.57151385403	0.411067820436	4	348	1	
74	0	171	step_1_no_load	1	2	2	415	
74	0	171	step_2_no_load	5	6	0.425122034074	0.727248140829	6	388	1	
74	0	172	step_1_no_load	1	2	2	418	
74	0	172	step_2_no_load	5	6	0.490120307546	0.668669556875	5	302	1	
74	0	173	step_1_no_load	1	2	2	290	
74	0	173	step_2_no_load	5	6	0.462866379815	0.667027212577	6	332	1	
74	0	174	step_1_no_load	1	2	2	385	
74	0	174	step_2_no_load	3	4	0.472729524832	0.387867297446	3	292	1	
74	0	175	step_1_no_load	1	2	2	266	
74	0	175	step_2_no_load	3	4	0.52644949356	0.426185553904	4	408	0	
74	0	176	step_1_no_load	1	2	2	351	
74	0	176	step_2_no_load	5	6	0.500856457218	0.679250000396	6	284	0	
74	0	177	step_1_no_load	1	2	2	217	
74	0	177	step_2_no_load	5	6	0.4798184927	0.714070205704	6	582	1	
74	0	178	step_1_no_load	1	2	2	353	
74	0	178	step_2_no_load	5	6	0.49020858644	0.705993797498	6	593	1	
74	0	179	step_1_no_load	1	2	2	338	
74	0	179	step_2_no_load	5	6	0.493565996034	0.709345707515	6	413	0	
74	0	180	step_1_no_load	1	2	1	228	
74	0	180	step_2_no_load	3	4	0.482853857291	0.341214611607	3	405	1	
74	0	181	step_1_no_load	1	2	1	294	
74	0	181	step_2_no_load	5	6	0.480141179559	0.746910336326	5	322	0	
74	0	182	step_1_no_load	1	2	1	367	
74	0	182	step_2_no_load	3	4	0.506773281362	0.340533666308	4	632	0	
74	0	183	step_1_no_load	1	2	1	150	
74	0	183	step_2_no_load	3	4	0.502991759047	0.350175837802	3	797	0	
74	0	184	step_1_no_load	1	2	2	409	
74	0	184	step_2_no_load	5	6	0.480863422096	0.657291439324	6	457	0	
74	0	185	step_1_no_load	1	2	2	443	
74	0	185	step_2_no_load	5	6	0.482228039858	0.665622647081	6	313	1	
74	0	186	step_1_no_load	1	2	2	425	
74	0	186	step_2_no_load	5	6	0.484672582719	0.656308636836	6	355	0	
74	0	187	step_1_no_load	1	2	2	357	
74	0	187	step_2_no_load	5	6	0.498596507669	0.678211978625	6	327	0	
74	0	188	step_1_no_load	1	2	1	235	
74	0	188	step_2_no_load	3	4	0.471319680586	0.291508050861	3	383	1	
74	0	189	step_1_no_load	1	2	1	368	
74	0	189	step_2_no_load	3	4	0.448897869069	0.285168135955	3	345	0	
74	0	190	step_1_no_load	1	2	1	251	
74	0	190	step_2_no_load	3	4	0.433568856946	0.304557739386	3	415	0	
74	0	191	step_1_no_load	1	2	2	387	
74	0	191	step_2_no_load	3	4	0.435748387321	0.318839908867	4	1048	0	
74	0	192	step_1_no_load	1	2	2	362	
74	0	192	step_2_no_load	3	4	0.450791310283	0.299297135717	4	427	1	
74	0	193	step_1_no_load	1	2	2	431	
74	0	193	step_2_no_load	3	4	0.440813209638	0.321008037746	3	365	1	
74	0	194	step_1_no_load	1	2	2	538	
74	0	194	step_2_no_load	5	6	0.505359594715	0.655261361454	6	412	1	
74	0	195	step_1_no_load	1	2	2	370	
74	0	195	step_2_no_load	5	6	0.494102184238	0.646280688878	5	259	0	
74	0	196	step_1_no_load	1	2	2	291	
74	0	196	step_2_no_load	5	6	0.496717662777	0.695101215304	5	385	1	
74	0	197	step_1_no_load	1	2	2	276	
74	0	197	step_2_no_load	5	6	0.47786945426	0.686552522522	5	52	0	
74	0	198	step_1_no_load	1	2	2	310	
74	0	198	step_2_no_load	5	6	0.485065498391	0.68660989813	6	471	0	
74	0	199	step_1_no_load	1	2	2	265	
74	0	199	step_2_no_load	5	6	0.529438031858	0.73697129762	6	343	0	
74	0	200	step_1_no_load	1	2	2	318	
74	0	200	step_2_no_load	5	6	0.507902534353	0.728996708473	6	369	1	

Thu Feb 23 12:30:21 2017
