Thu Feb 23 14:24:32 2017	
76	0	1	step_1_no_load	1	2	1	829	
76	0	1	step_2_no_load	5	6	0.598297890399	0.594299910136	6	705	1	
76	0	2	step_1_no_load	1	2	1	457	
76	0	2	step_2_no_load	5	6	0.580156942153	0.610961032466	6	636	0	
76	0	3	step_1_no_load	1	2	1	403	
76	0	3	step_2_no_load	3	4	0.516002945397	0.476767372206	3	413	1	
76	0	4	step_1_no_load	1	2	1	420	
76	0	4	step_2_no_load	3	4	0.494597764192	0.478607661228	3	1305	0	
76	0	5	step_1_no_load	1	2	2	548	
76	0	5	step_2_no_load	5	6	0.623810210114	0.576104915614	5	444	1	
76	0	6	step_1_no_load	1	2	2	378	
76	0	6	step_2_no_load	5	6	0.585722686883	0.603642866427	5	621	0	
76	0	7	step_1_no_load	1	2	2	614	
76	0	7	step_2_no_load	3	4	0.506408070053	0.500071913476	3	933	1	
76	0	8	step_1_no_load	1	2	1	367	
76	0	8	step_2_no_load	3	4	0.499203529332	0.489816616396	4	416	0	
76	0	9	step_1_no_load	1	2	2	536	
76	0	9	step_2_no_load	3	4	0.54429228266	0.496546708465	3	624	0	
76	0	10	step_1_no_load	1	2	2	309	
76	0	10	step_2_no_load	3	4	0.576063520885	0.482364178155	4	667	0	
76	0	11	step_1_no_load	1	2	2	546	
76	0	11	step_2_no_load	5	6	0.69163818036	0.609191465743	5	424	1	
76	0	12	step_1_no_load	1	2	2	297	
76	0	12	step_2_no_load	5	6	0.682786328054	0.552770607849	6	966	1	
76	0	13	step_1_no_load	1	2	2	419	
76	0	13	step_2_no_load	5	6	0.653587098421	0.558313135925	5	400	0	
76	0	14	step_1_no_load	1	2	2	289	
76	0	14	step_2_no_load	3	4	0.611256675753	0.491234392147	4	904	0	
76	0	15	step_1_no_load	1	2	1	680	
76	0	15	step_2_no_load	3	4	0.633564630036	0.505377237737	3	908	0	
76	0	16	step_1_no_load	1	2	2	293	
76	0	16	step_2_no_load	5	6	0.628091198119	0.553308964466	5	704	0	
76	0	17	step_1_no_load	1	2	2	703	
76	0	17	step_2_no_load	3	4	0.643116883134	0.535958400205	4	871	1	
76	0	18	step_1_no_load	1	2	1	262	
76	0	18	step_2_no_load	3	4	0.626895526976	0.517514133912	3	307	1	
76	0	19	step_1_no_load	1	2	1	242	
76	0	19	step_2_no_load	3	4	0.644773170243	0.498240186199	4	411	0	
76	0	20	step_1_no_load	1	2	1	406	
76	0	20	step_2_no_load	3	4	0.60665343963	0.478025448397	3	338	1	
76	0	21	step_1_no_load	1	2	1	315	
76	0	21	step_2_no_load	3	4	0.611328949295	0.49769376036	3	824	0	
76	0	22	step_1_no_load	1	2	1	305	
76	0	22	step_2_no_load	3	4	0.618527126547	0.506100011497	4	320	0	
76	0	23	step_1_no_load	1	2	2	274	
76	0	23	step_2_no_load	5	6	0.640163623731	0.513759772011	6	373	0	
76	0	24	step_1_no_load	1	2	2	306	
76	0	24	step_2_no_load	5	6	0.582115115688	0.503316199018	5	319	1	
76	0	25	step_1_no_load	1	2	2	279	
76	0	25	step_2_no_load	5	6	0.565698722896	0.503605105412	5	416	1	
76	0	26	step_1_no_load	1	2	2	322	
76	0	26	step_2_no_load	5	6	0.592410219737	0.532884212818	5	449	0	
76	0	27	step_1_no_load	1	2	2	570	
76	0	27	step_2_no_load	5	6	0.57860777711	0.54756089792	6	455	1	
76	0	28	step_1_no_load	1	2	2	254	
76	0	28	step_2_no_load	5	6	0.588356036098	0.553259388875	6	683	1	
76	0	29	step_1_no_load	1	2	2	284	
76	0	29	step_2_no_load	5	6	0.606613029227	0.561957580386	5	828	0	
76	0	30	step_1_no_load	1	2	2	392	
76	0	30	step_2_no_load	3	4	0.610227092493	0.4919199548	4	417	0	
76	0	31	step_1_no_load	1	2	1	230	
76	0	31	step_2_no_load	3	4	0.606122691795	0.483156722265	3	314	0	
76	0	32	step_1_no_load	1	2	2	1	
76	0	32	step_2_no_load	5	6	0.634585171267	0.522993086096	5	659	1	
76	0	33	step_1_no_load	1	2	2	478	
76	0	33	step_2_no_load	5	6	0.611700032906	0.542309898544	5	489	0	
76	0	34	step_1_no_load	1	2	2	303	
76	0	34	step_2_no_load	5	6	0.575802910074	0.538523758058	6	448	1	
76	0	35	step_1_no_load	1	2	2	264	
76	0	35	step_2_no_load	3	4	0.649776015006	0.491437207585	4	390	1	
76	0	36	step_1_no_load	1	2	1	279	
76	0	36	step_2_no_load	5	6	0.527635087561	0.611274573488	5	1118	1	
76	0	37	step_1_no_load	1	2	2	335	
76	0	37	step_2_no_load	5	6	0.513822304161	0.598446394142	6	573	0	
76	0	38	step_1_no_load	1	2	2	309	
76	0	38	step_2_no_load	3	4	0.651263699161	0.553931241266	3	398	1	
76	0	39	step_1_no_load	1	2	1	262	
76	0	39	step_2_no_load	3	4	0.634483337633	0.578640235206	3	368	1	
76	0	40	step_1_no_load	1	2	1	344	
76	0	40	step_2_no_load	3	4	0.636994900683	0.5691386571	4	392	0	
76	0	41	step_1_no_load	1	2	1	165	
76	0	41	step_2_no_load	3	4	0.633285941184	0.583829055298	3	401	1	
76	0	42	step_1_no_load	1	2	1	219	
76	0	42	step_2_no_load	3	4	0.606696263624	0.553461946234	3	372	0	
76	0	43	step_1_no_load	1	2	1	279	
76	0	43	step_2_no_load	5	6	0.553703096215	0.612705031264	6	580	1	
76	0	44	step_1_no_load	1	2	2	313	
76	0	44	step_2_no_load	5	6	0.541854396676	0.611481438855	6	293	0	
76	0	45	step_1_no_load	1	2	2	302	
76	0	45	step_2_no_load	3	4	0.620699591043	0.5288039409	3	327	1	
76	0	46	step_1_no_load	1	2	1	351	
76	0	46	step_2_no_load	5	6	0.55511883717	0.600964500555	5	389	0	
76	0	47	step_1_no_load	1	2	1	227	
76	0	47	step_2_no_load	3	4	0.634373567175	0.493112702321	3	351	0	
76	0	48	step_1_no_load	1	2	2	476	
76	0	48	step_2_no_load	5	6	0.534690828011	0.615767119776	6	406	1	
76	0	49	step_1_no_load	1	2	2	399	
76	0	49	step_2_no_load	5	6	0.512405963374	0.610193185592	6	446	1	
76	0	50	step_1_no_load	1	2	2	277	
76	0	50	step_2_no_load	5	6	0.481616544184	0.606862017918	6	520	0	
76	0	51	step_1_no_load	1	2	2	295	
76	0	51	step_2_no_load	5	6	0.508197321577	0.564866799699	5	416	1	
76	0	52	step_1_no_load	1	2	2	351	
76	0	52	step_2_no_load	3	4	0.613408921915	0.429622901875	3	910	0	
76	0	53	step_1_no_load	1	2	2	242	
76	0	53	step_2_no_load	5	6	0.475342927439	0.551457882502	5	886	0	
76	0	54	step_1_no_load	1	2	2	348	
76	0	54	step_2_no_load	5	6	0.493362545513	0.570223904064	6	376	1	
76	0	55	step_1_no_load	1	2	2	317	
76	0	55	step_2_no_load	5	6	0.526704292526	0.574045915747	6	405	1	
76	0	56	step_1_no_load	1	2	2	299	
76	0	56	step_2_no_load	5	6	0.538512915562	0.601856598146	6	413	0	
76	0	57	step_1_no_load	1	2	2	373	
76	0	57	step_2_no_load	5	6	0.516475618243	0.641849303307	5	365	1	
76	0	58	step_1_no_load	1	2	2	264	
76	0	58	step_2_no_load	5	6	0.528376440027	0.664682809182	5	410	1	
76	0	59	step_1_no_load	1	2	2	343	
76	0	59	step_2_no_load	5	6	0.537400760025	0.632500293208	5	469	1	
76	0	60	step_1_no_load	1	2	2	317	
76	0	60	step_2_no_load	5	6	0.479287247283	0.623687406259	5	474	0	
76	0	61	step_1_no_load	1	2	2	228	
76	0	61	step_2_no_load	3	4	0.602879526975	0.464268875813	4	329	1	
76	0	62	step_1_no_load	1	2	1	224	
76	0	62	step_2_no_load	5	6	0.533031417444	0.691137204746	5	646	0	
76	0	63	step_1_no_load	1	2	1	257	
76	0	63	step_2_no_load	3	4	0.642623127313	0.53192660365	4	585	1	
76	0	64	step_1_no_load	1	2	1	332	
76	0	64	step_2_no_load	3	4	0.626149195169	0.555062911513	4	418	0	
76	0	65	step_1_no_load	1	2	1	330	
76	0	65	step_2_no_load	5	6	0.517687993213	0.612660225018	5	337	0	
76	0	66	step_1_no_load	1	2	1	324	
76	0	66	step_2_no_load	3	4	0.630357351236	0.573761869714	4	325	0	
76	0	67	step_1_no_load	1	2	1	322	
76	0	67	step_2_no_load	5	6	0.538279387614	0.597650193897	5	348	0	
76	0	68	step_1_no_load	1	2	1	500	
76	0	68	step_2_no_load	5	6	0.523301545299	0.622963076372	6	479	1	
76	0	69	step_1_no_load	1	2	2	354	
76	0	69	step_2_no_load	5	6	0.560462111264	0.622221685203	6	267	1	
76	0	70	step_1_no_load	1	2	2	339	
76	0	70	step_2_no_load	5	6	0.548075770764	0.637556284465	6	472	0	
76	0	71	step_1_no_load	1	2	2	315	
76	0	71	step_2_no_load	5	6	0.546215110045	0.639174917797	5	337	1	
76	0	72	step_1_no_load	1	2	2	282	
76	0	72	step_2_no_load	5	6	0.556486305476	0.626024641967	5	506	0	
76	0	73	step_1_no_load	1	2	2	280	
76	0	73	step_2_no_load	3	4	0.727961155836	0.435957313805	4	437	1	
76	0	74	step_1_no_load	1	2	1	402	
76	0	74	step_2_no_load	5	6	0.491044983779	0.614462146454	6	445	0	
76	0	75	step_1_no_load	1	2	1	447	
76	0	75	step_2_no_load	3	4	0.697629587097	0.44832280175	3	288	0	
76	0	76	step_1_no_load	1	2	1	249	
76	0	76	step_2_no_load	3	4	0.690117652944	0.488583631821	4	351	1	
76	0	77	step_1_no_load	1	2	1	684	
76	0	77	step_2_no_load	3	4	0.679737625371	0.446809557226	4	428	0	
76	0	78	step_1_no_load	1	2	1	308	
76	0	78	step_2_no_load	3	4	0.647586191228	0.435911167612	3	594	1	
76	0	79	step_1_no_load	1	2	1	275	
76	0	79	step_2_no_load	3	4	0.647841624544	0.389124152368	3	272	1	
76	0	80	step_1_no_load	1	2	1	273	
76	0	80	step_2_no_load	5	6	0.49921021142	0.518583383166	6	707	0	
76	0	81	step_1_no_load	1	2	1	387	
76	0	81	step_2_no_load	5	6	0.494116554432	0.529745690463	5	660	0	
76	0	82	step_1_no_load	1	2	2	351	
76	0	82	step_2_no_load	5	6	0.482727017837	0.564729328387	5	397	1	
76	0	83	step_1_no_load	1	2	2	369	
76	0	83	step_2_no_load	5	6	0.483255412498	0.607907985871	5	335	1	
76	0	84	step_1_no_load	1	2	2	299	
76	0	84	step_2_no_load	5	6	0.505586222209	0.65843840156	6	616	0	
76	0	85	step_1_no_load	1	2	2	390	
76	0	85	step_2_no_load	5	6	0.485785534744	0.692384972752	5	349	1	
76	0	86	step_1_no_load	1	2	2	289	
76	0	86	step_2_no_load	5	6	0.486462788728	0.691782850001	5	300	1	
76	0	87	step_1_no_load	1	2	2	208	
76	0	87	step_2_no_load	5	6	0.493867001103	0.719375344246	5	355	0	
76	0	88	step_1_no_load	1	2	2	297	
76	0	88	step_2_no_load	3	4	0.696773608304	0.377947492322	4	392	0	
76	0	89	step_1_no_load	1	2	2	263	
76	0	89	step_2_no_load	5	6	0.490019385174	0.690772436485	6	308	1	
76	0	90	step_1_no_load	1	2	2	297	
76	0	90	step_2_no_load	3	4	0.688736868033	0.411459496853	4	451	0	
76	0	91	step_1_no_load	1	2	2	248	
76	0	91	step_2_no_load	5	6	0.479087223222	0.685023809334	6	282	0	
76	0	92	step_1_no_load	1	2	1	380	
76	0	92	step_2_no_load	3	4	0.679381608313	0.444368850664	3	599	1	
76	0	93	step_1_no_load	1	2	1	337	
76	0	93	step_2_no_load	5	6	0.473273727684	0.70415710998	6	993	0	
76	0	94	step_1_no_load	1	2	1	399	
76	0	94	step_2_no_load	3	4	0.668295023896	0.429211756872	3	282	1	
76	0	95	step_1_no_load	1	2	1	286	
76	0	95	step_2_no_load	3	4	0.640209855442	0.427150666411	3	242	1	
76	0	96	step_1_no_load	1	2	1	242	
76	0	96	step_2_no_load	5	6	0.437558890646	0.693739812506	5	377	1	
76	0	97	step_1_no_load	1	2	2	287	
76	0	97	step_2_no_load	5	6	0.455601814112	0.681272614291	5	285	1	
76	0	98	step_1_no_load	1	2	2	274	
76	0	98	step_2_no_load	5	6	0.431479829356	0.70287861952	5	348	1	
76	0	99	step_1_no_load	1	2	2	246	
76	0	99	step_2_no_load	5	6	0.375249961522	0.673709850038	5	298	1	
76	0	100	step_1_no_load	1	2	2	249	
76	0	100	step_2_no_load	5	6	0.363162156005	0.666227451505	5	325	0	
76	0	101	step_1_no_load	1	2	2	208	
76	0	101	step_2_no_load	3	4	0.655903528958	0.497432607584	3	616	0	
76	0	102	step_1_no_load	1	2	1	255	
76	0	102	step_2_no_load	3	4	0.663124617603	0.494584754513	4	372	0	
76	0	103	step_1_no_load	1	2	2	340	
76	0	103	step_2_no_load	3	4	0.69058998368	0.481975449893	4	303	1	
76	0	104	step_1_no_load	1	2	1	290	
76	0	104	step_2_no_load	3	4	0.743372642809	0.521047445908	4	368	1	
76	0	105	step_1_no_load	1	2	1	255	
76	0	105	step_2_no_load	5	6	0.352639603242	0.689135357059	6	338	1	
76	0	106	step_1_no_load	1	2	2	241	
76	0	106	step_2_no_load	3	4	0.699623252899	0.508908032404	4	262	0	
76	0	107	step_1_no_load	1	2	2	204	
76	0	107	step_2_no_load	5	6	0.388257337796	0.692607431435	6	345	1	
76	0	108	step_1_no_load	1	2	2	277	
76	0	108	step_2_no_load	5	6	0.388185708856	0.695928523711	6	389	1	
76	0	109	step_1_no_load	1	2	2	277	
76	0	109	step_2_no_load	5	6	0.372328831887	0.71632547018	6	451	1	
76	0	110	step_1_no_load	1	2	2	552	
76	0	110	step_2_no_load	3	4	0.65455226558	0.432626681236	3	733	0	
76	0	111	step_1_no_load	1	2	2	338	
76	0	111	step_2_no_load	3	4	0.634599547742	0.384948378665	3	955	1	
76	0	112	step_1_no_load	1	2	1	354	
76	0	112	step_2_no_load	3	4	0.635252945963	0.392887565883	3	324	1	
76	0	113	step_1_no_load	1	2	1	242	
76	0	113	step_2_no_load	5	6	0.387112818105	0.719324307956	6	696	1	
76	0	114	step_1_no_load	1	2	2	445	
76	0	114	step_2_no_load	3	4	0.657654904272	0.380324086676	3	1241	1	
76	0	115	step_1_no_load	1	2	1	322	
76	0	115	step_2_no_load	3	4	0.645721217949	0.390027643099	3	419	0	
76	0	116	step_1_no_load	1	2	1	772	
76	0	116	step_2_no_load	3	4	0.680124293449	0.378149844807	4	399	0	
76	0	117	step_1_no_load	1	2	2	307	
76	0	117	step_2_no_load	5	6	0.363056877927	0.747012267642	5	726	0	
76	0	118	step_1_no_load	1	2	2	625	
76	0	118	step_2_no_load	5	6	0.362977115924	0.740051715856	6	393	1	
76	0	119	step_1_no_load	1	2	2	334	
76	0	119	step_2_no_load	5	6	0.358243439099	0.690424535099	6	499	0	
76	0	120	step_1_no_load	1	2	2	335	
76	0	120	step_2_no_load	3	4	0.666433355915	0.370150243662	3	795	1	
76	0	121	step_1_no_load	1	2	1	282	
76	0	121	step_2_no_load	3	4	0.671052306195	0.352721767208	3	409	1	
76	0	122	step_1_no_load	1	2	1	384	
76	0	122	step_2_no_load	3	4	0.672193618854	0.329624572119	3	475	1	
76	0	123	step_1_no_load	1	2	1	376	
76	0	123	step_2_no_load	5	6	0.269780614928	0.583607229978	6	770	1	
76	0	124	step_1_no_load	1	2	2	249	
76	0	124	step_2_no_load	5	6	0.26095206597	0.603013298253	6	402	1	
76	0	125	step_1_no_load	1	2	2	412	
76	0	125	step_2_no_load	3	4	0.633566302563	0.303110862715	4	471	0	
76	0	126	step_1_no_load	1	2	1	303	
76	0	126	step_2_no_load	3	4	0.600985760967	0.300846667696	3	386	0	
76	0	127	step_1_no_load	1	2	2	262	
76	0	127	step_2_no_load	5	6	0.273483952592	0.560824094575	5	625	1	
76	0	128	step_1_no_load	1	2	2	305	
76	0	128	step_2_no_load	3	4	0.620672334996	0.250790232267	4	1024	0	
76	0	129	step_1_no_load	1	2	2	324	
76	0	129	step_2_no_load	5	6	0.268213321963	0.685297910719	5	370	0	
76	0	130	step_1_no_load	1	2	2	271	
76	0	130	step_2_no_load	5	6	0.267460866951	0.682031489739	6	561	1	
76	0	131	step_1_no_load	1	2	2	265	
76	0	131	step_2_no_load	5	6	0.281500842289	0.678044920845	6	399	0	
76	0	132	step_1_no_load	1	2	2	311	
76	0	132	step_2_no_load	3	4	0.660013924697	0.315328810424	3	372	1	
76	0	133	step_1_no_load	1	2	1	257	
76	0	133	step_2_no_load	3	4	0.691649444281	0.312642735495	3	320	0	
76	0	134	step_1_no_load	1	2	1	874	
76	0	134	step_2_no_load	3	4	0.685529359147	0.302839427162	4	595	0	
76	0	135	step_1_no_load	1	2	1	582	
76	0	135	step_2_no_load	5	6	0.300079459047	0.593710006149	5	463	1	
76	0	136	step_1_no_load	1	2	2	363	
76	0	136	step_2_no_load	5	6	0.307766925452	0.597814413435	5	370	0	
76	0	137	step_1_no_load	1	2	1	553	
76	0	137	step_2_no_load	5	6	0.346433498467	0.605896884497	6	589	1	
76	0	138	step_1_no_load	1	2	2	387	
76	0	138	step_2_no_load	5	6	0.366701525561	0.63240964674	5	462	0	
76	0	139	step_1_no_load	1	2	2	328	
76	0	139	step_2_no_load	5	6	0.325611400511	0.636630981281	6	487	0	
76	0	140	step_1_no_load	1	2	1	329	
76	0	140	step_2_no_load	3	4	0.637682840728	0.328174526491	3	419	1	
76	0	141	step_1_no_load	1	2	1	340	
76	0	141	step_2_no_load	3	4	0.616803346728	0.311809871418	3	527	0	
76	0	142	step_1_no_load	1	2	1	789	
76	0	142	step_2_no_load	5	6	0.397052682821	0.690276058009	6	446	1	
76	0	143	step_1_no_load	1	2	2	299	
76	0	143	step_2_no_load	5	6	0.410970957547	0.661365099615	6	526	1	
76	0	144	step_1_no_load	1	2	2	369	
76	0	144	step_2_no_load	3	4	0.639347300184	0.275932517017	3	989	0	
76	0	145	step_1_no_load	1	2	2	289	
76	0	145	step_2_no_load	5	6	0.355256413269	0.6669125229	6	570	1	
76	0	146	step_1_no_load	1	2	2	378	
76	0	146	step_2_no_load	5	6	0.320877500969	0.681611991725	6	519	0	
76	0	147	step_1_no_load	1	2	2	423	
76	0	147	step_2_no_load	5	6	0.352879785946	0.647798886916	5	335	0	
76	0	148	step_1_no_load	1	2	1	286	
76	0	148	step_2_no_load	3	4	0.648050021239	0.305288021243	4	301	0	
76	0	149	step_1_no_load	1	2	1	488	
76	0	149	step_2_no_load	3	4	0.623203869836	0.269951834184	3	300	0	
76	0	150	step_1_no_load	1	2	2	302	
76	0	150	step_2_no_load	5	6	0.306860041627	0.575985663078	5	434	0	
76	0	151	step_1_no_load	1	2	2	393	
76	0	151	step_2_no_load	5	6	0.310557101463	0.59154759351	6	304	0	
76	0	152	step_1_no_load	1	2	1	363	
76	0	152	step_2_no_load	3	4	0.644204174791	0.307702500543	3	381	0	
76	0	153	step_1_no_load	1	2	1	466	
76	0	153	step_2_no_load	5	6	0.343622632154	0.613336203392	6	280	0	
76	0	154	step_1_no_load	1	2	2	322	
76	0	154	step_2_no_load	5	6	0.348349389262	0.638934099562	5	436	0	
76	0	155	step_1_no_load	1	2	1	317	
76	0	155	step_2_no_load	5	6	0.372188990474	0.632486591889	6	426	1	
76	0	156	step_1_no_load	1	2	2	338	
76	0	156	step_2_no_load	5	6	0.368378667812	0.631048201903	6	403	0	
76	0	157	step_1_no_load	1	2	2	293	
76	0	157	step_2_no_load	5	6	0.324728201487	0.585191807512	5	664	0	
76	0	158	step_1_no_load	1	2	2	665	
76	0	158	step_2_no_load	3	4	0.694270715354	0.408728803896	4	319	0	
76	0	159	step_1_no_load	1	2	1	252	
76	0	159	step_2_no_load	3	4	0.697903160072	0.413026375257	3	256	1	
76	0	160	step_1_no_load	1	2	1	286	
76	0	160	step_2_no_load	3	4	0.710728171711	0.415052912783	3	288	1	
76	0	161	step_1_no_load	1	2	1	335	
76	0	161	step_2_no_load	5	6	0.438878285506	0.516036498158	5	416	1	
76	0	162	step_1_no_load	1	2	2	323	
76	0	162	step_2_no_load	5	6	0.455329532209	0.566496468084	5	330	1	
76	0	163	step_1_no_load	1	2	2	307	
76	0	163	step_2_no_load	5	6	0.430920885959	0.5863391277	5	419	0	
76	0	164	step_1_no_load	1	2	2	375	
76	0	164	step_2_no_load	3	4	0.692137394606	0.432761720497	4	333	1	
76	0	165	step_1_no_load	1	2	1	267	
76	0	165	step_2_no_load	3	4	0.717506143195	0.463777557969	4	375	0	
76	0	166	step_1_no_load	1	2	1	312	
76	0	166	step_2_no_load	3	4	0.686594248975	0.422282731054	3	348	1	
76	0	167	step_1_no_load	1	2	1	340	
76	0	167	step_2_no_load	5	6	0.331115714939	0.585131062446	6	522	1	
76	0	168	step_1_no_load	1	2	2	258	
76	0	168	step_2_no_load	5	6	0.335777599654	0.613361520676	6	346	0	
76	0	169	step_1_no_load	1	2	2	693	
76	0	169	step_2_no_load	5	6	0.365156560071	0.586049140041	5	670	1	
76	0	170	step_1_no_load	1	2	2	299	
76	0	170	step_2_no_load	5	6	0.364989630435	0.57151385403	5	436	1	
76	0	171	step_1_no_load	1	2	2	296	
76	0	171	step_2_no_load	3	4	0.727248140829	0.386979310814	4	434	0	
76	0	172	step_1_no_load	1	2	2	291	
76	0	172	step_2_no_load	5	6	0.490120307546	0.519090471457	5	336	0	
76	0	173	step_1_no_load	1	2	2	314	
76	0	173	step_2_no_load	5	6	0.462866379815	0.484428109849	6	445	0	
76	0	174	step_1_no_load	1	2	1	316	
76	0	174	step_2_no_load	3	4	0.729877433725	0.387867297446	3	414	1	
76	0	175	step_1_no_load	1	2	1	319	
76	0	175	step_2_no_load	3	4	0.693968268443	0.426185553904	3	374	0	
76	0	176	step_1_no_load	1	2	1	342	
76	0	176	step_2_no_load	3	4	0.679250000396	0.383231572002	4	351	0	
76	0	177	step_1_no_load	1	2	2	491	
76	0	177	step_2_no_load	5	6	0.4798184927	0.501268576771	5	371	1	
76	0	178	step_1_no_load	1	2	2	298	
76	0	178	step_2_no_load	5	6	0.49020858644	0.493712351915	5	277	1	
76	0	179	step_1_no_load	1	2	2	306	
76	0	179	step_2_no_load	5	6	0.493565996034	0.457298770028	6	447	0	
76	0	180	step_1_no_load	1	2	2	369	
76	0	180	step_2_no_load	5	6	0.489345734128	0.482853857291	5	374	1	
76	0	181	step_1_no_load	1	2	2	324	
76	0	181	step_2_no_load	3	4	0.746910336326	0.342402764747	3	912	0	
76	0	182	step_1_no_load	1	2	2	343	
76	0	182	step_2_no_load	5	6	0.49907747228	0.506773281362	5	328	0	
76	0	183	step_1_no_load	1	2	2	347	
76	0	183	step_2_no_load	3	4	0.720388040749	0.350175837802	4	326	1	
76	0	184	step_1_no_load	1	2	1	273	
76	0	184	step_2_no_load	3	4	0.657291439324	0.362743255194	4	357	0	
76	0	185	step_1_no_load	1	2	1	281	
76	0	185	step_2_no_load	5	6	0.482228039858	0.479703516092	5	250	0	
76	0	186	step_1_no_load	1	2	2	152	
76	0	186	step_2_no_load	5	6	0.484672582719	0.46870859828	5	290	1	
76	0	187	step_1_no_load	1	2	2	320	
76	0	187	step_2_no_load	3	4	0.678211978625	0.328890769988	3	301	0	
76	0	188	step_1_no_load	1	2	2	99	
76	0	188	step_2_no_load	3	4	0.696362660087	0.291508050861	3	295	0	
76	0	189	step_1_no_load	1	2	1	310	
76	0	189	step_2_no_load	5	6	0.534753756004	0.448897869069	6	496	0	
76	0	190	step_1_no_load	1	2	2	239	
76	0	190	step_2_no_load	5	6	0.505820429042	0.433568856946	5	391	1	
76	0	191	step_1_no_load	1	2	2	251	
76	0	191	step_2_no_load	5	6	0.512103523931	0.435748387321	5	401	0	
76	0	192	step_1_no_load	1	2	2	321	
76	0	192	step_2_no_load	5	6	0.493851022417	0.450791310283	6	369	0	
76	0	193	step_1_no_load	1	2	1	225	
76	0	193	step_2_no_load	3	4	0.679792491164	0.321008037746	4	456	0	
76	0	194	step_1_no_load	1	2	1	336	
76	0	194	step_2_no_load	5	6	0.505359594715	0.433250459893	5	96	1	
76	0	195	step_1_no_load	1	2	2	266	
76	0	195	step_2_no_load	3	4	0.646280688878	0.348571348505	3	774	0	
76	0	196	step_1_no_load	1	2	2	348	
76	0	196	step_2_no_load	5	6	0.496717662777	0.421761207498	5	293	1	
76	0	197	step_1_no_load	1	2	2	269	
76	0	197	step_2_no_load	5	6	0.47786945426	0.422511153127	5	310	0	
76	0	198	step_1_no_load	1	2	2	298	
76	0	198	step_2_no_load	5	6	0.485065498391	0.397292432346	6	360	0	
76	0	199	step_1_no_load	1	2	1	274	
76	0	199	step_2_no_load	3	4	0.73697129762	0.292861528884	3	392	0	
76	0	200	step_1_no_load	1	2	1	257	
76	0	200	step_2_no_load	3	4	0.728996708473	0.299128796668	4	370	1	

Thu Feb 23 14:42:12 2017
