Tue Feb 28 15:15:35 2017	
77	0	1	step_1_no_load	1	2	1	671	
77	0	1	step_2_no_load	3	4	0.457620150462	0.598297890399	4	751	1	
77	0	2	step_1_no_load	1	2	1	1	
77	0	2	step_2_no_load	3	4	0.474613197709	0.580156942153	4	688	1	
77	0	3	step_1_no_load	1	2	1	817	
77	0	3	step_2_no_load	3	4	0.476767372206	0.584197065669	4	538	0	
77	0	4	step_1_no_load	1	2	1	509	
77	0	4	step_2_no_load	3	4	0.478607661228	0.597491569846	3	548	0	
77	0	5	step_1_no_load	1	2	1	520	
77	0	5	step_2_no_load	3	4	0.495568760483	0.623810210114	4	574	1	
77	0	6	step_1_no_load	1	2	1	402	
77	0	6	step_2_no_load	3	4	0.506877622204	0.585722686883	4	639	0	
77	0	7	step_1_no_load	1	2	1	488	
77	0	7	step_2_no_load	3	4	0.500071913476	0.568656746487	4	670	1	
77	0	8	step_1_no_load	1	2	1	518	
77	0	8	step_2_no_load	3	4	0.489816616396	0.59128639594	4	586	1	
77	0	9	step_1_no_load	1	2	2	862	
77	0	9	step_2_no_load	5	6	0.641106877158	0.54429228266	5	562	1	
77	0	10	step_1_no_load	1	2	2	430	
77	0	10	step_2_no_load	5	6	0.636063269715	0.576063520885	5	1462	1	
77	0	11	step_1_no_load	1	2	2	576	
77	0	11	step_2_no_load	5	6	0.609191465743	0.59022801242	5	536	0	
77	0	12	step_1_no_load	1	2	2	481	
77	0	12	step_2_no_load	5	6	0.552770607849	0.597131918027	5	544	0	
77	0	13	step_1_no_load	1	2	2	628	
77	0	13	step_2_no_load	3	4	0.52012981853	0.653587098421	4	932	1	
77	0	14	step_1_no_load	1	2	2	1321	
77	0	14	step_2_no_load	5	6	0.545555696267	0.611256675753	6	1088	0	
77	0	15	step_1_no_load	1	2	2	424	
77	0	15	step_2_no_load	3	4	0.505377237737	0.612260006668	3	923	1	
77	0	16	step_1_no_load	1	2	2	815	
77	0	16	step_2_no_load	5	6	0.553308964466	0.626326396372	5	1066	0	
77	0	17	step_1_no_load	1	2	2	405	
77	0	17	step_2_no_load	5	6	0.562895132605	0.643116883134	6	847	0	
77	0	18	step_1_no_load	1	2	1	441	
77	0	18	step_2_no_load	3	4	0.517514133912	0.626834332012	4	838	1	
77	0	19	step_1_no_load	1	2	1	505	
77	0	19	step_2_no_load	5	6	0.536502319591	0.644773170243	6	662	0	
77	0	20	step_1_no_load	1	2	1	424	
77	0	20	step_2_no_load	5	6	0.491720931314	0.60665343963	6	490	0	
77	0	21	step_1_no_load	1	2	1	358	
77	0	21	step_2_no_load	3	4	0.49769376036	0.630305464549	4	542	1	
77	0	22	step_1_no_load	1	2	1	358	
77	0	22	step_2_no_load	5	6	0.468700882609	0.618527126547	6	730	0	
77	0	23	step_1_no_load	1	2	1	626	
77	0	23	step_2_no_load	3	4	0.520606588181	0.640163623731	3	484	1	
77	0	24	step_1_no_load	1	2	1	289	
77	0	24	step_2_no_load	3	4	0.505388876622	0.582115115688	3	789	0	
77	0	25	step_1_no_load	1	2	1	330	
77	0	25	step_2_no_load	5	6	0.503605105412	0.629917901014	5	782	0	
77	0	26	step_1_no_load	1	2	1	376	
77	0	26	step_2_no_load	5	6	0.532884212818	0.640635035276	5	345	0	
77	0	27	step_1_no_load	1	2	1	520	
77	0	27	step_2_no_load	5	6	0.54756089792	0.642144756622	6	805	0	
77	0	28	step_1_no_load	1	2	1	381	
77	0	28	step_2_no_load	3	4	0.520177259699	0.588356036098	4	890	0	
77	0	29	step_1_no_load	1	2	1	773	
77	0	29	step_2_no_load	5	6	0.561957580386	0.618626354124	6	716	0	
77	0	30	step_1_no_load	1	2	1	553	
77	0	30	step_2_no_load	5	6	0.574272497114	0.610227092493	5	1204	0	
77	0	31	step_1_no_load	1	2	1	326	
77	0	31	step_2_no_load	3	4	0.483156722265	0.636602545794	3	422	0	
77	0	32	step_1_no_load	1	2	1	423	
77	0	32	step_2_no_load	5	6	0.522993086096	0.605616211083	5	355	0	
77	0	33	step_1_no_load	1	2	1	465	
77	0	33	step_2_no_load	3	4	0.487664344039	0.611700032906	3	739	1	
77	0	34	step_1_no_load	1	2	1	713	
77	0	34	step_2_no_load	3	4	0.454565258478	0.575802910074	3	819	0	
77	0	35	step_1_no_load	1	2	1	285	
77	0	35	step_2_no_load	3	4	0.491437207585	0.566827313385	4	901	0	
77	0	36	step_1_no_load	1	2	2	910	
77	0	36	step_2_no_load	3	4	0.513210053121	0.527635087561	4	1216	1	
77	0	37	step_1_no_load	1	2	2	462	
77	0	37	step_2_no_load	5	6	0.598446394142	0.660658056664	6	772	1	
77	0	38	step_1_no_load	1	2	2	411	
77	0	38	step_2_no_load	5	6	0.595113730206	0.651263699161	6	532	1	
77	0	39	step_1_no_load	1	2	2	622	
77	0	39	step_2_no_load	5	6	0.610601635554	0.634483337633	6	1007	1	
77	0	40	step_1_no_load	1	2	2	685	
77	0	40	step_2_no_load	5	6	0.607992802154	0.636994900683	6	1189	1	
77	0	41	step_1_no_load	1	2	2	703	
77	0	41	step_2_no_load	5	6	0.588857868869	0.633285941184	6	1041	0	
77	0	42	step_1_no_load	1	2	2	480	
77	0	42	step_2_no_load	5	6	0.609164606591	0.606696263624	5	618	1	
77	0	43	step_1_no_load	1	2	2	574	
77	0	43	step_2_no_load	5	6	0.612705031264	0.581931546759	5	712	1	
77	0	44	step_1_no_load	1	2	2	402	
77	0	44	step_2_no_load	5	6	0.611481438855	0.589653131867	5	1014	0	
77	0	45	step_1_no_load	1	2	1	513	
77	0	45	step_2_no_load	3	4	0.5288039409	0.579346234508	4	993	1	
77	0	46	step_1_no_load	1	2	1	372	
77	0	46	step_2_no_load	3	4	0.532238720495	0.55511883717	4	958	0	
77	0	47	step_1_no_load	1	2	1	484	
77	0	47	step_2_no_load	5	6	0.598724660986	0.634373567175	5	1486	1	
77	0	48	step_1_no_load	1	2	1	458	
77	0	48	step_2_no_load	3	4	0.488280685105	0.534690828011	4	1349	0	
77	0	49	step_1_no_load	1	2	2	688	
77	0	49	step_2_no_load	5	6	0.610193185592	0.614679490594	5	733	0	
77	0	50	step_1_no_load	1	2	-1	-1	
77	0	51	step_1_no_load	1	2	2	581	
77	0	51	step_2_no_load	5	6	0.564866799699	0.613357430892	6	836	0	
77	0	52	step_1_no_load	1	2	2	369	
77	0	52	step_2_no_load	5	6	0.539065404057	0.613408921915	6	470	1	
77	0	53	step_1_no_load	1	2	2	386	
77	0	53	step_2_no_load	5	6	0.551457882502	0.630956764252	6	621	1	
77	0	54	step_1_no_load	1	2	2	559	
77	0	54	step_2_no_load	5	6	0.570223904064	0.652515308527	6	538	1	
77	0	55	step_1_no_load	1	2	2	372	
77	0	55	step_2_no_load	5	6	0.574045915747	0.639840796975	6	481	1	
77	0	56	step_1_no_load	1	2	2	659	
77	0	56	step_2_no_load	3	4	0.459773408493	0.538512915562	4	583	1	
77	0	57	step_1_no_load	1	2	2	523	
77	0	57	step_2_no_load	5	6	0.641849303307	0.586335094239	-1	-1	-1	
77	0	58	step_1_no_load	1	2	1	520	
77	0	58	step_2_no_load	3	4	0.478335218822	0.528376440027	3	893	1	
77	0	59	step_1_no_load	1	2	1	355	
77	0	59	step_2_no_load	3	4	0.480274332693	0.537400760025	3	771	1	
77	0	60	step_1_no_load	1	2	1	349	
77	0	60	step_2_no_load	5	6	0.623687406259	0.599559577859	5	393	1	
77	0	61	step_1_no_load	1	2	1	741	
77	0	61	step_2_no_load	3	4	0.464268875813	0.527144452559	3	689	0	
77	0	62	step_1_no_load	1	2	1	321	
77	0	62	step_2_no_load	5	6	0.691137204746	0.622820395113	6	908	1	
77	0	63	step_1_no_load	1	2	1	307	
77	0	63	step_2_no_load	5	6	0.664284493458	0.642623127313	6	806	0	
77	0	64	step_1_no_load	1	2	2	876	
77	0	64	step_2_no_load	3	4	0.555062911513	0.533849886794	4	1314	0	
77	0	65	step_1_no_load	1	2	2	321	
77	0	65	step_2_no_load	5	6	0.612660225018	0.619953360065	5	541	0	
77	0	66	step_1_no_load	1	2	2	286	
77	0	66	step_2_no_load	3	4	0.573761869714	0.555324764318	4	783	0	
77	0	67	step_1_no_load	1	2	2	316	
77	0	67	step_2_no_load	3	4	0.542076810516	0.538279387614	3	734	1	
77	0	68	step_1_no_load	1	2	1	664	
77	0	68	step_2_no_load	3	4	0.509127161919	0.523301545299	3	657	0	
77	0	69	step_1_no_load	1	2	-1	-1	
77	0	70	step_1_no_load	1	2	1	302	
77	0	70	step_2_no_load	3	4	0.498834901463	0.548075770764	3	357	0	
77	0	71	step_1_no_load	1	2	1	429	
77	0	71	step_2_no_load	3	4	0.482863323776	0.546215110045	4	614	0	
77	0	72	step_1_no_load	1	2	1	451	
77	0	72	step_2_no_load	3	4	0.47409116389	0.556486305476	4	527	1	
77	0	73	step_1_no_load	1	2	1	375	
77	0	73	step_2_no_load	3	4	0.435957313805	0.50185699984	4	573	0	
77	0	74	step_1_no_load	1	2	1	341	
77	0	74	step_2_no_load	3	4	0.453420386428	0.491044983779	4	589	0	
77	0	75	step_1_no_load	1	2	1	347	
77	0	75	step_2_no_load	5	6	0.615552849174	0.697629587097	-1	-1	-1	
77	0	76	step_1_no_load	1	2	1	498	
77	0	76	step_2_no_load	3	4	0.488583631821	0.518881389358	4	562	1	
77	0	77	step_1_no_load	1	2	1	396	
77	0	77	step_2_no_load	3	4	0.446809557226	0.538119616568	4	377	1	
77	0	78	step_1_no_load	1	2	1	435	
77	0	78	step_2_no_load	3	4	0.435911167612	0.538654072849	4	472	0	
77	0	79	step_1_no_load	1	2	1	300	
77	0	79	step_2_no_load	5	6	0.513695512795	0.647841624544	5	1404	0	
77	0	80	step_1_no_load	1	2	1	289	
77	0	80	step_2_no_load	3	4	0.396016175285	0.49921021142	4	581	0	
77	0	81	step_1_no_load	1	2	1	624	
77	0	81	step_2_no_load	5	6	0.529745690463	0.702400933084	5	576	0	
77	0	82	step_1_no_load	1	2	1	385	
77	0	82	step_2_no_load	3	4	0.395813831323	0.482727017837	4	527	1	
77	0	83	step_1_no_load	1	2	1	470	
77	0	83	step_2_no_load	3	4	0.382772464038	0.483255412498	4	1454	0	
77	0	84	step_1_no_load	1	2	2	452	
77	0	84	step_2_no_load	3	4	0.385087938645	0.505586222209	3	1377	0	
77	0	85	step_1_no_load	1	2	1	1233	
77	0	85	step_2_no_load	3	4	0.384458259121	0.485785534744	-1	-1	-1	
77	0	86	step_1_no_load	1	2	2	693	
77	0	86	step_2_no_load	5	6	0.691782850001	0.721207648497	5	978	1	
77	0	87	step_1_no_load	1	2	2	305	
77	0	87	step_2_no_load	5	6	0.719375344246	0.690012761069	5	497	1	
77	0	88	step_1_no_load	1	2	2	454	
77	0	88	step_2_no_load	3	4	0.377947492322	0.509563243675	4	1287	1	
77	0	89	step_1_no_load	1	2	2	482	
77	0	89	step_2_no_load	3	4	0.415882489686	0.490019385174	4	842	1	
77	0	90	step_1_no_load	1	2	2	294	
77	0	90	step_2_no_load	3	4	0.411459496853	0.530126112124	4	470	1	
77	0	91	step_1_no_load	1	2	2	438	
77	0	91	step_2_no_load	5	6	0.685023809334	0.657820521772	6	859	1	
77	0	92	step_1_no_load	1	2	2	333	
77	0	92	step_2_no_load	3	4	0.444368850664	0.484260039873	3	848	0	
77	0	93	step_1_no_load	1	2	2	405	
77	0	93	step_2_no_load	5	6	0.70415710998	0.662863370634	6	654	1	
77	0	94	step_1_no_load	1	2	2	324	
77	0	94	step_2_no_load	5	6	0.719464414227	0.668295023896	6	793	1	
77	0	95	step_1_no_load	1	2	2	322	
77	0	95	step_2_no_load	3	4	0.427150666411	0.42505578884	3	1170	1	
77	0	96	step_1_no_load	1	2	2	690	
77	0	96	step_2_no_load	5	6	0.693739812506	0.663095813561	5	654	0	
77	0	97	step_1_no_load	1	2	2	310	
77	0	97	step_2_no_load	5	6	0.681272614291	0.651202057411	6	1300	0	
77	0	98	step_1_no_load	1	2	2	349	
77	0	98	step_2_no_load	3	4	0.409778171713	0.431479829356	3	928	0	
77	0	99	step_1_no_load	1	2	1	382	
77	0	99	step_2_no_load	3	4	0.397561363605	0.375249961522	4	1027	0	
77	0	100	step_1_no_load	1	2	1	465	
77	0	100	step_2_no_load	5	6	0.666227451505	0.66579920021	5	1334	1	
77	0	101	step_1_no_load	1	2	1	326	
77	0	101	step_2_no_load	3	4	0.497432607584	0.366879421891	4	864	1	
77	0	102	step_1_no_load	1	2	1	294	
77	0	102	step_2_no_load	3	4	0.494584754513	0.326080462175	4	655	1	
77	0	103	step_1_no_load	1	2	1	935	
77	0	103	step_2_no_load	3	4	0.481975449893	0.322834495838	4	804	0	
77	0	104	step_1_no_load	1	2	2	725	
77	0	104	step_2_no_load	3	4	0.521047445908	0.303696146503	3	1254	0	
77	0	105	step_1_no_load	1	2	2	386	
77	0	105	step_2_no_load	3	4	0.514318365187	0.352639603242	4	1191	0	
77	0	106	step_1_no_load	1	2	2	350	
77	0	106	step_2_no_load	5	6	0.712883638252	0.699623252899	6	989	0	
77	0	107	step_1_no_load	1	2	2	335	
77	0	107	step_2_no_load	5	6	0.692607431435	0.677514185929	6	732	1	
77	0	108	step_1_no_load	1	2	2	375	
77	0	108	step_2_no_load	3	4	0.526955028982	0.388185708856	3	1039	1	
77	0	109	step_1_no_load	1	2	2	806	
77	0	109	step_2_no_load	5	6	0.71632547018	0.68658494263	6	872	0	
77	0	110	step_1_no_load	1	2	2	573	
77	0	110	step_2_no_load	3	4	0.432626681236	0.395544455384	3	853	1	
77	0	111	step_1_no_load	1	2	2	282	
77	0	111	step_2_no_load	5	6	0.724852671171	0.634599547742	6	795	0	
77	0	112	step_1_no_load	1	2	2	483	
77	0	112	step_2_no_load	5	6	0.725701866094	0.635252945963	6	415	1	
77	0	113	step_1_no_load	1	2	2	334	
77	0	113	step_2_no_load	3	4	0.370697120277	0.387112818105	3	798	1	
77	0	114	step_1_no_load	1	2	-1	-1	
77	0	115	step_1_no_load	1	2	2	1248	
77	0	115	step_2_no_load	3	4	0.390027643099	0.357661171116	4	1017	0	
77	0	116	step_1_no_load	1	2	2	394	
77	0	116	step_2_no_load	5	6	0.706736514943	0.680124293449	6	559	0	
77	0	117	step_1_no_load	1	2	1	541	
77	0	117	step_2_no_load	5	6	0.747012267642	0.671842537277	6	591	1	
77	0	118	step_1_no_load	1	2	1	317	
77	0	118	step_2_no_load	3	4	0.357645851833	0.362977115924	3	974	1	
77	0	119	step_1_no_load	1	2	1	388	
77	0	119	step_2_no_load	5	6	0.690424535099	0.661177321751	6	580	1	
77	0	120	step_1_no_load	1	2	1	364	
77	0	120	step_2_no_load	3	4	0.370150243662	0.333809617664	3	759	0	
77	0	121	step_1_no_load	1	2	1	286	
77	0	121	step_2_no_load	3	4	0.352721767208	0.310775244958	4	1176	1	
77	0	122	step_1_no_load	1	2	1	314	
77	0	122	step_2_no_load	5	6	0.6136886145	0.672193618854	6	975	0	
77	0	123	step_1_no_load	1	2	1	306	
77	0	123	step_2_no_load	3	4	0.337526896345	0.269780614928	4	1493	0	
77	0	124	step_1_no_load	1	2	1	373	
77	0	124	step_2_no_load	3	4	0.309430836661	0.26095206597	3	1188	0	
77	0	125	step_1_no_load	1	2	1	441	
77	0	125	step_2_no_load	5	6	0.559596800931	0.633566302563	6	877	1	
77	0	126	step_1_no_load	1	2	1	327	
77	0	126	step_2_no_load	3	4	0.300846667696	0.267206368684	3	742	1	
77	0	127	step_1_no_load	1	2	1	313	
77	0	127	step_2_no_load	5	6	0.560824094575	0.646945556251	6	597	1	
77	0	128	step_1_no_load	1	2	1	365	
77	0	128	step_2_no_load	5	6	0.636905534066	0.620672334996	6	923	1	
77	0	129	step_1_no_load	1	2	1	321	
77	0	129	step_2_no_load	3	4	0.271709703542	0.268213321963	3	741	1	
77	0	130	step_1_no_load	1	2	1	391	
77	0	130	step_2_no_load	3	4	0.274560758494	0.267460866951	3	1065	0	
77	0	131	step_1_no_load	1	2	1	491	
77	0	131	step_2_no_load	3	4	0.311475039155	0.281500842289	3	436	0	
77	0	132	step_1_no_load	1	2	1	239	
77	0	132	step_2_no_load	5	6	0.668578020634	0.660013924697	6	673	1	
77	0	133	step_1_no_load	1	2	1	547	
77	0	133	step_2_no_load	3	4	0.312642735495	0.315608831386	3	697	0	
77	0	134	step_1_no_load	1	2	1	688	
77	0	134	step_2_no_load	3	4	0.302839427162	0.287393715313	3	560	1	
77	0	135	step_1_no_load	1	2	2	879	
77	0	135	step_2_no_load	3	4	0.287118934166	0.300079459047	-1	-1	-1	
77	0	136	step_1_no_load	1	2	2	405	
77	0	136	step_2_no_load	5	6	0.597814413435	0.674914008636	6	888	0	
77	0	137	step_1_no_load	1	2	2	333	
77	0	137	step_2_no_load	5	6	0.605896884497	0.668540846495	6	665	1	
77	0	138	step_1_no_load	1	2	2	487	
77	0	138	step_2_no_load	5	6	0.63240964674	0.688182193337	6	761	0	
77	0	139	step_1_no_load	1	2	2	287	
77	0	139	step_2_no_load	5	6	0.636630981281	0.696355985729	6	656	1	
77	0	140	step_1_no_load	1	2	2	301	
77	0	140	step_2_no_load	5	6	0.671213945178	0.637682840728	6	864	0	
77	0	141	step_1_no_load	1	2	2	467	
77	0	141	step_2_no_load	5	6	0.711987889705	0.616803346728	5	537	1	
77	0	142	step_1_no_load	1	2	2	360	
77	0	142	step_2_no_load	5	6	0.690276058009	0.627356259123	5	469	1	
77	0	143	step_1_no_load	1	2	2	1215	
77	0	143	step_2_no_load	5	6	0.661365099615	0.610219102298	5	906	0	
77	0	144	step_1_no_load	1	2	2	347	
77	0	144	step_2_no_load	5	6	0.626443722248	0.639347300184	5	880	0	
77	0	145	step_1_no_load	1	2	2	291	
77	0	145	step_2_no_load	5	6	0.6669125229	0.606515632748	6	653	1	
77	0	146	step_1_no_load	1	2	2	315	
77	0	146	step_2_no_load	3	4	0.257861956214	0.320877500969	3	1114	0	
77	0	147	step_1_no_load	1	2	2	381	
77	0	147	step_2_no_load	5	6	0.647798886916	0.594861186319	6	1102	0	
77	0	148	step_1_no_load	1	2	2	353	
77	0	148	step_2_no_load	5	6	0.619272702026	0.648050021239	5	703	0	
77	0	149	step_1_no_load	1	2	2	310	
77	0	149	step_2_no_load	5	6	0.601870110183	0.623203869836	5	589	0	
77	0	150	step_1_no_load	1	2	2	353	
77	0	150	step_2_no_load	5	6	0.575985663078	0.605912419156	6	413	1	
77	0	151	step_1_no_load	1	2	2	301	
77	0	151	step_2_no_load	5	6	0.59154759351	0.614159737668	6	390	1	
77	0	152	step_1_no_load	1	2	2	344	
77	0	152	step_2_no_load	5	6	0.595108765344	0.644204174791	6	594	1	
77	0	153	step_1_no_load	1	2	2	341	
77	0	153	step_2_no_load	3	4	0.309356532263	0.343622632154	3	1087	0	
77	0	154	step_1_no_load	1	2	2	297	
77	0	154	step_2_no_load	5	6	0.638934099562	0.671672162443	6	981	1	
77	0	155	step_1_no_load	1	2	2	454	
77	0	155	step_2_no_load	3	4	0.296093457977	0.372188990474	3	473	1	
77	0	156	step_1_no_load	1	2	2	354	
77	0	156	step_2_no_load	5	6	0.631048201903	0.734436160799	6	794	1	
77	0	157	step_1_no_load	1	2	2	343	
77	0	157	step_2_no_load	3	4	0.350909357271	0.324728201487	3	475	0	
77	0	158	step_1_no_load	1	2	2	403	
77	0	158	step_2_no_load	5	6	0.532722108502	0.694270715354	6	1138	0	
77	0	159	step_1_no_load	1	2	2	276	
77	0	159	step_2_no_load	5	6	0.541222065796	0.697903160072	5	1125	1	
77	0	160	step_1_no_load	1	2	2	271	
77	0	160	step_2_no_load	5	6	0.521229931064	0.710728171711	6	865	1	
77	0	161	step_1_no_load	1	2	2	277	
77	0	161	step_2_no_load	5	6	0.516036498158	0.719896286569	6	548	1	
77	0	162	step_1_no_load	1	2	2	617	
77	0	162	step_2_no_load	5	6	0.566496468084	0.695144769903	6	1044	1	
77	0	163	step_1_no_load	1	2	2	294	
77	0	163	step_2_no_load	5	6	0.5863391277	0.697095951435	6	989	1	
77	0	164	step_1_no_load	1	2	2	254	
77	0	164	step_2_no_load	5	6	0.585961845322	0.692137394606	5	910	1	
77	0	165	step_1_no_load	1	2	2	258	
77	0	165	step_2_no_load	5	6	0.538026607649	0.717506143195	5	982	0	
77	0	166	step_1_no_load	1	2	2	265	
77	0	166	step_2_no_load	5	6	0.549095060025	0.686594248975	6	1016	1	
77	0	167	step_1_no_load	1	2	2	318	
77	0	167	step_2_no_load	3	4	0.38753671275	0.331115714939	3	773	1	
77	0	168	step_1_no_load	1	2	2	366	
77	0	168	step_2_no_load	5	6	0.613361520676	0.67192508984	6	897	1	
77	0	169	step_1_no_load	1	2	2	343	
77	0	169	step_2_no_load	3	4	0.42098542374	0.365156560071	3	793	1	
77	0	170	step_1_no_load	1	2	2	250	
77	0	170	step_2_no_load	3	4	0.411067820436	0.364989630435	3	954	0	
77	0	171	step_1_no_load	1	2	2	269	
77	0	171	step_2_no_load	5	6	0.553314431843	0.727248140829	6	1041	1	
77	0	172	step_1_no_load	1	2	2	276	
77	0	172	step_2_no_load	3	4	0.363617002148	0.490120307546	3	856	1	
77	0	173	step_1_no_load	1	2	2	286	
77	0	173	step_2_no_load	5	6	0.484428109849	0.667027212577	6	758	1	
77	0	174	step_1_no_load	1	2	2	670	
77	0	174	step_2_no_load	5	6	0.472729524832	0.729877433725	6	1225	0	
77	0	175	step_1_no_load	1	2	2	326	
77	0	175	step_2_no_load	5	6	0.52644949356	0.693968268443	5	634	1	
77	0	176	step_1_no_load	1	2	2	420	
77	0	176	step_2_no_load	5	6	0.474046874473	0.679250000396	5	728	0	
77	0	177	step_1_no_load	1	2	2	296	
77	0	177	step_2_no_load	5	6	0.501268576771	0.714070205704	6	459	1	
77	0	178	step_1_no_load	1	2	2	471	
77	0	178	step_2_no_load	5	6	0.493712351915	0.705993797498	6	821	1	
77	0	179	step_1_no_load	1	2	2	445	
77	0	179	step_2_no_load	5	6	0.457298770028	0.709345707515	6	620	1	
77	0	180	step_1_no_load	1	2	2	460	
77	0	180	step_2_no_load	3	4	0.341214611607	0.489345734128	3	855	0	
77	0	181	step_1_no_load	1	2	2	253	
77	0	181	step_2_no_load	5	6	0.508735114046	0.746910336326	6	742	1	
77	0	182	step_1_no_load	1	2	2	266	
77	0	182	step_2_no_load	3	4	0.340533666308	0.49907747228	3	693	0	
77	0	183	step_1_no_load	1	2	2	504	
77	0	183	step_2_no_load	5	6	0.502991759047	0.720388040749	6	624	0	
77	0	184	step_1_no_load	1	2	2	323	
77	0	184	step_2_no_load	5	6	0.460890977786	0.657291439324	5	1141	1	
77	0	185	step_1_no_load	1	2	2	320	
77	0	185	step_2_no_load	5	6	0.479703516092	0.665622647081	6	571	0	
77	0	186	step_1_no_load	1	2	2	238	
77	0	186	step_2_no_load	3	4	0.332733011923	0.484672582719	4	959	0	
77	0	187	step_1_no_load	1	2	2	447	
77	0	187	step_2_no_load	5	6	0.443962917772	0.678211978625	5	1106	0	
77	0	188	step_1_no_load	1	2	2	273	
77	0	188	step_2_no_load	5	6	0.471319680586	0.696362660087	5	527	1	
77	0	189	step_1_no_load	1	2	2	302	
77	0	189	step_2_no_load	5	6	0.448897869069	0.688353284054	5	420	1	
77	0	190	step_1_no_load	1	2	2	263	
77	0	190	step_2_no_load	3	4	0.304557739386	0.505820429042	4	925	1	
77	0	191	step_1_no_load	1	2	2	296	
77	0	191	step_2_no_load	5	6	0.435748387321	0.664271461991	6	1164	0	
77	0	192	step_1_no_load	1	2	2	276	
77	0	192	step_2_no_load	5	6	0.450791310283	0.705517419189	6	483	1	
77	0	193	step_1_no_load	1	2	2	597	
77	0	193	step_2_no_load	5	6	0.440813209638	0.679792491164	5	625	1	
77	0	194	step_1_no_load	1	2	2	263	
77	0	194	step_2_no_load	5	6	0.433250459893	0.655261361454	5	817	0	
77	0	195	step_1_no_load	1	2	2	347	
77	0	195	step_2_no_load	5	6	0.466795336969	0.646280688878	6	523	1	
77	0	196	step_1_no_load	1	2	2	266	
77	0	196	step_2_no_load	3	4	0.365373286058	0.496717662777	3	1062	1	
77	0	197	step_1_no_load	1	2	2	332	
77	0	197	step_2_no_load	5	6	0.422511153127	0.686552522522	6	840	1	
77	0	198	step_1_no_load	1	2	2	486	
77	0	198	step_2_no_load	3	4	0.303352625941	0.485065498391	3	796	1	
77	0	199	step_1_no_load	1	2	2	330	
77	0	199	step_2_no_load	3	4	0.292861528884	0.529438031858	3	678	0	
77	0	200	step_1_no_load	1	2	2	273	
77	0	200	step_2_no_load	5	6	0.372436949782	0.728996708473	6	880	1	

Tue Feb 28 15:33:15 2017
