Wed Mar  1 13:56:35 2017	
78	0	1	step_1_no_load	1	2	1	634	
78	0	1	step_2_no_load	3	4	0.598297890399	0.457620150462	3	684	1	
78	0	2	step_1_no_load	1	2	1	302	
78	0	2	step_2_no_load	5	6	0.533203491871	0.610961032466	5	313	1	
78	0	3	step_1_no_load	1	2	1	760	
78	0	3	step_2_no_load	5	6	0.516002945397	0.589215227351	5	1045	1	
78	0	4	step_1_no_load	1	2	1	362	
78	0	4	step_2_no_load	5	6	0.494597764192	0.564086293706	5	681	1	
78	0	5	step_1_no_load	1	2	1	499	
78	0	5	step_2_no_load	5	6	0.543908521457	0.576104915614	5	544	1	
78	0	6	step_1_no_load	1	2	1	482	
78	0	6	step_2_no_load	3	4	0.585722686883	0.506877622204	3	442	1	
78	0	7	step_1_no_load	1	2	1	377	
78	0	7	step_2_no_load	3	4	0.568656746487	0.500071913476	-1	-1	-1	
78	0	8	step_1_no_load	1	2	1	398	
78	0	8	step_2_no_load	3	4	0.59128639594	0.489816616396	3	584	0	
78	0	9	step_1_no_load	1	2	1	404	
78	0	9	step_2_no_load	5	6	0.54429228266	0.641106877158	5	512	1	
78	0	10	step_1_no_load	1	2	1	311	
78	0	10	step_2_no_load	3	4	0.652626043146	0.482364178155	3	911	1	
78	0	11	step_1_no_load	1	2	1	356	
78	0	11	step_2_no_load	3	4	0.69163818036	0.477013315682	3	671	1	
78	0	12	step_1_no_load	1	2	1	287	
78	0	12	step_2_no_load	5	6	0.597131918027	0.552770607849	5	503	0	
78	0	13	step_1_no_load	1	2	1	315	
78	0	13	step_2_no_load	3	4	0.653587098421	0.52012981853	3	638	1	
78	0	14	step_1_no_load	1	2	1	324	
78	0	14	step_2_no_load	5	6	0.611256675753	0.545555696267	5	1211	1	
78	0	15	step_1_no_load	1	2	1	433	
78	0	15	step_2_no_load	3	4	0.612260006668	0.505377237737	3	373	0	
78	0	16	step_1_no_load	1	2	1	262	
78	0	16	step_2_no_load	5	6	0.626326396372	0.553308964466	5	605	0	
78	0	17	step_1_no_load	1	2	1	285	
78	0	17	step_2_no_load	3	4	0.633350170016	0.535958400205	4	677	0	
78	0	18	step_1_no_load	1	2	1	345	
78	0	18	step_2_no_load	3	4	0.626834332012	0.517514133912	3	622	1	
78	0	19	step_1_no_load	1	2	1	383	
78	0	19	step_2_no_load	5	6	0.644773170243	0.536502319591	6	509	0	
78	0	20	step_1_no_load	1	2	1	319	
78	0	20	step_2_no_load	3	4	0.636521555122	0.478025448397	3	681	0	
78	0	21	step_1_no_load	1	2	1	289	
78	0	21	step_2_no_load	5	6	0.611328949295	0.470207377245	6	1306	0	
78	0	22	step_1_no_load	1	2	1	340	
78	0	22	step_2_no_load	3	4	0.621949894727	0.506100011497	3	903	1	
78	0	23	step_1_no_load	1	2	1	382	
78	0	23	step_2_no_load	5	6	0.604065470975	0.513759772011	5	487	0	
78	0	24	step_1_no_load	1	2	2	674	
78	0	24	step_2_no_load	3	4	0.582115115688	0.505388876622	3	547	1	
78	0	25	step_1_no_load	1	2	2	319	
78	0	25	step_2_no_load	5	6	0.629917901014	0.503605105412	6	868	0	
78	0	26	step_1_no_load	1	2	2	237	
78	0	26	step_2_no_load	5	6	0.640635035276	0.532884212818	5	640	1	
78	0	27	step_1_no_load	1	2	2	981	
78	0	27	step_2_no_load	3	4	0.57860777711	0.507272671939	3	638	1	
78	0	28	step_1_no_load	1	2	2	326	
78	0	28	step_2_no_load	5	6	0.647441527317	0.553259388875	5	754	1	
78	0	29	step_1_no_load	1	2	2	605	
78	0	29	step_2_no_load	5	6	0.618626354124	0.561957580386	5	386	0	
78	0	30	step_1_no_load	1	2	1	275	
78	0	30	step_2_no_load	5	6	0.610227092493	0.574272497114	5	1050	1	
78	0	31	step_1_no_load	1	2	1	338	
78	0	31	step_2_no_load	3	4	0.636602545794	0.483156722265	3	365	1	
78	0	32	step_1_no_load	1	2	1	403	
78	0	32	step_2_no_load	3	4	0.634585171267	0.520318771114	3	392	1	
78	0	33	step_1_no_load	1	2	1	312	
78	0	33	step_2_no_load	3	4	0.611700032906	0.487664344039	3	357	1	
78	0	34	step_1_no_load	1	2	1	366	
78	0	34	step_2_no_load	3	4	0.575802910074	0.454565258478	3	318	0	
78	0	35	step_1_no_load	1	2	2	297	
78	0	35	step_2_no_load	3	4	0.566827313385	0.491437207585	4	1046	0	
78	0	36	step_1_no_load	1	2	2	243	
78	0	36	step_2_no_load	5	6	0.661229326326	0.611274573488	5	419	0	
78	0	37	step_1_no_load	1	2	2	266	
78	0	37	step_2_no_load	5	6	0.660658056664	0.598446394142	5	331	1	
78	0	38	step_1_no_load	1	2	2	331	
78	0	38	step_2_no_load	5	6	0.651263699161	0.595113730206	5	380	1	
78	0	39	step_1_no_load	1	2	2	401	
78	0	39	step_2_no_load	5	6	0.634483337633	0.610601635554	5	415	1	
78	0	40	step_1_no_load	1	2	2	327	
78	0	40	step_2_no_load	5	6	0.636994900683	0.607992802154	5	517	0	
78	0	41	step_1_no_load	1	2	2	485	
78	0	41	step_2_no_load	3	4	0.524862294848	0.583829055298	3	921	1	
78	0	42	step_1_no_load	1	2	1	453	
78	0	42	step_2_no_load	5	6	0.606696263624	0.609164606591	5	1237	1	
78	0	43	step_1_no_load	1	2	1	354	
78	0	43	step_2_no_load	5	6	0.581931546759	0.612705031264	5	675	0	
78	0	44	step_1_no_load	1	2	1	265	
78	0	44	step_2_no_load	5	6	0.589653131867	0.611481438855	6	1118	0	
78	0	45	step_1_no_load	1	2	1	304	
78	0	45	step_2_no_load	3	4	0.579346234508	0.5288039409	3	445	1	
78	0	46	step_1_no_load	1	2	1	321	
78	0	46	step_2_no_load	3	4	0.55511883717	0.532238720495	3	404	0	
78	0	47	step_1_no_load	1	2	1	525	
78	0	47	step_2_no_load	3	4	0.546259467838	0.493112702321	3	427	1	
78	0	48	step_1_no_load	1	2	1	377	
78	0	48	step_2_no_load	3	4	0.534690828011	0.488280685105	3	365	0	
78	0	49	step_1_no_load	1	2	1	451	
78	0	49	step_2_no_load	3	4	0.512405963374	0.489287375157	3	420	1	
78	0	50	step_1_no_load	1	2	1	410	
78	0	50	step_2_no_load	5	6	0.593458480934	0.606862017918	5	732	0	
78	0	51	step_1_no_load	1	2	2	322	
78	0	51	step_2_no_load	5	6	0.613357430892	0.564866799699	5	372	0	
78	0	52	step_1_no_load	1	2	2	337	
78	0	52	step_2_no_load	5	6	0.613408921915	0.539065404057	5	387	0	
78	0	53	step_1_no_load	1	2	2	263	
78	0	53	step_2_no_load	5	6	0.630956764252	0.551457882502	6	396	1	
78	0	54	step_1_no_load	1	2	2	460	
78	0	54	step_2_no_load	5	6	0.652515308527	0.570223904064	6	373	0	
78	0	55	step_1_no_load	1	2	2	337	
78	0	55	step_2_no_load	5	6	0.639840796975	0.574045915747	6	322	0	
78	0	56	step_1_no_load	1	2	1	0	
78	0	56	step_2_no_load	3	4	0.538512915562	0.459773408493	3	354	1	
78	0	57	step_1_no_load	1	2	1	307	
78	0	57	step_2_no_load	3	4	0.516475618243	0.466449077359	3	379	1	
78	0	58	step_1_no_load	1	2	1	315	
78	0	58	step_2_no_load	3	4	0.528376440027	0.478335218822	3	377	1	
78	0	59	step_1_no_load	1	2	1	366	
78	0	59	step_2_no_load	3	4	0.537400760025	0.480274332693	3	349	0	
78	0	60	step_1_no_load	1	2	1	491	
78	0	60	step_2_no_load	3	4	0.479287247283	0.491916707098	3	408	1	
78	0	61	step_1_no_load	1	2	1	321	
78	0	61	step_2_no_load	5	6	0.602879526975	0.669587072502	5	286	1	
78	0	62	step_1_no_load	1	2	1	445	
78	0	62	step_2_no_load	3	4	0.533031417444	0.50724109756	3	343	1	
78	0	63	step_1_no_load	1	2	1	328	
78	0	63	step_2_no_load	5	6	0.642623127313	0.664284493458	5	252	1	
78	0	64	step_1_no_load	1	2	1	249	
78	0	64	step_2_no_load	3	4	0.533849886794	0.555062911513	3	505	0	
78	0	65	step_1_no_load	1	2	1	278	
78	0	65	step_2_no_load	5	6	0.619953360065	0.612660225018	6	396	0	
78	0	66	step_1_no_load	1	2	1	228	
78	0	66	step_2_no_load	5	6	0.630357351236	0.606938648072	5	715	0	
78	0	67	step_1_no_load	1	2	1	298	
78	0	67	step_2_no_load	3	4	0.538279387614	0.542076810516	3	311	1	
78	0	68	step_1_no_load	1	2	1	431	
78	0	68	step_2_no_load	3	4	0.523301545299	0.509127161919	3	334	1	
78	0	69	step_1_no_load	1	2	1	260	
78	0	69	step_2_no_load	3	4	0.560462111264	0.499137600991	3	381	1	
78	0	70	step_1_no_load	1	2	1	335	
78	0	70	step_2_no_load	3	4	0.548075770764	0.498834901463	3	394	1	
78	0	71	step_1_no_load	1	2	1	365	
78	0	71	step_2_no_load	3	4	0.546215110045	0.482863323776	3	286	1	
78	0	72	step_1_no_load	1	2	1	346	
78	0	72	step_2_no_load	5	6	0.705884789502	0.626024641967	5	241	1	
78	0	73	step_1_no_load	1	2	1	567	
78	0	73	step_2_no_load	5	6	0.727961155836	0.657126403029	5	270	0	
78	0	74	step_1_no_load	1	2	1	1231	
78	0	74	step_2_no_load	3	4	0.491044983779	0.453420386428	3	579	1	
78	0	75	step_1_no_load	1	2	1	382	
78	0	75	step_2_no_load	3	4	0.483983914712	0.44832280175	3	335	0	
78	0	76	step_1_no_load	1	2	1	342	
78	0	76	step_2_no_load	5	6	0.690117652944	0.62770291155	6	988	0	
78	0	77	step_1_no_load	1	2	1	334	
78	0	77	step_2_no_load	5	6	0.679737625371	0.564257587118	6	1023	0	
78	0	78	step_1_no_load	1	2	1	391	
78	0	78	step_2_no_load	3	4	0.538654072849	0.435911167612	3	433	1	
78	0	79	step_1_no_load	1	2	1	357	
78	0	79	step_2_no_load	3	4	0.540085062695	0.389124152368	3	340	0	
78	0	80	step_1_no_load	1	2	1	392	
78	0	80	step_2_no_load	3	4	0.49921021142	0.396016175285	3	657	0	
78	0	81	step_1_no_load	1	2	2	630	
78	0	81	step_2_no_load	5	6	0.702400933084	0.529745690463	5	500	1	
78	0	82	step_1_no_load	1	2	2	307	
78	0	82	step_2_no_load	5	6	0.688340116885	0.564729328387	5	319	1	
78	0	83	step_1_no_load	1	2	2	353	
78	0	83	step_2_no_load	5	6	0.726885136842	0.607907985871	5	318	1	
78	0	84	step_1_no_load	1	2	2	345	
78	0	84	step_2_no_load	5	6	0.731466635793	0.65843840156	5	422	1	
78	0	85	step_1_no_load	1	2	2	361	
78	0	85	step_2_no_load	5	6	0.712989604416	0.692384972752	5	256	1	
78	0	86	step_1_no_load	1	2	2	343	
78	0	86	step_2_no_load	5	6	0.721207648497	0.691782850001	5	316	0	
78	0	87	step_1_no_load	1	2	2	295	
78	0	87	step_2_no_load	5	6	0.690012761069	0.719375344246	5	254	1	
78	0	88	step_1_no_load	1	2	2	309	
78	0	88	step_2_no_load	5	6	0.696773608304	0.717410082358	5	555	1	
78	0	89	step_1_no_load	1	2	2	380	
78	0	89	step_2_no_load	5	6	0.660112261017	0.690772436485	5	305	1	
78	0	90	step_1_no_load	1	2	2	310	
78	0	90	step_2_no_load	5	6	0.688736868033	0.712247848046	5	321	1	
78	0	91	step_1_no_load	1	2	2	388	
78	0	91	step_2_no_load	5	6	0.657820521772	0.685023809334	5	484	0	
78	0	92	step_1_no_load	1	2	2	246	
78	0	92	step_2_no_load	5	6	0.679381608313	0.692406274724	5	275	1	
78	0	93	step_1_no_load	1	2	2	328	
78	0	93	step_2_no_load	3	4	0.473273727684	0.439878153082	3	226	0	
78	0	94	step_1_no_load	1	2	2	364	
78	0	94	step_2_no_load	5	6	0.668295023896	0.719464414227	5	296	1	
78	0	95	step_1_no_load	1	2	2	324	
78	0	95	step_2_no_load	3	4	0.42505578884	0.427150666411	3	286	0	
78	0	96	step_1_no_load	1	2	2	231	
78	0	96	step_2_no_load	3	4	0.437558890646	0.383038640121	3	253	1	
78	0	97	step_1_no_load	1	2	2	300	
78	0	97	step_2_no_load	3	4	0.455601814112	0.392885664353	4	729	0	
78	0	98	step_1_no_load	1	2	1	236	
78	0	98	step_2_no_load	3	4	0.431479829356	0.409778171713	3	782	1	
78	0	99	step_1_no_load	1	2	2	315	
78	0	99	step_2_no_load	3	4	0.375249961522	0.397561363605	3	1180	1	
78	0	100	step_1_no_load	1	2	2	448	
78	0	100	step_2_no_load	3	4	0.363162156005	0.4333505304	3	485	1	
78	0	101	step_1_no_load	1	2	2	991	
78	0	101	step_2_no_load	5	6	0.655903528958	0.623812401974	5	744	1	
78	0	102	step_1_no_load	1	2	2	478	
78	0	102	step_2_no_load	5	6	0.663124617603	0.666304534392	5	332	0	
78	0	103	step_1_no_load	1	2	2	283	
78	0	103	step_2_no_load	3	4	0.322834495838	0.481975449893	3	895	0	
78	0	104	step_1_no_load	1	2	2	246	
78	0	104	step_2_no_load	5	6	0.743372642809	0.703870701136	5	328	1	
78	0	105	step_1_no_load	1	2	2	495	
78	0	105	step_2_no_load	5	6	0.722851301692	0.689135357059	5	450	1	
78	0	106	step_1_no_load	1	2	2	330	
78	0	106	step_2_no_load	5	6	0.699623252899	0.712883638252	5	358	1	
78	0	107	step_1_no_load	1	2	2	338	
78	0	107	step_2_no_load	3	4	0.388257337796	0.565220528809	3	325	0	
78	0	108	step_1_no_load	1	2	2	290	
78	0	108	step_2_no_load	5	6	0.681491063126	0.695928523711	5	565	1	
78	0	109	step_1_no_load	1	2	2	375	
78	0	109	step_2_no_load	5	6	0.68658494263	0.71632547018	5	431	0	
78	0	110	step_1_no_load	1	2	2	243	
78	0	110	step_2_no_load	5	6	0.65455226558	0.729599891941	5	407	0	
78	0	111	step_1_no_load	1	2	1	777	
78	0	111	step_2_no_load	5	6	0.634599547742	0.724852671171	6	892	1	
78	0	112	step_1_no_load	1	2	2	745	
78	0	112	step_2_no_load	5	6	0.635252945963	0.725701866094	6	571	1	
78	0	113	step_1_no_load	1	2	2	537	
78	0	113	step_2_no_load	5	6	0.634627459817	0.719324307956	6	519	0	
78	0	114	step_1_no_load	1	2	2	523	
78	0	114	step_2_no_load	3	4	0.384736699284	0.380324086676	4	291	0	
78	0	115	step_1_no_load	1	2	2	389	
78	0	115	step_2_no_load	5	6	0.645721217949	0.739704344621	6	356	1	
78	0	116	step_1_no_load	1	2	2	448	
78	0	116	step_2_no_load	5	6	0.680124293449	0.706736514943	6	423	0	
78	0	117	step_1_no_load	1	2	2	300	
78	0	117	step_2_no_load	5	6	0.671842537277	0.747012267642	6	558	1	
78	0	118	step_1_no_load	1	2	2	355	
78	0	118	step_2_no_load	3	4	0.362977115924	0.357645851833	3	656	0	
78	0	119	step_1_no_load	1	2	2	280	
78	0	119	step_2_no_load	5	6	0.661177321751	0.690424535099	6	336	1	
78	0	120	step_1_no_load	1	2	2	317	
78	0	120	step_2_no_load	5	6	0.666433355915	0.70587238626	6	446	1	
78	0	121	step_1_no_load	1	2	2	379	
78	0	121	step_2_no_load	3	4	0.310775244958	0.352721767208	4	1333	0	
78	0	122	step_1_no_load	1	2	2	281	
78	0	122	step_2_no_load	3	4	0.266650857402	0.329624572119	4	413	0	
78	0	123	step_1_no_load	1	2	2	400	
78	0	123	step_2_no_load	5	6	0.664849878232	0.583607229978	6	728	0	
78	0	124	step_1_no_load	1	2	2	284	
78	0	124	step_2_no_load	3	4	0.26095206597	0.309430836661	3	668	1	
78	0	125	step_1_no_load	1	2	1	515	
78	0	125	step_2_no_load	5	6	0.633566302563	0.559596800931	6	795	1	
78	0	126	step_1_no_load	1	2	1	510	
78	0	126	step_2_no_load	3	4	0.267206368684	0.300846667696	3	423	0	
78	0	127	step_1_no_load	1	2	2	248	
78	0	127	step_2_no_load	5	6	0.646945556251	0.560824094575	6	384	1	
78	0	128	step_1_no_load	1	2	2	395	
78	0	128	step_2_no_load	3	4	0.260252451606	0.250790232267	3	872	0	
78	0	129	step_1_no_load	1	2	2	235	
78	0	129	step_2_no_load	3	4	0.268213321963	0.271709703542	4	729	0	
78	0	130	step_1_no_load	1	2	2	414	
78	0	130	step_2_no_load	3	4	0.267460866951	0.274560758494	3	1081	0	
78	0	131	step_1_no_load	1	2	2	339	
78	0	131	step_2_no_load	5	6	0.638450601212	0.678044920845	6	411	1	
78	0	132	step_1_no_load	1	2	2	356	
78	0	132	step_2_no_load	5	6	0.660013924697	0.668578020634	6	497	1	
78	0	133	step_1_no_load	1	2	2	427	
78	0	133	step_2_no_load	5	6	0.691649444281	0.617383991623	6	409	1	
78	0	134	step_1_no_load	1	2	2	583	
78	0	134	step_2_no_load	5	6	0.685529359147	0.621945110858	6	516	0	
78	0	135	step_1_no_load	1	2	1	780	
78	0	135	step_2_no_load	3	4	0.300079459047	0.287118934166	3	483	0	
78	0	136	step_1_no_load	1	2	2	668	
78	0	136	step_2_no_load	5	6	0.674914008636	0.597814413435	5	591	1	
78	0	137	step_1_no_load	1	2	2	370	
78	0	137	step_2_no_load	5	6	0.668540846495	0.605896884497	5	368	1	
78	0	138	step_1_no_load	1	2	2	339	
78	0	138	step_2_no_load	5	6	0.688182193337	0.63240964674	5	293	1	
78	0	139	step_1_no_load	1	2	2	321	
78	0	139	step_2_no_load	5	6	0.696355985729	0.636630981281	5	467	0	
78	0	140	step_1_no_load	1	2	2	329	
78	0	140	step_2_no_load	3	4	0.348740542008	0.328174526491	4	788	0	
78	0	141	step_1_no_load	1	2	2	284	
78	0	141	step_2_no_load	5	6	0.616803346728	0.711987889705	5	341	0	
78	0	142	step_1_no_load	1	2	1	278	
78	0	142	step_2_no_load	5	6	0.627356259123	0.690276058009	6	768	1	
78	0	143	step_1_no_load	1	2	2	433	
78	0	143	step_2_no_load	5	6	0.610219102298	0.661365099615	6	436	1	
78	0	144	step_1_no_load	1	2	2	379	
78	0	144	step_2_no_load	5	6	0.639347300184	0.626443722248	6	300	1	
78	0	145	step_1_no_load	1	2	2	357	
78	0	145	step_2_no_load	5	6	0.606515632748	0.6669125229	6	447	0	
78	0	146	step_1_no_load	1	2	2	306	
78	0	146	step_2_no_load	5	6	0.593778463268	0.681611991725	6	405	1	
78	0	147	step_1_no_load	1	2	2	381	
78	0	147	step_2_no_load	5	6	0.594861186319	0.647798886916	6	532	1	
78	0	148	step_1_no_load	1	2	2	327	
78	0	148	step_2_no_load	5	6	0.648050021239	0.619272702026	6	588	1	
78	0	149	step_1_no_load	1	2	2	453	
78	0	149	step_2_no_load	5	6	0.623203869836	0.601870110183	6	319	1	
78	0	150	step_1_no_load	1	2	2	294	
78	0	150	step_2_no_load	3	4	0.306860041627	0.305587692243	3	669	0	
78	0	151	step_1_no_load	1	2	2	287	
78	0	151	step_2_no_load	5	6	0.614159737668	0.59154759351	6	262	0	
78	0	152	step_1_no_load	1	2	1	377	
78	0	152	step_2_no_load	3	4	0.323194010514	0.307702500543	3	305	0	
78	0	153	step_1_no_load	1	2	2	263	
78	0	153	step_2_no_load	5	6	0.681559292085	0.613336203392	6	291	1	
78	0	154	step_1_no_load	1	2	2	310	
78	0	154	step_2_no_load	5	6	0.671672162443	0.638934099562	6	271	1	
78	0	155	step_1_no_load	1	2	2	343	
78	0	155	step_2_no_load	5	6	0.716100930629	0.632486591889	6	361	0	
78	0	156	step_1_no_load	1	2	2	239	
78	0	156	step_2_no_load	5	6	0.734436160799	0.631048201903	6	375	0	
78	0	157	step_1_no_load	1	2	1	252	
78	0	157	step_2_no_load	3	4	0.324728201487	0.350909357271	3	429	0	
78	0	158	step_1_no_load	1	2	2	274	
78	0	158	step_2_no_load	5	6	0.694270715354	0.532722108502	5	354	1	
78	0	159	step_1_no_load	1	2	2	396	
78	0	159	step_2_no_load	5	6	0.697903160072	0.541222065796	5	266	1	
78	0	160	step_1_no_load	1	2	2	353	
78	0	160	step_2_no_load	5	6	0.710728171711	0.521229931064	5	374	1	
78	0	161	step_1_no_load	1	2	2	431	
78	0	161	step_2_no_load	5	6	0.719896286569	0.516036498158	5	431	1	
78	0	162	step_1_no_load	1	2	2	356	
78	0	162	step_2_no_load	5	6	0.695144769903	0.566496468084	5	395	0	
78	0	163	step_1_no_load	1	2	2	358	
78	0	163	step_2_no_load	3	4	0.430920885959	0.395221309311	3	444	1	
78	0	164	step_1_no_load	1	2	2	314	
78	0	164	step_2_no_load	5	6	0.692137394606	0.585961845322	5	401	1	
78	0	165	step_1_no_load	1	2	2	344	
78	0	165	step_2_no_load	5	6	0.717506143195	0.538026607649	5	357	1	
78	0	166	step_1_no_load	1	2	2	355	
78	0	166	step_2_no_load	5	6	0.686594248975	0.549095060025	5	297	0	
78	0	167	step_1_no_load	1	2	2	344	
78	0	167	step_2_no_load	3	4	0.331115714939	0.38753671275	3	681	1	
78	0	168	step_1_no_load	1	2	2	346	
78	0	168	step_2_no_load	5	6	0.67192508984	0.613361520676	5	303	1	
78	0	169	step_1_no_load	1	2	2	327	
78	0	169	step_2_no_load	5	6	0.704981910944	0.586049140041	5	335	1	
78	0	170	step_1_no_load	1	2	2	326	
78	0	170	step_2_no_load	5	6	0.67334314737	0.57151385403	5	347	1	
78	0	171	step_1_no_load	1	2	2	309	
78	0	171	step_2_no_load	5	6	0.727248140829	0.553314431843	5	284	0	
78	0	172	step_1_no_load	1	2	1	265	
78	0	172	step_2_no_load	3	4	0.490120307546	0.363617002148	3	295	0	
78	0	173	step_1_no_load	1	2	2	274	
78	0	173	step_2_no_load	3	4	0.462866379815	0.385349297983	3	276	0	
78	0	174	step_1_no_load	1	2	2	321	
78	0	174	step_2_no_load	5	6	0.729877433725	0.472729524832	5	354	1	
78	0	175	step_1_no_load	1	2	2	327	
78	0	175	step_2_no_load	5	6	0.693968268443	0.52644949356	5	317	0	
78	0	176	step_1_no_load	1	2	2	285	
78	0	176	step_2_no_load	3	4	0.500856457218	0.383231572002	3	293	1	
78	0	177	step_1_no_load	1	2	1	351	
78	0	177	step_2_no_load	5	6	0.714070205704	0.501268576771	5	1077	1	
78	0	178	step_1_no_load	1	2	2	380	
78	0	178	step_2_no_load	5	6	0.705993797498	0.493712351915	5	380	1	
78	0	179	step_1_no_load	1	2	2	402	
78	0	179	step_2_no_load	3	4	0.493565996034	0.324685418097	3	300	1	
78	0	180	step_1_no_load	1	2	2	399	
78	0	180	step_2_no_load	5	6	0.719795072986	0.482853857291	5	410	1	
78	0	181	step_1_no_load	1	2	2	356	
78	0	181	step_2_no_load	3	4	0.480141179559	0.342402764747	4	741	0	
78	0	182	step_1_no_load	1	2	2	271	
78	0	182	step_2_no_load	5	6	0.72717560423	0.506773281362	5	412	0	
78	0	183	step_1_no_load	1	2	1	351	
78	0	183	step_2_no_load	3	4	0.492742497507	0.350175837802	3	389	1	
78	0	184	step_1_no_load	1	2	1	360	
78	0	184	step_2_no_load	5	6	0.657291439324	0.460890977786	5	350	1	
78	0	185	step_1_no_load	1	2	1	336	
78	0	185	step_2_no_load	3	4	0.482228039858	0.362611152222	3	355	1	
78	0	186	step_1_no_load	1	2	1	485	
78	0	186	step_2_no_load	3	4	0.484672582719	0.332733011923	3	304	1	
78	0	187	step_1_no_load	1	2	1	398	
78	0	187	step_2_no_load	3	4	0.498596507669	0.328890769988	3	348	0	
78	0	188	step_1_no_load	1	2	1	310	
78	0	188	step_2_no_load	5	6	0.696362660087	0.471319680586	5	425	1	
78	0	189	step_1_no_load	1	2	1	310	
78	0	189	step_2_no_load	3	4	0.534753756004	0.285168135955	3	298	0	
78	0	190	step_1_no_load	1	2	2	658	
78	0	190	step_2_no_load	3	4	0.505820429042	0.304557739386	3	365	1	
78	0	191	step_1_no_load	1	2	2	384	
78	0	191	step_2_no_load	5	6	0.664271461991	0.435748387321	5	333	1	
78	0	192	step_1_no_load	1	2	2	410	
78	0	192	step_2_no_load	5	6	0.705517419189	0.450791310283	5	297	0	
78	0	193	step_1_no_load	1	2	1	225	
78	0	193	step_2_no_load	3	4	0.504944704439	0.321008037746	3	319	1	
78	0	194	step_1_no_load	1	2	1	353	
78	0	194	step_2_no_load	3	4	0.505359594715	0.342437174514	3	264	0	
78	0	195	step_1_no_load	1	2	1	301	
78	0	195	step_2_no_load	3	4	0.494102184238	0.348571348505	3	285	1	
78	0	196	step_1_no_load	1	2	1	335	
78	0	196	step_2_no_load	3	4	0.496717662777	0.365373286058	3	316	1	
78	0	197	step_1_no_load	1	2	1	338	
78	0	197	step_2_no_load	3	4	0.47786945426	0.316987700969	3	285	0	
78	0	198	step_1_no_load	1	2	1	291	
78	0	198	step_2_no_load	3	4	0.485065498391	0.303352625941	3	265	0	
78	0	199	step_1_no_load	1	2	1	439	
78	0	199	step_2_no_load	5	6	0.73697129762	0.39793773834	6	1029	0	
78	0	200	step_1_no_load	1	2	1	416	
78	0	200	step_2_no_load	3	4	0.507902534353	0.299128796668	3	238	0	

Wed Mar  1 14:14:26 2017
