Wed Mar  1 15:57:14 2017	
79	0	1	step_1_no_load	1	2	-1	-1	
79	0	2	step_1_no_load	1	2	1	284	
79	0	2	step_2_no_load	3	4	0.474613197709	0.580156942153	3	411	1	
79	0	3	step_1_no_load	1	2	1	347	
79	0	3	step_2_no_load	3	4	0.476767372206	0.584197065669	3	353	0	
79	0	4	step_1_no_load	1	2	1	553	
79	0	4	step_2_no_load	3	4	0.478607661228	0.597491569846	4	339	1	
79	0	5	step_1_no_load	1	2	1	360	
79	0	5	step_2_no_load	3	4	0.495568760483	0.623810210114	4	262	1	
79	0	6	step_1_no_load	1	2	1	288	
79	0	6	step_2_no_load	3	4	0.506877622204	0.585722686883	4	465	1	
79	0	7	step_1_no_load	1	2	1	250	
79	0	7	step_2_no_load	3	4	0.500071913476	0.568656746487	4	637	0	
79	0	8	step_1_no_load	1	2	1	518	
79	0	8	step_2_no_load	3	4	0.489816616396	0.59128639594	4	244	1	
79	0	9	step_1_no_load	1	2	1	259	
79	0	9	step_2_no_load	3	4	0.496546708465	0.598049061473	4	350	0	
79	0	10	step_1_no_load	1	2	1	214	
79	0	10	step_2_no_load	3	4	0.482364178155	0.652626043146	4	236	0	
79	0	11	step_1_no_load	1	2	2	250	
79	0	11	step_2_no_load	5	6	0.609191465743	0.59022801242	5	360	1	
79	0	12	step_1_no_load	1	2	2	227	
79	0	12	step_2_no_load	5	6	0.552770607849	0.597131918027	5	339	0	
79	0	13	step_1_no_load	1	2	2	297	
79	0	13	step_2_no_load	5	6	0.558313135925	0.595790490356	5	220	1	
79	0	14	step_1_no_load	1	2	2	282	
79	0	14	step_2_no_load	3	4	0.491234392147	0.629137942344	3	344	0	
79	0	15	step_1_no_load	1	2	1	337	
79	0	15	step_2_no_load	5	6	0.570419113221	0.633564630036	5	348	0	
79	0	16	step_1_no_load	1	2	2	244	
79	0	16	step_2_no_load	3	4	0.510958036527	0.628091198119	3	413	0	
79	0	17	step_1_no_load	1	2	2	253	
79	0	17	step_2_no_load	3	4	0.535958400205	0.633350170016	4	642	1	
79	0	18	step_1_no_load	1	2	2	371	
79	0	18	step_2_no_load	3	4	0.517514133912	0.626834332012	4	341	0	
79	0	19	step_1_no_load	1	2	2	320	
79	0	19	step_2_no_load	5	6	0.536502319591	0.644773170243	6	331	1	
79	0	20	step_1_no_load	1	2	2	258	
79	0	20	step_2_no_load	5	6	0.491720931314	0.60665343963	6	214	1	
79	0	21	step_1_no_load	1	2	2	253	
79	0	21	step_2_no_load	5	6	0.470207377245	0.611328949295	6	318	0	
79	0	22	step_1_no_load	1	2	2	215	
79	0	22	step_2_no_load	5	6	0.468700882609	0.618527126547	5	293	1	
79	0	23	step_1_no_load	1	2	2	317	
79	0	23	step_2_no_load	3	4	0.520606588181	0.640163623731	3	1414	1	
79	0	24	step_1_no_load	1	2	2	267	
79	0	24	step_2_no_load	5	6	0.503316199018	0.5800912085	5	645	1	
79	0	25	step_1_no_load	1	2	2	255	
79	0	25	step_2_no_load	5	6	0.503605105412	0.629917901014	5	311	1	
79	0	26	step_1_no_load	1	2	2	233	
79	0	26	step_2_no_load	3	4	0.511744353778	0.592410219737	3	225	0	
79	0	27	step_1_no_load	1	2	2	239	
79	0	27	step_2_no_load	5	6	0.54756089792	0.642144756622	5	241	1	
79	0	28	step_1_no_load	1	2	2	271	
79	0	28	step_2_no_load	3	4	0.520177259699	0.588356036098	3	311	0	
79	0	29	step_1_no_load	1	2	2	195	
79	0	29	step_2_no_load	5	6	0.561957580386	0.618626354124	5	479	0	
79	0	30	step_1_no_load	1	2	2	322	
79	0	30	step_2_no_load	5	6	0.574272497114	0.610227092493	5	247	0	
79	0	31	step_1_no_load	1	2	2	246	
79	0	31	step_2_no_load	5	6	0.541819886458	0.606122691795	6	439	0	
79	0	32	step_1_no_load	1	2	1	266	
79	0	32	step_2_no_load	5	6	0.522993086096	0.605616211083	-1	-1	-1	
79	0	33	step_1_no_load	1	2	1	232	
79	0	33	step_2_no_load	5	6	0.542309898544	0.618000238621	6	352	0	
79	0	34	step_1_no_load	1	2	1	245	
79	0	34	step_2_no_load	5	6	0.538523758058	0.670290552209	5	399	0	
79	0	35	step_1_no_load	1	2	2	265	
79	0	35	step_2_no_load	5	6	0.594167768198	0.649776015006	5	423	0	
79	0	36	step_1_no_load	1	2	2	283	
79	0	36	step_2_no_load	3	4	0.513210053121	0.527635087561	4	467	1	
79	0	37	step_1_no_load	1	2	1	312	
79	0	37	step_2_no_load	3	4	0.543074626387	0.513822304161	4	566	1	
79	0	38	step_1_no_load	1	2	1	333	
79	0	38	step_2_no_load	3	4	0.553931241266	0.539078491643	4	557	1	
79	0	39	step_1_no_load	1	2	1	377	
79	0	39	step_2_no_load	5	6	0.610601635554	0.634483337633	6	1476	1	
79	0	40	step_1_no_load	1	2	1	287	
79	0	40	step_2_no_load	3	4	0.5691386571	0.580760785074	4	330	0	
79	0	41	step_1_no_load	1	2	2	179	
79	0	41	step_2_no_load	3	4	0.583829055298	0.524862294848	4	605	0	
79	0	42	step_1_no_load	1	2	2	292	
79	0	42	step_2_no_load	5	6	0.609164606591	0.606696263624	6	696	1	
79	0	43	step_1_no_load	1	2	2	268	
79	0	43	step_2_no_load	5	6	0.612705031264	0.581931546759	6	476	0	
79	0	44	step_1_no_load	1	2	2	277	
79	0	44	step_2_no_load	5	6	0.611481438855	0.589653131867	6	261	1	
79	0	45	step_1_no_load	1	2	2	258	
79	0	45	step_2_no_load	5	6	0.632991467829	0.620699591043	6	435	1	
79	0	46	step_1_no_load	1	2	2	242	
79	0	46	step_2_no_load	3	4	0.532238720495	0.55511883717	3	789	1	
79	0	47	step_1_no_load	1	2	2	286	
79	0	47	step_2_no_load	5	6	0.598724660986	0.634373567175	6	341	1	
79	0	48	step_1_no_load	1	2	2	235	
79	0	48	step_2_no_load	3	4	0.488280685105	0.534690828011	4	377	0	
79	0	49	step_1_no_load	1	2	2	126	
79	0	49	step_2_no_load	3	4	0.489287375157	0.512405963374	4	234	1	
79	0	50	step_1_no_load	1	2	1	543	
79	0	50	step_2_no_load	5	6	0.606862017918	0.593458480934	-1	-1	-1	
79	0	51	step_1_no_load	1	2	1	251	
79	0	51	step_2_no_load	5	6	0.564866799699	0.613357430892	6	824	1	
79	0	52	step_1_no_load	1	2	1	284	
79	0	52	step_2_no_load	3	4	0.429622901875	0.513589895419	4	1197	0	
79	0	53	step_1_no_load	1	2	1	332	
79	0	53	step_2_no_load	3	4	0.451905460347	0.475342927439	4	439	0	
79	0	54	step_1_no_load	1	2	1	251	
79	0	54	step_2_no_load	3	4	0.491512498697	0.493362545513	3	323	1	
79	0	55	step_1_no_load	1	2	1	223	
79	0	55	step_2_no_load	3	4	0.487025527704	0.526704292526	3	402	1	
79	0	56	step_1_no_load	1	2	1	387	
79	0	56	step_2_no_load	3	4	0.459773408493	0.538512915562	3	449	1	
79	0	57	step_1_no_load	1	2	1	315	
79	0	57	step_2_no_load	3	4	0.466449077359	0.516475618243	3	437	1	
79	0	58	step_1_no_load	1	2	1	405	
79	0	58	step_2_no_load	5	6	0.664682809182	0.610896130115	5	504	1	
79	0	59	step_1_no_load	1	2	1	604	
79	0	59	step_2_no_load	5	6	0.632500293208	0.608951267756	5	508	1	
79	0	60	step_1_no_load	1	2	1	293	
79	0	60	step_2_no_load	3	4	0.491916707098	0.479287247283	4	1024	1	
79	0	61	step_1_no_load	1	2	2	328	
79	0	61	step_2_no_load	5	6	0.669587072502	0.602879526975	6	482	1	
79	0	62	step_1_no_load	1	2	2	320	
79	0	62	step_2_no_load	5	6	0.691137204746	0.622820395113	6	436	0	
79	0	63	step_1_no_load	1	2	2	175	
79	0	63	step_2_no_load	3	4	0.53192660365	0.519445130796	4	477	0	
79	0	64	step_1_no_load	1	2	2	244	
79	0	64	step_2_no_load	5	6	0.642369708469	0.626149195169	5	475	1	
79	0	65	step_1_no_load	1	2	2	294	
79	0	65	step_2_no_load	5	6	0.612660225018	0.619953360065	5	407	0	
79	0	66	step_1_no_load	1	2	2	270	
79	0	66	step_2_no_load	3	4	0.573761869714	0.555324764318	3	253	0	
79	0	67	step_1_no_load	1	2	2	257	
79	0	67	step_2_no_load	5	6	0.597650193897	0.674463681351	5	384	0	
79	0	68	step_1_no_load	1	2	1	592	
79	0	68	step_2_no_load	3	4	0.509127161919	0.523301545299	4	427	1	
79	0	69	step_1_no_load	1	2	1	280	
79	0	69	step_2_no_load	5	6	0.622221685203	0.718756538957	6	531	1	
79	0	70	step_1_no_load	1	2	2	301	
79	0	70	step_2_no_load	5	6	0.637556284465	0.697741832068	6	492	0	
79	0	71	step_1_no_load	1	2	1	84	
79	0	71	step_2_no_load	5	6	0.639174917797	0.706816191949	5	880	1	
79	0	72	step_1_no_load	1	2	1	134	
79	0	72	step_2_no_load	3	4	0.47409116389	0.556486305476	3	553	1	
79	0	73	step_1_no_load	1	2	1	252	
79	0	73	step_2_no_load	3	4	0.435957313805	0.50185699984	3	236	0	
79	0	74	step_1_no_load	1	2	2	376	
79	0	74	step_2_no_load	5	6	0.614462146454	0.693624670847	5	295	1	
79	0	75	step_1_no_load	1	2	2	398	
79	0	75	step_2_no_load	3	4	0.44832280175	0.483983914712	3	354	1	
79	0	76	step_1_no_load	1	2	1	321	
79	0	76	step_2_no_load	3	4	0.488583631821	0.518881389358	3	402	1	
79	0	77	step_1_no_load	1	2	1	341	
79	0	77	step_2_no_load	3	4	0.446809557226	0.538119616568	3	431	0	
79	0	78	step_1_no_load	1	2	1	637	
79	0	78	step_2_no_load	3	4	0.435911167612	0.538654072849	3	702	0	
79	0	79	step_1_no_load	1	2	1	46	
79	0	79	step_2_no_load	3	4	0.389124152368	0.540085062695	4	252	0	
79	0	80	step_1_no_load	1	2	2	268	
79	0	80	step_2_no_load	5	6	0.518583383166	0.703969305517	5	256	1	
79	0	81	step_1_no_load	1	2	2	440	
79	0	81	step_2_no_load	3	4	0.419265522488	0.494116554432	3	376	1	
79	0	82	step_1_no_load	1	2	1	243	
79	0	82	step_2_no_load	3	4	0.395813831323	0.482727017837	3	439	1	
79	0	83	step_1_no_load	1	2	1	242	
79	0	83	step_2_no_load	3	4	0.382772464038	0.483255412498	3	291	0	
79	0	84	step_1_no_load	1	2	1	472	
79	0	84	step_2_no_load	3	4	0.385087938645	0.505586222209	4	404	0	
79	0	85	step_1_no_load	1	2	2	1101	
79	0	85	step_2_no_load	5	6	0.692384972752	0.712989604416	5	515	1	
79	0	86	step_1_no_load	1	2	2	288	
79	0	86	step_2_no_load	5	6	0.691782850001	0.721207648497	5	386	0	
79	0	87	step_1_no_load	1	2	2	232	
79	0	87	step_2_no_load	5	6	0.719375344246	0.690012761069	6	321	0	
79	0	88	step_1_no_load	1	2	1	192	
79	0	88	step_2_no_load	3	4	0.377947492322	0.509563243675	3	389	1	
79	0	89	step_1_no_load	1	2	1	228	
79	0	89	step_2_no_load	3	4	0.415882489686	0.490019385174	3	374	0	
79	0	90	step_1_no_load	1	2	1	427	
79	0	90	step_2_no_load	3	4	0.411459496853	0.530126112124	4	700	0	
79	0	91	step_1_no_load	1	2	2	444	
79	0	91	step_2_no_load	5	6	0.685023809334	0.657820521772	5	340	0	
79	0	92	step_1_no_load	1	2	2	221	
79	0	92	step_2_no_load	5	6	0.692406274724	0.679381608313	6	355	1	
79	0	93	step_1_no_load	1	2	2	314	
79	0	93	step_2_no_load	5	6	0.70415710998	0.662863370634	6	383	1	
79	0	94	step_1_no_load	1	2	2	220	
79	0	94	step_2_no_load	5	6	0.719464414227	0.668295023896	6	288	1	
79	0	95	step_1_no_load	1	2	2	242	
79	0	95	step_2_no_load	5	6	0.715495469274	0.640209855442	6	365	1	
79	0	96	step_1_no_load	1	2	2	233	
79	0	96	step_2_no_load	3	4	0.383038640121	0.437558890646	3	425	1	
79	0	97	step_1_no_load	1	2	1	267	
79	0	97	step_2_no_load	3	4	0.392885664353	0.455601814112	3	263	0	
79	0	98	step_1_no_load	1	2	2	229	
79	0	98	step_2_no_load	5	6	0.70287861952	0.646040060297	6	333	1	
79	0	99	step_1_no_load	1	2	2	242	
79	0	99	step_2_no_load	5	6	0.673709850038	0.645191748454	6	322	0	
79	0	100	step_1_no_load	1	2	2	1	
79	0	100	step_2_no_load	3	4	0.4333505304	0.363162156005	4	397	0	
79	0	101	step_1_no_load	1	2	2	323	
79	0	101	step_2_no_load	3	4	0.497432607584	0.366879421891	4	249	1	
79	0	102	step_1_no_load	1	2	2	290	
79	0	102	step_2_no_load	5	6	0.666304534392	0.663124617603	6	335	1	
79	0	103	step_1_no_load	1	2	2	264	
79	0	103	step_2_no_load	5	6	0.663997796029	0.69058998368	6	482	1	
79	0	104	step_1_no_load	1	2	2	371	
79	0	104	step_2_no_load	5	6	0.703870701136	0.743372642809	6	437	0	
79	0	105	step_1_no_load	1	2	1	317	
79	0	105	step_2_no_load	3	4	0.514318365187	0.352639603242	3	488	0	
79	0	106	step_1_no_load	1	2	2	283	
79	0	106	step_2_no_load	3	4	0.508908032404	0.374131494222	3	412	1	
79	0	107	step_1_no_load	1	2	1	315	
79	0	107	step_2_no_load	5	6	0.692607431435	0.677514185929	6	1155	0	
79	0	108	step_1_no_load	1	2	1	154	
79	0	108	step_2_no_load	3	4	0.526955028982	0.388185708856	3	343	0	
79	0	109	step_1_no_load	1	2	1	277	
79	0	109	step_2_no_load	5	6	0.71632547018	0.68658494263	6	337	1	
79	0	110	step_1_no_load	1	2	1	224	
79	0	110	step_2_no_load	3	4	0.432626681236	0.395544455384	4	330	0	
79	0	111	step_1_no_load	1	2	2	334	
79	0	111	step_2_no_load	3	4	0.384948378665	0.407158158569	4	330	0	
79	0	112	step_1_no_load	1	2	2	248	
79	0	112	step_2_no_load	5	6	0.725701866094	0.635252945963	5	903	1	
79	0	113	step_1_no_load	1	2	2	252	
79	0	113	step_2_no_load	5	6	0.719324307956	0.634627459817	5	465	1	
79	0	114	step_1_no_load	1	2	2	125	
79	0	114	step_2_no_load	5	6	0.718213323791	0.657654904272	5	412	1	
79	0	115	step_1_no_load	1	2	2	228	
79	0	115	step_2_no_load	3	4	0.390027643099	0.357661171116	3	344	0	
79	0	116	step_1_no_load	1	2	2	231	
79	0	116	step_2_no_load	5	6	0.706736514943	0.680124293449	5	273	1	
79	0	117	step_1_no_load	1	2	2	255	
79	0	117	step_2_no_load	5	6	0.747012267642	0.671842537277	5	764	0	
79	0	118	step_1_no_load	1	2	1	241	
79	0	118	step_2_no_load	3	4	0.357645851833	0.362977115924	4	420	0	
79	0	119	step_1_no_load	1	2	1	692	
79	0	119	step_2_no_load	5	6	0.690424535099	0.661177321751	5	368	1	
79	0	120	step_1_no_load	1	2	1	278	
79	0	120	step_2_no_load	3	4	0.370150243662	0.333809617664	3	39	0	
79	0	121	step_1_no_load	1	2	1	256	
79	0	121	step_2_no_load	3	4	0.352721767208	0.310775244958	3	237	1	
79	0	122	step_1_no_load	1	2	1	246	
79	0	122	step_2_no_load	5	6	0.6136886145	0.672193618854	5	233	0	
79	0	123	step_1_no_load	1	2	2	224	
79	0	123	step_2_no_load	3	4	0.337526896345	0.269780614928	4	305	1	
79	0	124	step_1_no_load	1	2	2	296	
79	0	124	step_2_no_load	3	4	0.309430836661	0.26095206597	4	212	1	
79	0	125	step_1_no_load	1	2	2	109	
79	0	125	step_2_no_load	5	6	0.559596800931	0.633566302563	6	229	1	
79	0	126	step_1_no_load	1	2	2	255	
79	0	126	step_2_no_load	5	6	0.537863824328	0.600985760967	6	245	1	
79	0	127	step_1_no_load	1	2	2	127	
79	0	127	step_2_no_load	5	6	0.560824094575	0.646945556251	6	239	1	
79	0	128	step_1_no_load	1	2	2	122	
79	0	128	step_2_no_load	5	6	0.636905534066	0.620672334996	6	286	1	
79	0	129	step_1_no_load	1	2	2	250	
79	0	129	step_2_no_load	5	6	0.685297910719	0.632682846317	6	279	0	
79	0	130	step_1_no_load	1	2	2	311	
79	0	130	step_2_no_load	5	6	0.682031489739	0.630285316669	6	252	0	
79	0	131	step_1_no_load	1	2	1	263	
79	0	131	step_2_no_load	3	4	0.311475039155	0.281500842289	3	339	1	
79	0	132	step_1_no_load	1	2	1	270	
79	0	132	step_2_no_load	3	4	0.315328810424	0.27986961048	3	214	1	
79	0	133	step_1_no_load	1	2	1	284	
79	0	133	step_2_no_load	3	4	0.312642735495	0.315608831386	3	225	0	
79	0	134	step_1_no_load	1	2	-1	-1	
79	0	135	step_1_no_load	1	2	1	500	
79	0	135	step_2_no_load	3	4	0.287118934166	0.300079459047	3	350	1	
79	0	136	step_1_no_load	1	2	1	275	
79	0	136	step_2_no_load	3	4	0.284521085726	0.307766925452	3	297	0	
79	0	137	step_1_no_load	1	2	1	1	
79	0	137	step_2_no_load	3	4	0.325016613024	0.346433498467	3	333	0	
79	0	138	step_1_no_load	1	2	1	236	
79	0	138	step_2_no_load	3	4	0.307694123906	0.366701525561	4	423	1	
79	0	139	step_1_no_load	1	2	1	388	
79	0	139	step_2_no_load	3	4	0.323660750961	0.325611400511	4	423	1	
79	0	140	step_1_no_load	1	2	1	234	
79	0	140	step_2_no_load	3	4	0.328174526491	0.348740542008	4	439	0	
79	0	141	step_1_no_load	1	2	1	728	
79	0	141	step_2_no_load	3	4	0.311809871418	0.390227133375	4	714	1	
79	0	142	step_1_no_load	1	2	1	512	
79	0	142	step_2_no_load	3	4	0.304203281606	0.397052682821	4	532	0	
79	0	143	step_1_no_load	1	2	2	270	
79	0	143	step_2_no_load	3	4	0.313516825296	0.410970957547	4	319	1	
79	0	144	step_1_no_load	1	2	1	410	
79	0	144	step_2_no_load	3	4	0.275932517017	0.389234194056	4	434	0	
79	0	145	step_1_no_load	1	2	2	247	
79	0	145	step_2_no_load	5	6	0.6669125229	0.606515632748	6	513	1	
79	0	146	step_1_no_load	1	2	2	295	
79	0	146	step_2_no_load	5	6	0.681611991725	0.593778463268	6	387	0	
79	0	147	step_1_no_load	1	2	2	245	
79	0	147	step_2_no_load	3	4	0.265578160642	0.352879785946	4	334	0	
79	0	148	step_1_no_load	1	2	2	295	
79	0	148	step_2_no_load	5	6	0.619272702026	0.648050021239	5	609	0	
79	0	149	step_1_no_load	1	2	1	314	
79	0	149	step_2_no_load	3	4	0.269951834184	0.300290206122	3	315	1	
79	0	150	step_1_no_load	1	2	1	394	
79	0	150	step_2_no_load	3	4	0.305587692243	0.306860041627	3	344	0	
79	0	151	step_1_no_load	1	2	1	176	
79	0	151	step_2_no_load	3	4	0.348172164421	0.310557101463	3	273	0	
79	0	152	step_1_no_load	1	2	1	358	
79	0	152	step_2_no_load	3	4	0.307702500543	0.323194010514	4	332	1	
79	0	153	step_1_no_load	1	2	1	264	
79	0	153	step_2_no_load	3	4	0.309356532263	0.343622632154	4	272	0	
79	0	154	step_1_no_load	1	2	2	549	
79	0	154	step_2_no_load	5	6	0.638934099562	0.671672162443	5	375	0	
79	0	155	step_1_no_load	1	2	2	285	
79	0	155	step_2_no_load	5	6	0.632486591889	0.716100930629	6	383	1	
79	0	156	step_1_no_load	1	2	2	265	
79	0	156	step_2_no_load	5	6	0.631048201903	0.734436160799	6	513	1	
79	0	157	step_1_no_load	1	2	2	424	
79	0	157	step_2_no_load	3	4	0.350909357271	0.324728201487	4	573	1	
79	0	158	step_1_no_load	1	2	2	29	
79	0	158	step_2_no_load	5	6	0.532722108502	0.694270715354	6	471	1	
79	0	159	step_1_no_load	1	2	2	268	
79	0	159	step_2_no_load	5	6	0.541222065796	0.697903160072	6	129	1	
79	0	160	step_1_no_load	1	2	2	134	
79	0	160	step_2_no_load	5	6	0.521229931064	0.710728171711	6	561	1	
79	0	161	step_1_no_load	1	2	2	333	
79	0	161	step_2_no_load	5	6	0.516036498158	0.719896286569	6	656	1	
79	0	162	step_1_no_load	1	2	2	444	
79	0	162	step_2_no_load	5	6	0.566496468084	0.695144769903	6	524	1	
79	0	163	step_1_no_load	1	2	2	319	
79	0	163	step_2_no_load	3	4	0.395221309311	0.430920885959	4	313	0	
79	0	164	step_1_no_load	1	2	2	275	
79	0	164	step_2_no_load	3	4	0.432761720497	0.430844125626	3	897	1	
79	0	165	step_1_no_load	1	2	2	462	
79	0	165	step_2_no_load	5	6	0.538026607649	0.717506143195	6	253	1	
79	0	166	step_1_no_load	1	2	2	268	
79	0	166	step_2_no_load	3	4	0.422282731054	0.356317216644	4	299	0	
79	0	167	step_1_no_load	1	2	2	382	
79	0	167	step_2_no_load	5	6	0.585131062446	0.706271792549	6	282	1	
79	0	168	step_1_no_load	1	2	2	250	
79	0	168	step_2_no_load	5	6	0.613361520676	0.67192508984	6	639	0	
79	0	169	step_1_no_load	1	2	2	290	
79	0	169	step_2_no_load	3	4	0.42098542374	0.365156560071	4	270	0	
79	0	170	step_1_no_load	1	2	2	351	
79	0	170	step_2_no_load	3	4	0.411067820436	0.364989630435	4	401	1	
79	0	171	step_1_no_load	1	2	1	640	
79	0	171	step_2_no_load	3	4	0.386979310814	0.425122034074	3	417	1	
79	0	172	step_1_no_load	1	2	1	281	
79	0	172	step_2_no_load	5	6	0.519090471457	0.668669556875	5	122	0	
79	0	173	step_1_no_load	1	2	1	254	
79	0	173	step_2_no_load	5	6	0.484428109849	0.667027212577	5	756	1	
79	0	174	step_1_no_load	1	2	1	298	
79	0	174	step_2_no_load	5	6	0.472729524832	0.729877433725	5	769	1	
79	0	175	step_1_no_load	1	2	1	233	
79	0	175	step_2_no_load	3	4	0.426185553904	0.484825491933	3	1270	0	
79	0	176	step_1_no_load	1	2	2	934	
79	0	176	step_2_no_load	5	6	0.474046874473	0.679250000396	5	408	0	
79	0	177	step_1_no_load	1	2	2	166	
79	0	177	step_2_no_load	5	6	0.501268576771	0.714070205704	5	364	1	
79	0	178	step_1_no_load	1	2	2	317	
79	0	178	step_2_no_load	5	6	0.493712351915	0.705993797498	5	348	0	
79	0	179	step_1_no_load	1	2	2	309	
79	0	179	step_2_no_load	3	4	0.324685418097	0.493565996034	3	713	1	
79	0	180	step_1_no_load	1	2	1	213	
79	0	180	step_2_no_load	3	4	0.341214611607	0.489345734128	3	289	1	
79	0	181	step_1_no_load	1	2	1	146	
79	0	181	step_2_no_load	3	4	0.342402764747	0.480141179559	3	267	0	
79	0	182	step_1_no_load	1	2	2	614	
79	0	182	step_2_no_load	5	6	0.506773281362	0.72717560423	5	364	1	
79	0	183	step_1_no_load	1	2	2	270	
79	0	183	step_2_no_load	3	4	0.350175837802	0.492742497507	3	236	1	
79	0	184	step_1_no_load	1	2	2	445	
79	0	184	step_2_no_load	5	6	0.460890977786	0.657291439324	5	327	1	
79	0	185	step_1_no_load	1	2	2	396	
79	0	185	step_2_no_load	3	4	0.362611152222	0.482228039858	3	538	0	
79	0	186	step_1_no_load	1	2	2	431	
79	0	186	step_2_no_load	5	6	0.46870859828	0.656308636836	5	265	1	
79	0	187	step_1_no_load	1	2	2	267	
79	0	187	step_2_no_load	5	6	0.443962917772	0.678211978625	5	783	1	
79	0	188	step_1_no_load	1	2	2	231	
79	0	188	step_2_no_load	3	4	0.291508050861	0.548350535247	3	302	1	
79	0	189	step_1_no_load	1	2	2	675	
79	0	189	step_2_no_load	3	4	0.285168135955	0.534753756004	3	296	0	
79	0	190	step_1_no_load	1	2	2	627	
79	0	190	step_2_no_load	5	6	0.433568856946	0.667655825994	5	443	1	
79	0	191	step_1_no_load	1	2	2	358	
79	0	191	step_2_no_load	3	4	0.318839908867	0.512103523931	3	349	1	
79	0	192	step_1_no_load	1	2	1	506	
79	0	192	step_2_no_load	5	6	0.450791310283	0.705517419189	5	316	0	
79	0	193	step_1_no_load	1	2	1	428	
79	0	193	step_2_no_load	3	4	0.321008037746	0.504944704439	3	481	1	
79	0	194	step_1_no_load	1	2	1	279	
79	0	194	step_2_no_load	3	4	0.342437174514	0.505359594715	3	373	1	
79	0	195	step_1_no_load	1	2	1	291	
79	0	195	step_2_no_load	3	4	0.348571348505	0.494102184238	3	536	0	
79	0	196	step_1_no_load	1	2	1	219	
79	0	196	step_2_no_load	3	4	0.365373286058	0.496717662777	3	369	0	
79	0	197	step_1_no_load	1	2	2	681	
79	0	197	step_2_no_load	5	6	0.422511153127	0.686552522522	6	375	1	
79	0	198	step_1_no_load	1	2	2	299	
79	0	198	step_2_no_load	3	4	0.303352625941	0.485065498391	4	65	1	
79	0	199	step_1_no_load	1	2	2	276	
79	0	199	step_2_no_load	5	6	0.39793773834	0.73697129762	6	279	1	
79	0	200	step_1_no_load	1	2	2	283	
79	0	200	step_2_no_load	3	4	0.299128796668	0.507902534353	4	392	0	

Wed Mar  1 16:15:47 2017
