Thu Mar  2 16:17:29 2017	
81	0	1	step_1_no_load	1	2	-1	-1	
81	0	2	step_1_no_load	1	2	1	760	
81	0	2	step_2_no_load	3	4	0.580156942153	0.474613197709	3	483	1	
81	0	3	step_1_no_load	1	2	1	370	
81	0	3	step_2_no_load	3	4	0.584197065669	0.476767372206	3	374	1	
81	0	4	step_1_no_load	1	2	1	458	
81	0	4	step_2_no_load	3	4	0.597491569846	0.478607661228	3	382	1	
81	0	5	step_1_no_load	1	2	1	369	
81	0	5	step_2_no_load	3	4	0.623810210114	0.495568760483	3	360	1	
81	0	6	step_1_no_load	1	2	1	356	
81	0	6	step_2_no_load	5	6	0.490454120702	0.603642866427	5	411	1	
81	0	7	step_1_no_load	1	2	1	318	
81	0	7	step_2_no_load	5	6	0.506408070053	0.622642364361	5	383	1	
81	0	8	step_1_no_load	1	2	1	243	
81	0	8	step_2_no_load	3	4	0.59128639594	0.489816616396	3	313	1	
81	0	9	step_1_no_load	1	2	1	290	
81	0	9	step_2_no_load	3	4	0.598049061473	0.496546708465	3	311	1	
81	0	10	step_1_no_load	1	2	1	327	
81	0	10	step_2_no_load	3	4	0.652626043146	0.482364178155	3	380	0	
81	0	11	step_1_no_load	1	2	1	321	
81	0	11	step_2_no_load	3	4	0.69163818036	0.477013315682	3	385	1	
81	0	12	step_1_no_load	1	2	1	330	
81	0	12	step_2_no_load	3	4	0.682786328054	0.48457206759	3	367	1	
81	0	13	step_1_no_load	1	2	1	304	
81	0	13	step_2_no_load	3	4	0.653587098421	0.52012981853	3	351	1	
81	0	14	step_1_no_load	1	2	1	469	
81	0	14	step_2_no_load	3	4	0.629137942344	0.491234392147	3	392	1	
81	0	15	step_1_no_load	1	2	1	306	
81	0	15	step_2_no_load	3	4	0.612260006668	0.505377237737	3	338	0	
81	0	16	step_1_no_load	1	2	1	382	
81	0	16	step_2_no_load	5	6	0.626326396372	0.553308964466	5	341	1	
81	0	17	step_1_no_load	1	2	1	273	
81	0	17	step_2_no_load	5	6	0.643116883134	0.562895132605	5	437	1	
81	0	18	step_1_no_load	1	2	1	246	
81	0	18	step_2_no_load	3	4	0.626834332012	0.517514133912	3	386	1	
81	0	19	step_1_no_load	1	2	1	287	
81	0	19	step_2_no_load	3	4	0.619895761657	0.498240186199	3	266	1	
81	0	20	step_1_no_load	1	2	1	249	
81	0	20	step_2_no_load	3	4	0.636521555122	0.478025448397	3	752	1	
81	0	21	step_1_no_load	1	2	1	421	
81	0	21	step_2_no_load	3	4	0.630305464549	0.49769376036	3	371	1	
81	0	22	step_1_no_load	1	2	1	325	
81	0	22	step_2_no_load	3	4	0.621949894727	0.506100011497	3	321	1	
81	0	23	step_1_no_load	1	2	1	355	
81	0	23	step_2_no_load	3	4	0.640163623731	0.520606588181	3	380	0	
81	0	24	step_1_no_load	1	2	1	382	
81	0	24	step_2_no_load	5	6	0.5800912085	0.503316199018	5	410	1	
81	0	25	step_1_no_load	1	2	1	290	
81	0	25	step_2_no_load	3	4	0.565698722896	0.503316372362	3	309	1	
81	0	26	step_1_no_load	1	2	1	300	
81	0	26	step_2_no_load	3	4	0.592410219737	0.511744353778	3	307	1	
81	0	27	step_1_no_load	1	2	1	298	
81	0	27	step_2_no_load	3	4	0.57860777711	0.507272671939	3	400	0	
81	0	28	step_1_no_load	1	2	1	339	
81	0	28	step_2_no_load	3	4	0.588356036098	0.520177259699	3	423	1	
81	0	29	step_1_no_load	1	2	1	281	
81	0	29	step_2_no_load	3	4	0.606613029227	0.521159009103	3	458	0	
81	0	30	step_1_no_load	1	2	1	246	
81	0	30	step_2_no_load	3	4	0.608245979832	0.4919199548	3	313	0	
81	0	31	step_1_no_load	1	2	1	304	
81	0	31	step_2_no_load	3	4	0.636602545794	0.483156722265	3	301	0	
81	0	32	step_1_no_load	1	2	2	358	
81	0	32	step_2_no_load	5	6	0.605616211083	0.522993086096	6	406	0	
81	0	33	step_1_no_load	1	2	2	366	
81	0	33	step_2_no_load	5	6	0.618000238621	0.542309898544	6	387	0	
81	0	34	step_1_no_load	1	2	1	423	
81	0	34	step_2_no_load	5	6	0.670290552209	0.538523758058	5	307	1	
81	0	35	step_1_no_load	1	2	1	308	
81	0	35	step_2_no_load	5	6	0.649776015006	0.594167768198	5	319	1	
81	0	36	step_1_no_load	1	2	1	270	
81	0	36	step_2_no_load	3	4	0.527635087561	0.513210053121	3	312	0	
81	0	37	step_1_no_load	1	2	1	320	
81	0	37	step_2_no_load	3	4	0.513822304161	0.543074626387	3	251	1	
81	0	38	step_1_no_load	1	2	1	294	
81	0	38	step_2_no_load	5	6	0.651263699161	0.595113730206	5	331	1	
81	0	39	step_1_no_load	1	2	1	315	
81	0	39	step_2_no_load	5	6	0.634483337633	0.610601635554	5	268	1	
81	0	40	step_1_no_load	1	2	1	277	
81	0	40	step_2_no_load	3	4	0.580760785074	0.5691386571	3	306	1	
81	0	41	step_1_no_load	1	2	1	333	
81	0	41	step_2_no_load	5	6	0.633285941184	0.588857868869	5	312	1	
81	0	42	step_1_no_load	1	2	1	389	
81	0	42	step_2_no_load	3	4	0.533857158543	0.553461946234	3	305	1	
81	0	43	step_1_no_load	1	2	1	342	
81	0	43	step_2_no_load	3	4	0.553703096215	0.548128010644	3	348	1	
81	0	44	step_1_no_load	1	2	1	555	
81	0	44	step_2_no_load	5	6	0.589653131867	0.611481438855	5	384	0	
81	0	45	step_1_no_load	1	2	1	252	
81	0	45	step_2_no_load	3	4	0.579346234508	0.5288039409	3	234	1	
81	0	46	step_1_no_load	1	2	1	278	
81	0	46	step_2_no_load	3	4	0.55511883717	0.532238720495	3	298	0	
81	0	47	step_1_no_load	1	2	1	325	
81	0	47	step_2_no_load	3	4	0.546259467838	0.493112702321	3	308	1	
81	0	48	step_1_no_load	1	2	1	306	
81	0	48	step_2_no_load	3	4	0.534690828011	0.488280685105	3	346	0	
81	0	49	step_1_no_load	1	2	1	286	
81	0	49	step_2_no_load	3	4	0.512405963374	0.489287375157	3	362	0	
81	0	50	step_1_no_load	1	2	2	307	
81	0	50	step_2_no_load	3	4	0.481616544184	0.47381367271	4	365	0	
81	0	51	step_1_no_load	1	2	1	251	
81	0	51	step_2_no_load	3	4	0.508197321577	0.469943944943	3	257	1	
81	0	52	step_1_no_load	1	2	1	219	
81	0	52	step_2_no_load	3	4	0.513589895419	0.429622901875	3	310	1	
81	0	53	step_1_no_load	1	2	1	262	
81	0	53	step_2_no_load	3	4	0.475342927439	0.451905460347	3	330	0	
81	0	54	step_1_no_load	1	2	1	267	
81	0	54	step_2_no_load	3	4	0.493362545513	0.491512498697	3	311	0	
81	0	55	step_1_no_load	1	2	1	216	
81	0	55	step_2_no_load	3	4	0.526704292526	0.487025527704	3	285	0	
81	0	56	step_1_no_load	1	2	2	300	
81	0	56	step_2_no_load	5	6	0.60038825769	0.601856598146	5	339	1	
81	0	57	step_1_no_load	1	2	1	282	
81	0	57	step_2_no_load	3	4	0.516475618243	0.466449077359	3	319	0	
81	0	58	step_1_no_load	1	2	2	290	
81	0	58	step_2_no_load	3	4	0.528376440027	0.478335218822	3	272	1	
81	0	59	step_1_no_load	1	2	2	287	
81	0	59	step_2_no_load	3	4	0.537400760025	0.480274332693	3	256	1	
81	0	60	step_1_no_load	1	2	2	393	
81	0	60	step_2_no_load	5	6	0.599559577859	0.623687406259	5	258	0	
81	0	61	step_1_no_load	1	2	1	233	
81	0	61	step_2_no_load	5	6	0.602879526975	0.669587072502	5	226	1	
81	0	62	step_1_no_load	1	2	1	248	
81	0	62	step_2_no_load	3	4	0.533031417444	0.50724109756	3	326	0	
81	0	63	step_1_no_load	1	2	2	497	
81	0	63	step_2_no_load	5	6	0.642623127313	0.664284493458	5	283	1	
81	0	64	step_1_no_load	1	2	1	316	
81	0	64	step_2_no_load	3	4	0.533849886794	0.555062911513	3	267	0	
81	0	65	step_1_no_load	1	2	2	344	
81	0	65	step_2_no_load	5	6	0.619953360065	0.612660225018	5	283	0	
81	0	66	step_1_no_load	1	2	1	276	
81	0	66	step_2_no_load	3	4	0.555324764318	0.573761869714	3	241	1	
81	0	67	step_1_no_load	1	2	1	343	
81	0	67	step_2_no_load	3	4	0.538279387614	0.542076810516	3	287	1	
81	0	68	step_1_no_load	1	2	1	384	
81	0	68	step_2_no_load	3	4	0.523301545299	0.509127161919	3	336	1	
81	0	69	step_1_no_load	1	2	1	255	
81	0	69	step_2_no_load	3	4	0.560462111264	0.499137600991	3	240	0	
81	0	70	step_1_no_load	1	2	2	274	
81	0	70	step_2_no_load	3	4	0.548075770764	0.498834901463	3	248	1	
81	0	71	step_1_no_load	1	2	1	337	
81	0	71	step_2_no_load	3	4	0.546215110045	0.482863323776	3	258	1	
81	0	72	step_1_no_load	1	2	2	337	
81	0	72	step_2_no_load	5	6	0.705884789502	0.626024641967	5	270	1	
81	0	73	step_1_no_load	1	2	1	224	
81	0	73	step_2_no_load	3	4	0.50185699984	0.435957313805	3	286	0	
81	0	74	step_1_no_load	1	2	1	214	
81	0	74	step_2_no_load	3	4	0.491044983779	0.453420386428	3	306	0	
81	0	75	step_1_no_load	1	2	2	262	
81	0	75	step_2_no_load	5	6	0.697629587097	0.615552849174	5	223	1	
81	0	76	step_1_no_load	1	2	2	269	
81	0	76	step_2_no_load	3	4	0.518881389358	0.488583631821	3	270	0	
81	0	77	step_1_no_load	1	2	1	339	
81	0	77	step_2_no_load	3	4	0.538119616568	0.446809557226	3	232	0	
81	0	78	step_1_no_load	1	2	2	283	
81	0	78	step_2_no_load	5	6	0.647586191228	0.536711448352	6	670	1	
81	0	79	step_1_no_load	1	2	2	281	
81	0	79	step_2_no_load	5	6	0.647841624544	0.513695512795	6	305	1	
81	0	80	step_1_no_load	1	2	2	277	
81	0	80	step_2_no_load	5	6	0.703969305517	0.518583383166	6	253	1	
81	0	81	step_1_no_load	1	2	2	127	
81	0	81	step_2_no_load	5	6	0.702400933084	0.529745690463	6	304	1	
81	0	82	step_1_no_load	1	2	2	300	
81	0	82	step_2_no_load	3	4	0.482727017837	0.395813831323	4	296	1	
81	0	83	step_1_no_load	1	2	2	214	
81	0	83	step_2_no_load	5	6	0.726885136842	0.607907985871	6	262	1	
81	0	84	step_1_no_load	1	2	2	263	
81	0	84	step_2_no_load	3	4	0.505586222209	0.385087938645	4	234	0	
81	0	85	step_1_no_load	1	2	1	388	
81	0	85	step_2_no_load	3	4	0.485785534744	0.384458259121	3	271	0	
81	0	86	step_1_no_load	1	2	2	311	
81	0	86	step_2_no_load	3	4	0.486462788728	0.345323068124	3	329	1	
81	0	87	step_1_no_load	1	2	2	373	
81	0	87	step_2_no_load	3	4	0.493867001103	0.40000499778	3	523	0	
81	0	88	step_1_no_load	1	2	1	330	
81	0	88	step_2_no_load	5	6	0.696773608304	0.717410082358	5	301	1	
81	0	89	step_1_no_load	1	2	1	346	
81	0	89	step_2_no_load	5	6	0.660112261017	0.690772436485	5	385	1	
81	0	90	step_1_no_load	1	2	1	413	
81	0	90	step_2_no_load	3	4	0.530126112124	0.411459496853	3	313	1	
81	0	91	step_1_no_load	1	2	1	260	
81	0	91	step_2_no_load	5	6	0.657820521772	0.685023809334	5	311	1	
81	0	92	step_1_no_load	1	2	1	257	
81	0	92	step_2_no_load	3	4	0.484260039873	0.444368850664	3	300	0	
81	0	93	step_1_no_load	1	2	2	290	
81	0	93	step_2_no_load	5	6	0.662863370634	0.70415710998	5	277	0	
81	0	94	step_1_no_load	1	2	2	255	
81	0	94	step_2_no_load	5	6	0.668295023896	0.719464414227	6	306	1	
81	0	95	step_1_no_load	1	2	2	252	
81	0	95	step_2_no_load	3	4	0.42505578884	0.427150666411	4	356	0	
81	0	96	step_1_no_load	1	2	1	142	
81	0	96	step_2_no_load	5	6	0.663095813561	0.693739812506	5	321	1	
81	0	97	step_1_no_load	1	2	2	267	
81	0	97	step_2_no_load	3	4	0.455601814112	0.392885664353	4	296	1	
81	0	98	step_1_no_load	1	2	1	293	
81	0	98	step_2_no_load	3	4	0.431479829356	0.409778171713	3	352	0	
81	0	99	step_1_no_load	1	2	2	263	
81	0	99	step_2_no_load	3	4	0.375249961522	0.397561363605	3	348	0	
81	0	100	step_1_no_load	1	2	2	299	
81	0	100	step_2_no_load	3	4	0.363162156005	0.4333505304	4	279	0	
81	0	101	step_1_no_load	1	2	1	237	
81	0	101	step_2_no_load	5	6	0.655903528958	0.623812401974	5	270	0	
81	0	102	step_1_no_load	1	2	1	32	
81	0	102	step_2_no_load	5	6	0.663124617603	0.666304534392	5	224	0	
81	0	103	step_1_no_load	1	2	2	275	
81	0	103	step_2_no_load	5	6	0.69058998368	0.663997796029	6	293	1	
81	0	104	step_1_no_load	1	2	2	284	
81	0	104	step_2_no_load	5	6	0.743372642809	0.703870701136	6	341	1	
81	0	105	step_1_no_load	1	2	2	274	
81	0	105	step_2_no_load	5	6	0.722851301692	0.689135357059	6	282	1	
81	0	106	step_1_no_load	1	2	2	259	
81	0	106	step_2_no_load	3	4	0.374131494222	0.508908032404	4	299	0	
81	0	107	step_1_no_load	1	2	1	295	
81	0	107	step_2_no_load	5	6	0.677514185929	0.692607431435	5	330	1	
81	0	108	step_1_no_load	1	2	1	295	
81	0	108	step_2_no_load	3	4	0.388185708856	0.526955028982	3	335	1	
81	0	109	step_1_no_load	1	2	1	273	
81	0	109	step_2_no_load	3	4	0.372328831887	0.479977531501	3	299	0	
81	0	110	step_1_no_load	1	2	2	283	
81	0	110	step_2_no_load	5	6	0.65455226558	0.729599891941	5	258	1	
81	0	111	step_1_no_load	1	2	2	271	
81	0	111	step_2_no_load	5	6	0.634599547742	0.724852671171	5	327	0	
81	0	112	step_1_no_load	1	2	2	255	
81	0	112	step_2_no_load	3	4	0.413393106784	0.392887565883	4	276	1	
81	0	113	step_1_no_load	1	2	2	237	
81	0	113	step_2_no_load	5	6	0.634627459817	0.719324307956	6	332	1	
81	0	114	step_1_no_load	1	2	2	356	
81	0	114	step_2_no_load	5	6	0.657654904272	0.718213323791	6	252	0	
81	0	115	step_1_no_load	1	2	1	334	
81	0	115	step_2_no_load	3	4	0.357661171116	0.390027643099	3	263	0	
81	0	116	step_1_no_load	1	2	2	301	
81	0	116	step_2_no_load	5	6	0.680124293449	0.706736514943	5	278	1	
81	0	117	step_1_no_load	1	2	1	243	
81	0	117	step_2_no_load	3	4	0.363056877927	0.374621793791	3	307	0	
81	0	118	step_1_no_load	1	2	2	253	
81	0	118	step_2_no_load	5	6	0.690484235012	0.740051715856	6	363	1	
81	0	119	step_1_no_load	1	2	2	299	
81	0	119	step_2_no_load	5	6	0.661177321751	0.690424535099	5	347	1	
81	0	120	step_1_no_load	1	2	1	281	
81	0	120	step_2_no_load	3	4	0.333809617664	0.370150243662	3	338	0	
81	0	121	step_1_no_load	1	2	2	292	
81	0	121	step_2_no_load	5	6	0.671052306195	0.658856304095	6	277	0	
81	0	122	step_1_no_load	1	2	2	254	
81	0	122	step_2_no_load	5	6	0.672193618854	0.6136886145	5	294	1	
81	0	123	step_1_no_load	1	2	2	280	
81	0	123	step_2_no_load	3	4	0.269780614928	0.337526896345	3	378	1	
81	0	124	step_1_no_load	1	2	2	543	
81	0	124	step_2_no_load	3	4	0.26095206597	0.309430836661	3	425	0	
81	0	125	step_1_no_load	1	2	1	300	
81	0	125	step_2_no_load	3	4	0.290374841566	0.303110862715	3	410	0	
81	0	126	step_1_no_load	1	2	1	255	
81	0	126	step_2_no_load	3	4	0.267206368684	0.300846667696	3	264	0	
81	0	127	step_1_no_load	1	2	2	350	
81	0	127	step_2_no_load	5	6	0.646945556251	0.560824094575	6	241	1	
81	0	128	step_1_no_load	1	2	2	570	
81	0	128	step_2_no_load	5	6	0.620672334996	0.636905534066	5	1196	0	
81	0	129	step_1_no_load	1	2	2	261	
81	0	129	step_2_no_load	5	6	0.632682846317	0.685297910719	6	215	1	
81	0	130	step_1_no_load	1	2	2	289	
81	0	130	step_2_no_load	5	6	0.630285316669	0.682031489739	6	349	1	
81	0	131	step_1_no_load	1	2	2	313	
81	0	131	step_2_no_load	3	4	0.281500842289	0.311475039155	4	277	0	
81	0	132	step_1_no_load	1	2	1	629	
81	0	132	step_2_no_load	3	4	0.27986961048	0.315328810424	4	323	1	
81	0	133	step_1_no_load	1	2	1	342	
81	0	133	step_2_no_load	3	4	0.315608831386	0.312642735495	4	301	0	
81	0	134	step_1_no_load	1	2	1	364	
81	0	134	step_2_no_load	3	4	0.287393715313	0.302839427162	3	302	0	
81	0	135	step_1_no_load	1	2	2	377	
81	0	135	step_2_no_load	5	6	0.700779221781	0.593710006149	5	507	1	
81	0	136	step_1_no_load	1	2	1	265	
81	0	136	step_2_no_load	5	6	0.674914008636	0.597814413435	6	288	0	
81	0	137	step_1_no_load	1	2	2	308	
81	0	137	step_2_no_load	3	4	0.346433498467	0.325016613024	3	406	1	
81	0	138	step_1_no_load	1	2	2	256	
81	0	138	step_2_no_load	5	6	0.688182193337	0.63240964674	5	276	1	
81	0	139	step_1_no_load	1	2	2	280	
81	0	139	step_2_no_load	5	6	0.696355985729	0.636630981281	5	309	0	
81	0	140	step_1_no_load	1	2	1	296	
81	0	140	step_2_no_load	3	4	0.348740542008	0.328174526491	3	391	0	
81	0	141	step_1_no_load	1	2	1	342	
81	0	141	step_2_no_load	5	6	0.616803346728	0.711987889705	6	283	1	
81	0	142	step_1_no_load	1	2	1	311	
81	0	142	step_2_no_load	3	4	0.397052682821	0.304203281606	4	308	0	
81	0	143	step_1_no_load	1	2	2	328	
81	0	143	step_2_no_load	5	6	0.610219102298	0.661365099615	5	292	0	
81	0	144	step_1_no_load	1	2	2	268	
81	0	144	step_2_no_load	3	4	0.389234194056	0.275932517017	4	306	0	
81	0	145	step_1_no_load	1	2	1	302	
81	0	145	step_2_no_load	3	4	0.355256413269	0.266265924094	4	254	0	
81	0	146	step_1_no_load	1	2	2	341	
81	0	146	step_2_no_load	5	6	0.593778463268	0.681611991725	5	264	0	
81	0	147	step_1_no_load	1	2	2	133	
81	0	147	step_2_no_load	5	6	0.594861186319	0.647798886916	6	467	1	
81	0	148	step_1_no_load	1	2	2	322	
81	0	148	step_2_no_load	5	6	0.648050021239	0.619272702026	6	305	1	
81	0	149	step_1_no_load	1	2	2	295	
81	0	149	step_2_no_load	3	4	0.300290206122	0.269951834184	4	292	1	
81	0	150	step_1_no_load	1	2	2	269	
81	0	150	step_2_no_load	5	6	0.605912419156	0.575985663078	6	271	1	
81	0	151	step_1_no_load	1	2	2	291	
81	0	151	step_2_no_load	5	6	0.614159737668	0.59154759351	6	485	1	
81	0	152	step_1_no_load	1	2	2	474	
81	0	152	step_2_no_load	3	4	0.323194010514	0.307702500543	4	344	1	
81	0	153	step_1_no_load	1	2	2	285	
81	0	153	step_2_no_load	3	4	0.343622632154	0.309356532263	4	344	0	
81	0	154	step_1_no_load	1	2	2	338	
81	0	154	step_2_no_load	3	4	0.348349389262	0.316375537537	4	258	0	
81	0	155	step_1_no_load	1	2	1	271	
81	0	155	step_2_no_load	3	4	0.372188990474	0.296093457977	4	294	0	
81	0	156	step_1_no_load	1	2	2	297	
81	0	156	step_2_no_load	3	4	0.368378667812	0.32564867104	3	292	0	
81	0	157	step_1_no_load	1	2	1	276	
81	0	157	step_2_no_load	3	4	0.324728201487	0.350909357271	3	351	1	
81	0	158	step_1_no_load	1	2	1	265	
81	0	158	step_2_no_load	3	4	0.334595868098	0.408728803896	3	352	0	
81	0	159	step_1_no_load	1	2	2	462	
81	0	159	step_2_no_load	5	6	0.697903160072	0.541222065796	6	303	0	
81	0	160	step_1_no_load	1	2	2	287	
81	0	160	step_2_no_load	5	6	0.710728171711	0.521229931064	5	280	1	
81	0	161	step_1_no_load	1	2	2	290	
81	0	161	step_2_no_load	5	6	0.719896286569	0.516036498158	5	284	1	
81	0	162	step_1_no_load	1	2	2	256	
81	0	162	step_2_no_load	5	6	0.695144769903	0.566496468084	5	305	1	
81	0	163	step_1_no_load	1	2	2	305	
81	0	163	step_2_no_load	5	6	0.697095951435	0.5863391277	5	313	0	
81	0	164	step_1_no_load	1	2	1	296	
81	0	164	step_2_no_load	3	4	0.430844125626	0.432761720497	4	260	0	
81	0	165	step_1_no_load	1	2	2	333	
81	0	165	step_2_no_load	3	4	0.347974240867	0.463777557969	4	357	1	
81	0	166	step_1_no_load	1	2	2	297	
81	0	166	step_2_no_load	3	4	0.356317216644	0.422282731054	4	264	0	
81	0	167	step_1_no_load	1	2	1	442	
81	0	167	step_2_no_load	3	4	0.331115714939	0.38753671275	3	248	0	
81	0	168	step_1_no_load	1	2	1	309	
81	0	168	step_2_no_load	5	6	0.67192508984	0.613361520676	6	310	1	
81	0	169	step_1_no_load	1	2	1	485	
81	0	169	step_2_no_load	3	4	0.365156560071	0.42098542374	4	305	1	
81	0	170	step_1_no_load	1	2	1	256	
81	0	170	step_2_no_load	5	6	0.67334314737	0.57151385403	6	275	0	
81	0	171	step_1_no_load	1	2	2	288	
81	0	171	step_2_no_load	5	6	0.727248140829	0.553314431843	6	231	1	
81	0	172	step_1_no_load	1	2	2	262	
81	0	172	step_2_no_load	5	6	0.668669556875	0.519090471457	6	450	1	
81	0	173	step_1_no_load	1	2	2	210	
81	0	173	step_2_no_load	5	6	0.667027212577	0.484428109849	6	292	1	
81	0	174	step_1_no_load	1	2	2	308	
81	0	174	step_2_no_load	5	6	0.729877433725	0.472729524832	6	272	0	
81	0	175	step_1_no_load	1	2	2	280	
81	0	175	step_2_no_load	5	6	0.693968268443	0.52644949356	5	328	0	
81	0	176	step_1_no_load	1	2	1	82	
81	0	176	step_2_no_load	3	4	0.500856457218	0.383231572002	4	252	1	
81	0	177	step_1_no_load	1	2	1	387	
81	0	177	step_2_no_load	3	4	0.4798184927	0.357425668099	4	339	0	
81	0	178	step_1_no_load	1	2	1	294	
81	0	178	step_2_no_load	5	6	0.705993797498	0.493712351915	5	271	1	
81	0	179	step_1_no_load	1	2	1	236	
81	0	179	step_2_no_load	3	4	0.493565996034	0.324685418097	3	299	1	
81	0	180	step_1_no_load	1	2	1	307	
81	0	180	step_2_no_load	5	6	0.719795072986	0.482853857291	5	320	1	
81	0	181	step_1_no_load	1	2	1	311	
81	0	181	step_2_no_load	3	4	0.480141179559	0.342402764747	3	315	0	
81	0	182	step_1_no_load	1	2	2	284	
81	0	182	step_2_no_load	3	4	0.49907747228	0.340533666308	3	272	0	
81	0	183	step_1_no_load	1	2	2	202	
81	0	183	step_2_no_load	5	6	0.720388040749	0.502991759047	6	333	1	
81	0	184	step_1_no_load	1	2	2	261	
81	0	184	step_2_no_load	3	4	0.480863422096	0.362743255194	4	362	1	
81	0	185	step_1_no_load	1	2	2	261	
81	0	185	step_2_no_load	3	4	0.482228039858	0.362611152222	4	366	0	
81	0	186	step_1_no_load	1	2	1	358	
81	0	186	step_2_no_load	3	4	0.484672582719	0.332733011923	4	224	0	
81	0	187	step_1_no_load	1	2	1	188	
81	0	187	step_2_no_load	3	4	0.498596507669	0.328890769988	3	457	0	
81	0	188	step_1_no_load	1	2	2	247	
81	0	188	step_2_no_load	5	6	0.696362660087	0.471319680586	5	247	0	
81	0	189	step_1_no_load	1	2	2	249	
81	0	189	step_2_no_load	5	6	0.688353284054	0.448897869069	6	295	0	
81	0	190	step_1_no_load	1	2	1	293	
81	0	190	step_2_no_load	5	6	0.667655825994	0.433568856946	5	304	0	
81	0	191	step_1_no_load	1	2	1	194	
81	0	191	step_2_no_load	5	6	0.664271461991	0.435748387321	6	300	1	
81	0	192	step_1_no_load	1	2	1	331	
81	0	192	step_2_no_load	5	6	0.705517419189	0.450791310283	6	412	0	
81	0	193	step_1_no_load	1	2	1	269	
81	0	193	step_2_no_load	3	4	0.504944704439	0.321008037746	3	354	1	
81	0	194	step_1_no_load	1	2	1	323	
81	0	194	step_2_no_load	3	4	0.505359594715	0.342437174514	3	303	1	
81	0	195	step_1_no_load	1	2	1	227	
81	0	195	step_2_no_load	3	4	0.494102184238	0.348571348505	3	414	1	
81	0	196	step_1_no_load	1	2	1	216	
81	0	196	step_2_no_load	3	4	0.496717662777	0.365373286058	3	352	1	
81	0	197	step_1_no_load	1	2	1	313	
81	0	197	step_2_no_load	5	6	0.686552522522	0.422511153127	5	310	1	
81	0	198	step_1_no_load	1	2	1	277	
81	0	198	step_2_no_load	3	4	0.485065498391	0.303352625941	3	326	1	
81	0	199	step_1_no_load	1	2	1	206	
81	0	199	step_2_no_load	5	6	0.73697129762	0.39793773834	5	318	1	
81	0	200	step_1_no_load	1	2	1	156	
81	0	200	step_2_no_load	3	4	0.507902534353	0.299128796668	3	318	0	

Thu Mar  2 16:34:44 2017
