Thu Mar  2 20:05:09 2017	
82	0	1	step_1_no_load	1	2	1	491	
82	0	1	step_2_no_load	3	4	0.511789129507	0.457620150462	3	1118	0	
82	0	2	step_1_no_load	1	2	1	571	
82	0	2	step_2_no_load	3	4	0.533203491871	0.474613197709	4	436	0	
82	0	3	step_1_no_load	1	2	2	560	
82	0	3	step_2_no_load	3	4	0.516002945397	0.476767372206	4	677	1	
82	0	4	step_1_no_load	1	2	2	573	
82	0	4	step_2_no_load	5	6	0.597491569846	0.564086293706	6	941	1	
82	0	5	step_1_no_load	1	2	2	509	
82	0	5	step_2_no_load	5	6	0.623810210114	0.576104915614	6	503	0	
82	0	6	step_1_no_load	1	2	2	445	
82	0	6	step_2_no_load	3	4	0.490454120702	0.506877622204	3	430	1	
82	0	7	step_1_no_load	1	2	2	391	
82	0	7	step_2_no_load	5	6	0.568656746487	0.622642364361	5	414	1	
82	0	8	step_1_no_load	1	2	2	505	
82	0	8	step_2_no_load	5	6	0.59128639594	0.624210374623	5	443	0	
82	0	9	step_1_no_load	1	2	1	499	
82	0	9	step_2_no_load	3	4	0.54429228266	0.496546708465	3	673	1	
82	0	10	step_1_no_load	1	2	1	516	
82	0	10	step_2_no_load	3	4	0.576063520885	0.482364178155	3	511	1	
82	0	11	step_1_no_load	1	2	1	545	
82	0	11	step_2_no_load	3	4	0.59022801242	0.477013315682	4	582	1	
82	0	12	step_1_no_load	1	2	1	455	
82	0	12	step_2_no_load	5	6	0.682786328054	0.552770607849	6	632	0	
82	0	13	step_1_no_load	1	2	2	1320	
82	0	13	step_2_no_load	5	6	0.653587098421	0.558313135925	-1	-1	-1	
82	0	14	step_1_no_load	1	2	2	374	
82	0	14	step_2_no_load	3	4	0.611256675753	0.491234392147	3	307	0	
82	0	15	step_1_no_load	1	2	2	288	
82	0	15	step_2_no_load	5	6	0.612260006668	0.570419113221	6	439	1	
82	0	16	step_1_no_load	1	2	2	311	
82	0	16	step_2_no_load	5	6	0.628091198119	0.553308964466	6	347	1	
82	0	17	step_1_no_load	1	2	2	367	
82	0	17	step_2_no_load	5	6	0.633350170016	0.562895132605	6	411	1	
82	0	18	step_1_no_load	1	2	2	513	
82	0	18	step_2_no_load	5	6	0.626834332012	0.553554620302	6	402	1	
82	0	19	step_1_no_load	1	2	2	410	
82	0	19	step_2_no_load	3	4	0.644773170243	0.498240186199	4	462	1	
82	0	20	step_1_no_load	1	2	2	383	
82	0	20	step_2_no_load	3	4	0.60665343963	0.478025448397	4	426	0	
82	0	21	step_1_no_load	1	2	2	372	
82	0	21	step_2_no_load	5	6	0.630305464549	0.470207377245	5	488	0	
82	0	22	step_1_no_load	1	2	1	361	
82	0	22	step_2_no_load	5	6	0.621949894727	0.468700882609	5	630	1	
82	0	23	step_1_no_load	1	2	1	373	
82	0	23	step_2_no_load	3	4	0.604065470975	0.520606588181	3	478	1	
82	0	24	step_1_no_load	1	2	1	406	
82	0	24	step_2_no_load	3	4	0.5800912085	0.505388876622	3	402	1	
82	0	25	step_1_no_load	1	2	1	416	
82	0	25	step_2_no_load	3	4	0.629917901014	0.503316372362	3	360	1	
82	0	26	step_1_no_load	1	2	1	249	
82	0	26	step_2_no_load	5	6	0.592410219737	0.532884212818	5	465	1	
82	0	27	step_1_no_load	1	2	1	515	
82	0	27	step_2_no_load	5	6	0.57860777711	0.54756089792	5	450	1	
82	0	28	step_1_no_load	1	2	1	476	
82	0	28	step_2_no_load	3	4	0.647441527317	0.520177259699	3	396	1	
82	0	29	step_1_no_load	1	2	1	358	
82	0	29	step_2_no_load	5	6	0.606613029227	0.561957580386	5	463	0	
82	0	30	step_1_no_load	1	2	1	383	
82	0	30	step_2_no_load	3	4	0.610227092493	0.4919199548	4	370	1	
82	0	31	step_1_no_load	1	2	1	324	
82	0	31	step_2_no_load	3	4	0.606122691795	0.483156722265	4	422	0	
82	0	32	step_1_no_load	1	2	2	463	
82	0	32	step_2_no_load	5	6	0.634585171267	0.522993086096	6	551	0	
82	0	33	step_1_no_load	1	2	2	372	
82	0	33	step_2_no_load	5	6	0.611700032906	0.542309898544	5	433	1	
82	0	34	step_1_no_load	1	2	2	274	
82	0	34	step_2_no_load	5	6	0.575802910074	0.538523758058	5	401	1	
82	0	35	step_1_no_load	1	2	2	351	
82	0	35	step_2_no_load	5	6	0.566827313385	0.594167768198	5	437	1	
82	0	36	step_1_no_load	1	2	2	337	
82	0	36	step_2_no_load	5	6	0.527635087561	0.611274573488	5	362	1	
82	0	37	step_1_no_load	1	2	2	331	
82	0	37	step_2_no_load	3	4	0.660658056664	0.543074626387	3	442	1	
82	0	38	step_1_no_load	1	2	2	324	
82	0	38	step_2_no_load	5	6	0.539078491643	0.595113730206	5	392	1	
82	0	39	step_1_no_load	1	2	2	297	
82	0	39	step_2_no_load	3	4	0.634483337633	0.578640235206	3	546	1	
82	0	40	step_1_no_load	1	2	2	352	
82	0	40	step_2_no_load	5	6	0.580760785074	0.607992802154	5	395	0	
82	0	41	step_1_no_load	1	2	2	315	
82	0	41	step_2_no_load	5	6	0.524862294848	0.588857868869	6	436	0	
82	0	42	step_1_no_load	1	2	1	432	
82	0	42	step_2_no_load	5	6	0.533857158543	0.609164606591	5	582	0	
82	0	43	step_1_no_load	1	2	1	471	
82	0	43	step_2_no_load	3	4	0.581931546759	0.548128010644	4	405	0	
82	0	44	step_1_no_load	1	2	2	416	
82	0	44	step_2_no_load	5	6	0.541854396676	0.611481438855	6	606	1	
82	0	45	step_1_no_load	1	2	2	429	
82	0	45	step_2_no_load	5	6	0.579346234508	0.632991467829	6	324	1	
82	0	46	step_1_no_load	1	2	2	396	
82	0	46	step_2_no_load	5	6	0.55511883717	0.600964500555	6	510	0	
82	0	47	step_1_no_load	1	2	2	375	
82	0	47	step_2_no_load	3	4	0.634373567175	0.493112702321	3	369	1	
82	0	48	step_1_no_load	1	2	2	384	
82	0	48	step_2_no_load	5	6	0.534690828011	0.615767119776	5	404	0	
82	0	49	step_1_no_load	1	2	1	293	
82	0	49	step_2_no_load	3	4	0.614679490594	0.489287375157	3	462	0	
82	0	50	step_1_no_load	1	2	1	460	
82	0	50	step_2_no_load	3	4	0.593458480934	0.47381367271	4	391	0	
82	0	51	step_1_no_load	1	2	2	430	
82	0	51	step_2_no_load	5	6	0.508197321577	0.564866799699	6	561	0	
82	0	52	step_1_no_load	1	2	2	312	
82	0	52	step_2_no_load	3	4	0.613408921915	0.429622901875	3	409	0	
82	0	53	step_1_no_load	1	2	1	1145	
82	0	53	step_2_no_load	3	4	0.630956764252	0.451905460347	4	949	0	
82	0	54	step_1_no_load	1	2	1	984	
82	0	54	step_2_no_load	3	4	0.652515308527	0.491512498697	3	603	1	
82	0	55	step_1_no_load	1	2	1	527	
82	0	55	step_2_no_load	3	4	0.639840796975	0.487025527704	3	453	1	
82	0	56	step_1_no_load	1	2	1	460	
82	0	56	step_2_no_load	5	6	0.538512915562	0.601856598146	5	478	1	
82	0	57	step_1_no_load	1	2	1	502	
82	0	57	step_2_no_load	5	6	0.516475618243	0.641849303307	5	500	1	
82	0	58	step_1_no_load	1	2	1	441	
82	0	58	step_2_no_load	3	4	0.610896130115	0.478335218822	3	427	0	
82	0	59	step_1_no_load	1	2	1	377	
82	0	59	step_2_no_load	3	4	0.608951267756	0.480274332693	4	532	1	
82	0	60	step_1_no_load	1	2	1	296	
82	0	60	step_2_no_load	3	4	0.599559577859	0.491916707098	4	301	0	
82	0	61	step_1_no_load	1	2	1	715	
82	0	61	step_2_no_load	5	6	0.527144452559	0.669587072502	5	539	1	
82	0	62	step_1_no_load	1	2	1	494	
82	0	62	step_2_no_load	3	4	0.622820395113	0.50724109756	3	474	0	
82	0	63	step_1_no_load	1	2	2	485	
82	0	63	step_2_no_load	5	6	0.519445130796	0.664284493458	5	635	1	
82	0	64	step_1_no_load	1	2	2	284	
82	0	64	step_2_no_load	5	6	0.533849886794	0.642369708469	5	427	1	
82	0	65	step_1_no_load	1	2	2	307	
82	0	65	step_2_no_load	5	6	0.517687993213	0.612660225018	5	533	1	
82	0	66	step_1_no_load	1	2	2	375	
82	0	66	step_2_no_load	5	6	0.555324764318	0.606938648072	5	384	0	
82	0	67	step_1_no_load	1	2	2	334	
82	0	67	step_2_no_load	5	6	0.538279387614	0.597650193897	6	359	1	
82	0	68	step_1_no_load	1	2	1	514	
82	0	68	step_2_no_load	3	4	0.719455209845	0.509127161919	3	443	1	
82	0	69	step_1_no_load	1	2	1	371	
82	0	69	step_2_no_load	3	4	0.718756538957	0.499137600991	3	378	0	
82	0	70	step_1_no_load	1	2	1	326	
82	0	70	step_2_no_load	5	6	0.548075770764	0.637556284465	6	386	1	
82	0	71	step_1_no_load	1	2	1	394	
82	0	71	step_2_no_load	3	4	0.706816191949	0.482863323776	4	442	0	
82	0	72	step_1_no_load	1	2	2	457	
82	0	72	step_2_no_load	5	6	0.556486305476	0.626024641967	5	402	0	
82	0	73	step_1_no_load	1	2	2	237	
82	0	73	step_2_no_load	5	6	0.50185699984	0.657126403029	6	359	0	
82	0	74	step_1_no_load	1	2	2	592	
82	0	74	step_2_no_load	3	4	0.693624670847	0.453420386428	4	685	0	
82	0	75	step_1_no_load	1	2	1	356	
82	0	75	step_2_no_load	3	4	0.697629587097	0.44832280175	4	639	0	
82	0	76	step_1_no_load	1	2	1	313	
82	0	76	step_2_no_load	3	4	0.690117652944	0.488583631821	3	411	1	
82	0	77	step_1_no_load	1	2	1	382	
82	0	77	step_2_no_load	3	4	0.679737625371	0.446809557226	3	416	1	
82	0	78	step_1_no_load	1	2	1	291	
82	0	78	step_2_no_load	5	6	0.538654072849	0.536711448352	5	491	0	
82	0	79	step_1_no_load	1	2	2	406	
82	0	79	step_2_no_load	3	4	0.647841624544	0.389124152368	4	370	0	
82	0	80	step_1_no_load	1	2	2	295	
82	0	80	step_2_no_load	5	6	0.49921021142	0.518583383166	5	421	1	
82	0	81	step_1_no_load	1	2	2	332	
82	0	81	step_2_no_load	5	6	0.494116554432	0.529745690463	5	435	0	
82	0	82	step_1_no_load	1	2	1	477	
82	0	82	step_2_no_load	5	6	0.482727017837	0.564729328387	6	896	0	
82	0	83	step_1_no_load	1	2	1	390	
82	0	83	step_2_no_load	5	6	0.483255412498	0.607907985871	5	538	1	
82	0	84	step_1_no_load	1	2	1	426	
82	0	84	step_2_no_load	5	6	0.505586222209	0.65843840156	5	442	0	
82	0	85	step_1_no_load	1	2	2	419	
82	0	85	step_2_no_load	5	6	0.485785534744	0.692384972752	5	745	1	
82	0	86	step_1_no_load	1	2	2	273	
82	0	86	step_2_no_load	5	6	0.486462788728	0.691782850001	5	391	0	
82	0	87	step_1_no_load	1	2	2	281	
82	0	87	step_2_no_load	3	4	0.690012761069	0.40000499778	4	508	1	
82	0	88	step_1_no_load	1	2	2	386	
82	0	88	step_2_no_load	3	4	0.696773608304	0.377947492322	4	606	0	
82	0	89	step_1_no_load	1	2	1	242	
82	0	89	step_2_no_load	3	4	0.660112261017	0.415882489686	3	727	0	
82	0	90	step_1_no_load	1	2	1	399	
82	0	90	step_2_no_load	3	4	0.688736868033	0.411459496853	4	389	0	
82	0	91	step_1_no_load	1	2	2	346	
82	0	91	step_2_no_load	5	6	0.479087223222	0.685023809334	6	364	1	
82	0	92	step_1_no_load	1	2	2	339	
82	0	92	step_2_no_load	3	4	0.679381608313	0.444368850664	4	413	1	
82	0	93	step_1_no_load	1	2	2	322	
82	0	93	step_2_no_load	3	4	0.662863370634	0.439878153082	4	386	0	
82	0	94	step_1_no_load	1	2	2	310	
82	0	94	step_2_no_load	5	6	0.468637558205	0.719464414227	5	380	1	
82	0	95	step_1_no_load	1	2	2	252	
82	0	95	step_2_no_load	3	4	0.640209855442	0.427150666411	3	316	1	
82	0	96	step_1_no_load	1	2	2	320	
82	0	96	step_2_no_load	5	6	0.437558890646	0.693739812506	5	425	0	
82	0	97	step_1_no_load	1	2	1	298	
82	0	97	step_2_no_load	3	4	0.651202057411	0.392885664353	3	672	1	
82	0	98	step_1_no_load	1	2	1	330	
82	0	98	step_2_no_load	3	4	0.646040060297	0.409778171713	3	468	1	
82	0	99	step_1_no_load	1	2	1	324	
82	0	99	step_2_no_load	5	6	0.375249961522	0.673709850038	5	391	0	
82	0	100	step_1_no_load	1	2	1	327	
82	0	100	step_2_no_load	3	4	0.66579920021	0.4333505304	4	437	1	
82	0	101	step_1_no_load	1	2	1	350	
82	0	101	step_2_no_load	5	6	0.366879421891	0.623812401974	6	399	0	
82	0	102	step_1_no_load	1	2	2	246	
82	0	102	step_2_no_load	5	6	0.326080462175	0.666304534392	6	324	1	
82	0	103	step_1_no_load	1	2	2	295	
82	0	103	step_2_no_load	5	6	0.322834495838	0.663997796029	6	413	0	
82	0	104	step_1_no_load	1	2	2	283	
82	0	104	step_2_no_load	3	4	0.743372642809	0.521047445908	3	537	0	
82	0	105	step_1_no_load	1	2	1	1239	
82	0	105	step_2_no_load	3	4	0.722851301692	0.514318365187	3	1344	1	
82	0	106	step_1_no_load	1	2	1	323	
82	0	106	step_2_no_load	3	4	0.699623252899	0.508908032404	3	542	1	
82	0	107	step_1_no_load	1	2	1	193	
82	0	107	step_2_no_load	3	4	0.677514185929	0.565220528809	3	377	1	
82	0	108	step_1_no_load	1	2	1	286	
82	0	108	step_2_no_load	3	4	0.681491063126	0.526955028982	3	434	1	
82	0	109	step_1_no_load	1	2	1	268	
82	0	109	step_2_no_load	3	4	0.68658494263	0.479977531501	3	617	0	
82	0	110	step_1_no_load	1	2	1	336	
82	0	110	step_2_no_load	3	4	0.65455226558	0.432626681236	4	314	1	
82	0	111	step_1_no_load	1	2	1	339	
82	0	111	step_2_no_load	5	6	0.407158158569	0.724852671171	6	386	1	
82	0	112	step_1_no_load	1	2	1	259	
82	0	112	step_2_no_load	3	4	0.635252945963	0.392887565883	4	374	1	
82	0	113	step_1_no_load	1	2	1	361	
82	0	113	step_2_no_load	5	6	0.387112818105	0.719324307956	6	426	1	
82	0	114	step_1_no_load	1	2	1	309	
82	0	114	step_2_no_load	3	4	0.657654904272	0.380324086676	4	360	1	
82	0	115	step_1_no_load	1	2	1	271	
82	0	115	step_2_no_load	3	4	0.645721217949	0.390027643099	4	358	0	
82	0	116	step_1_no_load	1	2	2	431	
82	0	116	step_2_no_load	3	4	0.680124293449	0.378149844807	4	373	0	
82	0	117	step_1_no_load	1	2	2	337	
82	0	117	step_2_no_load	5	6	0.363056877927	0.747012267642	5	459	0	
82	0	118	step_1_no_load	1	2	1	382	
82	0	118	step_2_no_load	3	4	0.690484235012	0.357645851833	3	443	0	
82	0	119	step_1_no_load	1	2	1	468	
82	0	119	step_2_no_load	5	6	0.358243439099	0.690424535099	6	403	1	
82	0	120	step_1_no_load	1	2	1	212	
82	0	120	step_2_no_load	3	4	0.666433355915	0.370150243662	4	391	0	
82	0	121	step_1_no_load	1	2	2	273	
82	0	121	step_2_no_load	5	6	0.310775244958	0.658856304095	6	360	1	
82	0	122	step_1_no_load	1	2	2	133	
82	0	122	step_2_no_load	3	4	0.672193618854	0.329624572119	4	433	1	
82	0	123	step_1_no_load	1	2	2	394	
82	0	123	step_2_no_load	3	4	0.664849878232	0.337526896345	4	482	0	
82	0	124	step_1_no_load	1	2	2	281	
82	0	124	step_2_no_load	5	6	0.26095206597	0.603013298253	5	397	1	
82	0	125	step_1_no_load	1	2	2	262	
82	0	125	step_2_no_load	3	4	0.633566302563	0.303110862715	3	277	1	
82	0	126	step_1_no_load	1	2	2	299	
82	0	126	step_2_no_load	5	6	0.267206368684	0.537863824328	5	388	0	
82	0	127	step_1_no_load	1	2	1	369	
82	0	127	step_2_no_load	5	6	0.273483952592	0.560824094575	5	927	0	
82	0	128	step_1_no_load	1	2	1	392	
82	0	128	step_2_no_load	3	4	0.620672334996	0.250790232267	4	370	0	
82	0	129	step_1_no_load	1	2	2	268	
82	0	129	step_2_no_load	3	4	0.632682846317	0.271709703542	4	331	0	
82	0	130	step_1_no_load	1	2	2	25	
82	0	130	step_2_no_load	5	6	0.267460866951	0.682031489739	5	458	0	
82	0	131	step_1_no_load	1	2	1	234	
82	0	131	step_2_no_load	3	4	0.638450601212	0.311475039155	4	698	0	
82	0	132	step_1_no_load	1	2	1	292	
82	0	132	step_2_no_load	3	4	0.660013924697	0.315328810424	3	345	1	
82	0	133	step_1_no_load	1	2	1	385	
82	0	133	step_2_no_load	3	4	0.691649444281	0.312642735495	3	360	1	
82	0	134	step_1_no_load	1	2	1	388	
82	0	134	step_2_no_load	3	4	0.685529359147	0.302839427162	3	361	1	
82	0	135	step_1_no_load	1	2	1	516	
82	0	135	step_2_no_load	3	4	0.700779221781	0.287118934166	3	519	1	
82	0	136	step_1_no_load	1	2	1	487	
82	0	136	step_2_no_load	3	4	0.674914008636	0.284521085726	3	365	1	
82	0	137	step_1_no_load	1	2	1	634	
82	0	137	step_2_no_load	3	4	0.668540846495	0.325016613024	3	527	1	
82	0	138	step_1_no_load	1	2	1	505	
82	0	138	step_2_no_load	5	6	0.366701525561	0.63240964674	5	595	1	
82	0	139	step_1_no_load	1	2	1	481	
82	0	139	step_2_no_load	3	4	0.696355985729	0.323660750961	3	430	1	
82	0	140	step_1_no_load	1	2	1	468	
82	0	140	step_2_no_load	3	4	0.637682840728	0.328174526491	3	382	0	
82	0	141	step_1_no_load	1	2	1	592	
82	0	141	step_2_no_load	3	4	0.616803346728	0.311809871418	4	323	0	
82	0	142	step_1_no_load	1	2	2	307	
82	0	142	step_2_no_load	5	6	0.397052682821	0.690276058009	6	527	0	
82	0	143	step_1_no_load	1	2	2	300	
82	0	143	step_2_no_load	5	6	0.410970957547	0.661365099615	5	341	0	
82	0	144	step_1_no_load	1	2	1	948	
82	0	144	step_2_no_load	5	6	0.389234194056	0.626443722248	6	932	1	
82	0	145	step_1_no_load	1	2	1	400	
82	0	145	step_2_no_load	3	4	0.606515632748	0.266265924094	4	384	1	
82	0	146	step_1_no_load	1	2	1	401	
82	0	146	step_2_no_load	3	4	0.593778463268	0.257861956214	4	787	0	
82	0	147	step_1_no_load	1	2	1	386	
82	0	147	step_2_no_load	3	4	0.594861186319	0.265578160642	3	372	1	
82	0	148	step_1_no_load	1	2	1	303	
82	0	148	step_2_no_load	5	6	0.311162711725	0.619272702026	5	384	0	
82	0	149	step_1_no_load	1	2	2	330	
82	0	149	step_2_no_load	5	6	0.300290206122	0.601870110183	6	681	0	
82	0	150	step_1_no_load	1	2	2	386	
82	0	150	step_2_no_load	5	6	0.306860041627	0.575985663078	5	352	0	
82	0	151	step_1_no_load	1	2	1	311	
82	0	151	step_2_no_load	5	6	0.310557101463	0.59154759351	6	981	0	
82	0	152	step_1_no_load	1	2	1	245	
82	0	152	step_2_no_load	3	4	0.644204174791	0.307702500543	3	338	1	
82	0	153	step_1_no_load	1	2	1	425	
82	0	153	step_2_no_load	5	6	0.343622632154	0.613336203392	5	396	0	
82	0	154	step_1_no_load	1	2	2	508	
82	0	154	step_2_no_load	5	6	0.348349389262	0.638934099562	5	822	1	
82	0	155	step_1_no_load	1	2	2	247	
82	0	155	step_2_no_load	3	4	0.716100930629	0.296093457977	3	371	1	
82	0	156	step_1_no_load	1	2	2	427	
82	0	156	step_2_no_load	3	4	0.734436160799	0.32564867104	3	441	0	
82	0	157	step_1_no_load	1	2	2	252	
82	0	157	step_2_no_load	5	6	0.324728201487	0.585191807512	6	399	0	
82	0	158	step_1_no_load	1	2	1	458	
82	0	158	step_2_no_load	3	4	0.694270715354	0.408728803896	4	734	1	
82	0	159	step_1_no_load	1	2	1	270	
82	0	159	step_2_no_load	3	4	0.697903160072	0.413026375257	4	402	1	
82	0	160	step_1_no_load	1	2	1	401	
82	0	160	step_2_no_load	5	6	0.355992626298	0.521229931064	6	438	1	
82	0	161	step_1_no_load	1	2	1	451	
82	0	161	step_2_no_load	3	4	0.719896286569	0.407025633682	4	414	0	
82	0	162	step_1_no_load	1	2	1	324	
82	0	162	step_2_no_load	3	4	0.695144769903	0.3926701003	3	395	1	
82	0	163	step_1_no_load	1	2	1	346	
82	0	163	step_2_no_load	3	4	0.697095951435	0.395221309311	3	434	1	
82	0	164	step_1_no_load	1	2	1	284	
82	0	164	step_2_no_load	5	6	0.430844125626	0.585961845322	5	338	0	
82	0	165	step_1_no_load	1	2	2	379	
82	0	165	step_2_no_load	5	6	0.347974240867	0.538026607649	5	829	1	
82	0	166	step_1_no_load	1	2	2	391	
82	0	166	step_2_no_load	5	6	0.356317216644	0.549095060025	5	382	0	
82	0	167	step_1_no_load	1	2	2	279	
82	0	167	step_2_no_load	3	4	0.706271792549	0.38753671275	4	330	1	
82	0	168	step_1_no_load	1	2	2	446	
82	0	168	step_2_no_load	5	6	0.335777599654	0.613361520676	6	454	1	
82	0	169	step_1_no_load	1	2	2	447	
82	0	169	step_2_no_load	5	6	0.365156560071	0.586049140041	6	419	1	
82	0	170	step_1_no_load	1	2	2	479	
82	0	170	step_2_no_load	5	6	0.364989630435	0.57151385403	6	432	1	
82	0	171	step_1_no_load	1	2	2	382	
82	0	171	step_2_no_load	5	6	0.425122034074	0.553314431843	6	381	0	
82	0	172	step_1_no_load	1	2	1	835	
82	0	172	step_2_no_load	3	4	0.668669556875	0.363617002148	3	1225	0	
82	0	173	step_1_no_load	1	2	1	349	
82	0	173	step_2_no_load	5	6	0.462866379815	0.484428109849	6	333	1	
82	0	174	step_1_no_load	1	2	1	351	
82	0	174	step_2_no_load	3	4	0.729877433725	0.387867297446	4	408	0	
82	0	175	step_1_no_load	1	2	2	363	
82	0	175	step_2_no_load	5	6	0.484825491933	0.52644949356	6	1006	1	
82	0	176	step_1_no_load	1	2	2	388	
82	0	176	step_2_no_load	5	6	0.500856457218	0.474046874473	6	342	1	
82	0	177	step_1_no_load	1	2	2	326	
82	0	177	step_2_no_load	5	6	0.4798184927	0.501268576771	6	296	0	
82	0	178	step_1_no_load	1	2	2	369	
82	0	178	step_2_no_load	5	6	0.49020858644	0.493712351915	5	399	0	
82	0	179	step_1_no_load	1	2	1	368	
82	0	179	step_2_no_load	3	4	0.709345707515	0.324685418097	4	626	0	
82	0	180	step_1_no_load	1	2	1	311	
82	0	180	step_2_no_load	3	4	0.719795072986	0.341214611607	3	430	1	
82	0	181	step_1_no_load	1	2	1	592	
82	0	181	step_2_no_load	3	4	0.746910336326	0.342402764747	3	455	1	
82	0	182	step_1_no_load	1	2	1	270	
82	0	182	step_2_no_load	3	4	0.72717560423	0.340533666308	3	336	1	
82	0	183	step_1_no_load	1	2	1	412	
82	0	183	step_2_no_load	5	6	0.492742497507	0.502991759047	5	426	1	
82	0	184	step_1_no_load	1	2	1	399	
82	0	184	step_2_no_load	5	6	0.480863422096	0.460890977786	5	403	1	
82	0	185	step_1_no_load	1	2	1	417	
82	0	185	step_2_no_load	5	6	0.482228039858	0.479703516092	5	445	1	
82	0	186	step_1_no_load	1	2	1	340	
82	0	186	step_2_no_load	3	4	0.656308636836	0.332733011923	3	575	0	
82	0	187	step_1_no_load	1	2	2	798	
82	0	187	step_2_no_load	3	4	0.678211978625	0.328890769988	4	1178	1	
82	0	188	step_1_no_load	1	2	2	365	
82	0	188	step_2_no_load	5	6	0.548350535247	0.471319680586	6	355	1	
82	0	189	step_1_no_load	1	2	2	246	
82	0	189	step_2_no_load	3	4	0.688353284054	0.285168135955	4	324	0	
82	0	190	step_1_no_load	1	2	2	326	
82	0	190	step_2_no_load	3	4	0.667655825994	0.304557739386	3	383	1	
82	0	191	step_1_no_load	1	2	2	232	
82	0	191	step_2_no_load	5	6	0.512103523931	0.435748387321	5	313	1	
82	0	192	step_1_no_load	1	2	2	310	
82	0	192	step_2_no_load	5	6	0.493851022417	0.450791310283	5	332	0	
82	0	193	step_1_no_load	1	2	1	279	
82	0	193	step_2_no_load	3	4	0.679792491164	0.321008037746	4	413	0	
82	0	194	step_1_no_load	1	2	1	386	
82	0	194	step_2_no_load	3	4	0.655261361454	0.342437174514	3	380	1	
82	0	195	step_1_no_load	1	2	1	495	
82	0	195	step_2_no_load	3	4	0.646280688878	0.348571348505	3	440	1	
82	0	196	step_1_no_load	1	2	1	261	
82	0	196	step_2_no_load	3	4	0.695101215304	0.365373286058	3	329	1	
82	0	197	step_1_no_load	1	2	1	355	
82	0	197	step_2_no_load	5	6	0.47786945426	0.422511153127	5	398	1	
82	0	198	step_1_no_load	1	2	1	437	
82	0	198	step_2_no_load	3	4	0.68660989813	0.303352625941	3	366	1	
82	0	199	step_1_no_load	1	2	1	421	
82	0	199	step_2_no_load	3	4	0.73697129762	0.292861528884	3	362	1	
82	0	200	step_1_no_load	1	2	1	383	
82	0	200	step_2_no_load	3	4	0.728996708473	0.299128796668	3	443	1	

Thu Mar  2 20:24:17 2017
