Tue Mar  7 14:28:53 2017	
83	0	1	step_1_no_load	1	2	1	329	
83	0	1	step_2_no_load	3	4	0.457620150462	0.594299910136	3	630	0	
83	0	2	step_1_no_load	1	2	1	741	
83	0	2	step_2_no_load	3	4	0.474613197709	0.610961032466	4	335	1	
83	0	3	step_1_no_load	1	2	1	433	
83	0	3	step_2_no_load	3	4	0.476767372206	0.589215227351	4	408	0	
83	0	4	step_1_no_load	1	2	2	518	
83	0	4	step_2_no_load	5	6	0.494597764192	0.597491569846	6	374	0	
83	0	5	step_1_no_load	1	2	2	546	
83	0	5	step_2_no_load	3	4	0.495568760483	0.576104915614	3	382	1	
83	0	6	step_1_no_load	1	2	1	499	
83	0	6	step_2_no_load	5	6	0.490454120702	0.585722686883	6	938	1	
83	0	7	step_1_no_load	1	2	2	737	
83	0	7	step_2_no_load	5	6	0.506408070053	0.568656746487	6	875	0	
83	0	8	step_1_no_load	1	2	2	643	
83	0	8	step_2_no_load	3	4	0.489816616396	0.624210374623	3	1391	1	
83	0	9	step_1_no_load	1	2	2	785	
83	0	9	step_2_no_load	3	4	0.496546708465	0.641106877158	3	483	0	
83	0	10	step_1_no_load	1	2	2	402	
83	0	10	step_2_no_load	5	6	0.576063520885	0.652626043146	5	896	1	
83	0	11	step_1_no_load	1	2	1	423	
83	0	11	step_2_no_load	3	4	0.477013315682	0.609191465743	3	386	1	
83	0	12	step_1_no_load	1	2	1	612	
83	0	12	step_2_no_load	3	4	0.48457206759	0.552770607849	3	532	1	
83	0	13	step_1_no_load	1	2	1	454	
83	0	13	step_2_no_load	3	4	0.52012981853	0.558313135925	3	352	1	
83	0	14	step_1_no_load	1	2	1	414	
83	0	14	step_2_no_load	5	6	0.611256675753	0.629137942344	6	584	1	
83	0	15	step_1_no_load	1	2	2	732	
83	0	15	step_2_no_load	5	6	0.633564630036	0.612260006668	6	429	1	
83	0	16	step_1_no_load	1	2	2	493	
83	0	16	step_2_no_load	5	6	0.626326396372	0.628091198119	6	396	0	
83	0	17	step_1_no_load	1	2	2	345	
83	0	17	step_2_no_load	5	6	0.643116883134	0.633350170016	5	376	1	
83	0	18	step_1_no_load	1	2	2	291	
83	0	18	step_2_no_load	5	6	0.626895526976	0.626834332012	5	452	1	
83	0	19	step_1_no_load	1	2	2	332	
83	0	19	step_2_no_load	3	4	0.498240186199	0.536502319591	3	910	0	
83	0	20	step_1_no_load	1	2	2	418	
83	0	20	step_2_no_load	5	6	0.60665343963	0.636521555122	5	397	1	
83	0	21	step_1_no_load	1	2	2	275	
83	0	21	step_2_no_load	3	4	0.49769376036	0.470207377245	3	438	0	
83	0	22	step_1_no_load	1	2	2	590	
83	0	22	step_2_no_load	3	4	0.506100011497	0.468700882609	4	985	0	
83	0	23	step_1_no_load	1	2	2	502	
83	0	23	step_2_no_load	3	4	0.520606588181	0.513759772011	3	426	0	
83	0	24	step_1_no_load	1	2	2	713	
83	0	24	step_2_no_load	5	6	0.5800912085	0.582115115688	6	815	1	
83	0	25	step_1_no_load	1	2	2	362	
83	0	25	step_2_no_load	5	6	0.629917901014	0.565698722896	6	441	1	
83	0	26	step_1_no_load	1	2	2	0	
83	0	26	step_2_no_load	5	6	0.640635035276	0.592410219737	6	668	0	
83	0	27	step_1_no_load	1	2	2	377	
83	0	27	step_2_no_load	3	4	0.507272671939	0.54756089792	4	1263	1	
83	0	28	step_1_no_load	1	2	2	490	
83	0	28	step_2_no_load	3	4	0.520177259699	0.553259388875	4	1146	0	
83	0	29	step_1_no_load	1	2	2	311	
83	0	29	step_2_no_load	5	6	0.618626354124	0.606613029227	5	843	1	
83	0	30	step_1_no_load	1	2	2	296	
83	0	30	step_2_no_load	5	6	0.610227092493	0.608245979832	5	717	0	
83	0	31	step_1_no_load	1	2	1	528	
83	0	31	step_2_no_load	3	4	0.483156722265	0.541819886458	3	479	1	
83	0	32	step_1_no_load	1	2	1	389	
83	0	32	step_2_no_load	5	6	0.605616211083	0.634585171267	6	999	1	
83	0	33	step_1_no_load	1	2	1	297	
83	0	33	step_2_no_load	3	4	0.487664344039	0.542309898544	3	810	1	
83	0	34	step_1_no_load	1	2	1	290	
83	0	34	step_2_no_load	3	4	0.454565258478	0.538523758058	3	401	0	
83	0	35	step_1_no_load	1	2	1	431	
83	0	35	step_2_no_load	3	4	0.491437207585	0.594167768198	4	511	0	
83	0	36	step_1_no_load	1	2	2	561	
83	0	36	step_2_no_load	3	4	0.513210053121	0.611274573488	4	1445	1	
83	0	37	step_1_no_load	1	2	2	480	
83	0	37	step_2_no_load	5	6	0.660658056664	0.513822304161	6	598	1	
83	0	38	step_1_no_load	1	2	2	386	
83	0	38	step_2_no_load	5	6	0.651263699161	0.539078491643	6	473	1	
83	0	39	step_1_no_load	1	2	2	512	
83	0	39	step_2_no_load	5	6	0.634483337633	0.557005857101	6	648	0	
83	0	40	step_1_no_load	1	2	2	286	
83	0	40	step_2_no_load	5	6	0.636994900683	0.580760785074	5	397	1	
83	0	41	step_1_no_load	1	2	2	322	
83	0	41	step_2_no_load	5	6	0.633285941184	0.524862294848	5	472	1	
83	0	42	step_1_no_load	1	2	2	352	
83	0	42	step_2_no_load	5	6	0.606696263624	0.533857158543	5	390	1	
83	0	43	step_1_no_load	1	2	2	429	
83	0	43	step_2_no_load	5	6	0.581931546759	0.553703096215	5	636	1	
83	0	44	step_1_no_load	1	2	2	333	
83	0	44	step_2_no_load	5	6	0.589653131867	0.541854396676	5	414	0	
83	0	45	step_1_no_load	1	2	1	420	
83	0	45	step_2_no_load	5	6	0.620699591043	0.579346234508	6	1102	0	
83	0	46	step_1_no_load	1	2	2	387	
83	0	46	step_2_no_load	3	4	0.532238720495	0.600964500555	3	1037	1	
83	0	47	step_1_no_load	1	2	1	288	
83	0	47	step_2_no_load	3	4	0.493112702321	0.598724660986	3	389	1	
83	0	48	step_1_no_load	1	2	1	386	
83	0	48	step_2_no_load	3	4	0.488280685105	0.615767119776	3	383	0	
83	0	49	step_1_no_load	1	2	1	64	
83	0	49	step_2_no_load	3	4	0.489287375157	0.610193185592	4	416	1	
83	0	50	step_1_no_load	1	2	1	235	
83	0	50	step_2_no_load	3	4	0.47381367271	0.606862017918	4	577	1	
83	0	51	step_1_no_load	1	2	1	278	
83	0	51	step_2_no_load	3	4	0.469943944943	0.564866799699	4	399	1	
83	0	52	step_1_no_load	1	2	1	432	
83	0	52	step_2_no_load	3	4	0.429622901875	0.539065404057	4	763	0	
83	0	53	step_1_no_load	1	2	1	257	
83	0	53	step_2_no_load	3	4	0.451905460347	0.551457882502	3	292	0	
83	0	54	step_1_no_load	1	2	2	354	
83	0	54	step_2_no_load	3	4	0.491512498697	0.570223904064	3	958	1	
83	0	55	step_1_no_load	1	2	2	255	
83	0	55	step_2_no_load	5	6	0.639840796975	0.526704292526	6	386	0	
83	0	56	step_1_no_load	1	2	2	329	
83	0	56	step_2_no_load	5	6	0.60038825769	0.538512915562	5	398	1	
83	0	57	step_1_no_load	1	2	2	285	
83	0	57	step_2_no_load	5	6	0.586335094239	0.516475618243	5	604	1	
83	0	58	step_1_no_load	1	2	2	371	
83	0	58	step_2_no_load	5	6	0.610896130115	0.528376440027	5	462	1	
83	0	59	step_1_no_load	1	2	2	358	
83	0	59	step_2_no_load	5	6	0.608951267756	0.537400760025	5	398	1	
83	0	60	step_1_no_load	1	2	2	365	
83	0	60	step_2_no_load	5	6	0.599559577859	0.479287247283	5	354	1	
83	0	61	step_1_no_load	1	2	2	366	
83	0	61	step_2_no_load	5	6	0.602879526975	0.527144452559	5	469	0	
83	0	62	step_1_no_load	1	2	1	607	
83	0	62	step_2_no_load	3	4	0.50724109756	0.691137204746	3	382	1	
83	0	63	step_1_no_load	1	2	1	437	
83	0	63	step_2_no_load	5	6	0.642623127313	0.519445130796	6	725	0	
83	0	64	step_1_no_load	1	2	1	130	
83	0	64	step_2_no_load	3	4	0.555062911513	0.642369708469	3	573	0	
83	0	65	step_1_no_load	1	2	1	214	
83	0	65	step_2_no_load	3	4	0.569109504048	0.612660225018	4	406	1	
83	0	66	step_1_no_load	1	2	1	259	
83	0	66	step_2_no_load	3	4	0.573761869714	0.606938648072	4	926	1	
83	0	67	step_1_no_load	1	2	1	363	
83	0	67	step_2_no_load	5	6	0.674463681351	0.538279387614	5	1120	1	
83	0	68	step_1_no_load	1	2	2	139	
83	0	68	step_2_no_load	3	4	0.509127161919	0.622963076372	4	561	1	
83	0	69	step_1_no_load	1	2	2	198	
83	0	69	step_2_no_load	5	6	0.718756538957	0.560462111264	6	334	0	
83	0	70	step_1_no_load	1	2	2	402	
83	0	70	step_2_no_load	5	6	0.697741832068	0.548075770764	5	431	0	
83	0	71	step_1_no_load	1	2	2	261	
83	0	71	step_2_no_load	3	4	0.482863323776	0.639174917797	4	320	0	
83	0	72	step_1_no_load	1	2	1	500	
83	0	72	step_2_no_load	5	6	0.705884789502	0.556486305476	6	916	0	
83	0	73	step_1_no_load	1	2	2	409	
83	0	73	step_2_no_load	5	6	0.727961155836	0.50185699984	5	648	1	
83	0	74	step_1_no_load	1	2	2	458	
83	0	74	step_2_no_load	3	4	0.453420386428	0.614462146454	4	921	1	
83	0	75	step_1_no_load	1	2	1	513	
83	0	75	step_2_no_load	5	6	0.697629587097	0.483983914712	5	1091	1	
83	0	76	step_1_no_load	1	2	1	397	
83	0	76	step_2_no_load	5	6	0.690117652944	0.518881389358	5	890	0	
83	0	77	step_1_no_load	1	2	1	371	
83	0	77	step_2_no_load	5	6	0.679737625371	0.538119616568	6	918	0	
83	0	78	step_1_no_load	1	2	1	376	
83	0	78	step_2_no_load	5	6	0.647586191228	0.538654072849	5	278	1	
83	0	79	step_1_no_load	1	2	2	446	
83	0	79	step_2_no_load	5	6	0.647841624544	0.540085062695	5	549	1	
83	0	80	step_1_no_load	1	2	2	247	
83	0	80	step_2_no_load	5	6	0.703969305517	0.49921021142	5	368	0	
83	0	81	step_1_no_load	1	2	1	438	
83	0	81	step_2_no_load	3	4	0.419265522488	0.529745690463	4	789	0	
83	0	82	step_1_no_load	1	2	1	283	
83	0	82	step_2_no_load	3	4	0.395813831323	0.564729328387	3	412	0	
83	0	83	step_1_no_load	1	2	2	240	
83	0	83	step_2_no_load	5	6	0.726885136842	0.483255412498	6	1024	0	
83	0	84	step_1_no_load	1	2	2	306	
83	0	84	step_2_no_load	5	6	0.731466635793	0.505586222209	5	494	0	
83	0	85	step_1_no_load	1	2	1	465	
83	0	85	step_2_no_load	3	4	0.384458259121	0.692384972752	3	373	0	
83	0	86	step_1_no_load	1	2	1	400	
83	0	86	step_2_no_load	3	4	0.345323068124	0.691782850001	4	945	1	
83	0	87	step_1_no_load	1	2	1	387	
83	0	87	step_2_no_load	3	4	0.40000499778	0.719375344246	4	337	1	
83	0	88	step_1_no_load	1	2	1	275	
83	0	88	step_2_no_load	3	4	0.377947492322	0.717410082358	4	408	1	
83	0	89	step_1_no_load	1	2	1	303	
83	0	89	step_2_no_load	3	4	0.415882489686	0.690772436485	4	402	0	
83	0	90	step_1_no_load	1	2	1	369	
83	0	90	step_2_no_load	3	4	0.411459496853	0.712247848046	3	456	0	
83	0	91	step_1_no_load	1	2	2	392	
83	0	91	step_2_no_load	3	4	0.43534164751	0.685023809334	3	905	0	
83	0	92	step_1_no_load	1	2	2	263	
83	0	92	step_2_no_load	5	6	0.679381608313	0.484260039873	6	487	1	
83	0	93	step_1_no_load	1	2	2	272	
83	0	93	step_2_no_load	5	6	0.662863370634	0.473273727684	6	502	0	
83	0	94	step_1_no_load	1	2	2	380	
83	0	94	step_2_no_load	5	6	0.668295023896	0.468637558205	5	447	1	
83	0	95	step_1_no_load	1	2	2	458	
83	0	95	step_2_no_load	5	6	0.640209855442	0.42505578884	5	426	1	
83	0	96	step_1_no_load	1	2	2	577	
83	0	96	step_2_no_load	3	4	0.383038640121	0.693739812506	4	1132	1	
83	0	97	step_1_no_load	1	2	2	392	
83	0	97	step_2_no_load	3	4	0.392885664353	0.681272614291	3	416	0	
83	0	98	step_1_no_load	1	2	1	507	
83	0	98	step_2_no_load	3	4	0.409778171713	0.70287861952	4	485	1	
83	0	99	step_1_no_load	1	2	1	10	
83	0	99	step_2_no_load	3	4	0.397561363605	0.673709850038	4	429	1	
83	0	100	step_1_no_load	1	2	1	482	
83	0	100	step_2_no_load	5	6	0.66579920021	0.363162156005	6	389	1	
83	0	101	step_1_no_load	1	2	2	382	
83	0	101	step_2_no_load	3	4	0.497432607584	0.623812401974	4	414	0	
83	0	102	step_1_no_load	1	2	2	250	
83	0	102	step_2_no_load	3	4	0.494584754513	0.666304534392	3	1257	0	
83	0	103	step_1_no_load	1	2	2	7	
83	0	103	step_2_no_load	3	4	0.481975449893	0.663997796029	-1	-1	-1	
83	0	104	step_1_no_load	1	2	2	551	
83	0	104	step_2_no_load	5	6	0.743372642809	0.303696146503	6	886	0	
83	0	105	step_1_no_load	1	2	2	304	
83	0	105	step_2_no_load	5	6	0.722851301692	0.352639603242	5	410	1	
83	0	106	step_1_no_load	1	2	2	376	
83	0	106	step_2_no_load	5	6	0.699623252899	0.374131494222	5	705	1	
83	0	107	step_1_no_load	1	2	2	329	
83	0	107	step_2_no_load	5	6	0.677514185929	0.388257337796	5	411	0	
83	0	108	step_1_no_load	1	2	2	463	
83	0	108	step_2_no_load	5	6	0.681491063126	0.388185708856	6	456	0	
83	0	109	step_1_no_load	1	2	1	488	
83	0	109	step_2_no_load	5	6	0.68658494263	0.372328831887	6	1458	1	
83	0	110	step_1_no_load	1	2	2	502	
83	0	110	step_2_no_load	3	4	0.432626681236	0.729599891941	3	958	1	
83	0	111	step_1_no_load	1	2	1	377	
83	0	111	step_2_no_load	3	4	0.384948378665	0.724852671171	3	427	0	
83	0	112	step_1_no_load	1	2	1	404	
83	0	112	step_2_no_load	3	4	0.392887565883	0.725701866094	4	1066	1	
83	0	113	step_1_no_load	1	2	1	654	
83	0	113	step_2_no_load	3	4	0.370697120277	0.719324307956	4	363	0	
83	0	114	step_1_no_load	1	2	2	368	
83	0	114	step_2_no_load	3	4	0.380324086676	0.718213323791	3	603	1	
83	0	115	step_1_no_load	1	2	1	0	
83	0	115	step_2_no_load	3	4	0.390027643099	0.739704344621	3	307	0	
83	0	116	step_1_no_load	1	2	2	333	
83	0	116	step_2_no_load	5	6	0.680124293449	0.369438791876	5	999	0	
83	0	117	step_1_no_load	1	2	2	319	
83	0	117	step_2_no_load	5	6	0.671842537277	0.363056877927	6	380	1	
83	0	118	step_1_no_load	1	2	2	418	
83	0	118	step_2_no_load	5	6	0.690484235012	0.362977115924	6	612	0	
83	0	119	step_1_no_load	1	2	1	411	
83	0	119	step_2_no_load	5	6	0.661177321751	0.358243439099	5	399	1	
83	0	120	step_1_no_load	1	2	2	394	
83	0	120	step_2_no_load	5	6	0.666433355915	0.333809617664	5	521	1	
83	0	121	step_1_no_load	1	2	2	483	
83	0	121	step_2_no_load	3	4	0.352721767208	0.658856304095	3	460	0	
83	0	122	step_1_no_load	1	2	1	442	
83	0	122	step_2_no_load	3	4	0.329624572119	0.6136886145	4	388	1	
83	0	123	step_1_no_load	1	2	1	324	
83	0	123	step_2_no_load	5	6	0.664849878232	0.269780614928	6	360	0	
83	0	124	step_1_no_load	1	2	1	738	
83	0	124	step_2_no_load	3	4	0.309430836661	0.603013298253	4	906	0	
83	0	125	step_1_no_load	1	2	1	222	
83	0	125	step_2_no_load	3	4	0.303110862715	0.559596800931	4	0	1	
83	0	126	step_1_no_load	1	2	1	418	
83	0	126	step_2_no_load	5	6	0.600985760967	0.267206368684	5	974	1	
83	0	127	step_1_no_load	1	2	2	483	
83	0	127	step_2_no_load	5	6	0.646945556251	0.273483952592	5	446	1	
83	0	128	step_1_no_load	1	2	2	220	
83	0	128	step_2_no_load	5	6	0.620672334996	0.260252451606	5	431	0	
83	0	129	step_1_no_load	1	2	2	418	
83	0	129	step_2_no_load	3	4	0.271709703542	0.685297910719	3	1194	0	
83	0	130	step_1_no_load	1	2	2	208	
83	0	130	step_2_no_load	5	6	0.630285316669	0.267460866951	6	335	1	
83	0	131	step_1_no_load	1	2	2	262	
83	0	131	step_2_no_load	3	4	0.311475039155	0.678044920845	4	1213	0	
83	0	132	step_1_no_load	1	2	2	582	
83	0	132	step_2_no_load	5	6	0.660013924697	0.27986961048	6	529	1	
83	0	133	step_1_no_load	1	2	2	232	
83	0	133	step_2_no_load	5	6	0.691649444281	0.315608831386	6	788	0	
83	0	134	step_1_no_load	1	2	2	723	
83	0	134	step_2_no_load	3	4	0.302839427162	0.621945110858	4	902	1	
83	0	135	step_1_no_load	1	2	2	704	
83	0	135	step_2_no_load	5	6	0.700779221781	0.300079459047	6	840	1	
83	0	136	step_1_no_load	1	2	2	417	
83	0	136	step_2_no_load	3	4	0.284521085726	0.597814413435	3	739	0	
83	0	137	step_1_no_load	1	2	2	252	
83	0	137	step_2_no_load	3	4	0.325016613024	0.605896884497	4	874	0	
83	0	138	step_1_no_load	1	2	2	372	
83	0	138	step_2_no_load	5	6	0.688182193337	0.366701525561	6	771	1	
83	0	139	step_1_no_load	1	2	2	303	
83	0	139	step_2_no_load	5	6	0.696355985729	0.325611400511	6	398	0	
83	0	140	step_1_no_load	1	2	2	321	
83	0	140	step_2_no_load	5	6	0.637682840728	0.348740542008	5	447	0	
83	0	141	step_1_no_load	1	2	1	459	
83	0	141	step_2_no_load	3	4	0.311809871418	0.711987889705	3	496	0	
83	0	142	step_1_no_load	1	2	2	394	
83	0	142	step_2_no_load	5	6	0.627356259123	0.397052682821	6	685	0	
83	0	143	step_1_no_load	1	2	2	225	
83	0	143	step_2_no_load	5	6	0.610219102298	0.410970957547	5	522	1	
83	0	144	step_1_no_load	1	2	2	398	
83	0	144	step_2_no_load	5	6	0.639347300184	0.389234194056	5	507	0	
83	0	145	step_1_no_load	1	2	2	281	
83	0	145	step_2_no_load	5	6	0.606515632748	0.355256413269	6	412	1	
83	0	146	step_1_no_load	1	2	2	342	
83	0	146	step_2_no_load	3	4	0.257861956214	0.681611991725	3	1053	0	
83	0	147	step_1_no_load	1	2	1	430	
83	0	147	step_2_no_load	3	4	0.265578160642	0.647798886916	4	411	0	
83	0	148	step_1_no_load	1	2	1	285	
83	0	148	step_2_no_load	3	4	0.305288021243	0.619272702026	3	322	0	
83	0	149	step_1_no_load	1	2	2	368	
83	0	149	step_2_no_load	3	4	0.269951834184	0.601870110183	3	1057	0	
83	0	150	step_1_no_load	1	2	2	490	
83	0	150	step_2_no_load	3	4	0.305587692243	0.575985663078	4	1089	1	
83	0	151	step_1_no_load	1	2	1	294	
83	0	151	step_2_no_load	3	4	0.348172164421	0.59154759351	4	446	1	
83	0	152	step_1_no_load	1	2	1	277	
83	0	152	step_2_no_load	3	4	0.307702500543	0.595108765344	4	345	1	
83	0	153	step_1_no_load	1	2	1	250	
83	0	153	step_2_no_load	5	6	0.681559292085	0.343622632154	5	1024	1	
83	0	154	step_1_no_load	1	2	1	760	
83	0	154	step_2_no_load	3	4	0.316375537537	0.638934099562	4	588	0	
83	0	155	step_1_no_load	1	2	2	323	
83	0	155	step_2_no_load	5	6	0.716100930629	0.372188990474	5	794	1	
83	0	156	step_1_no_load	1	2	2	8	
83	0	156	step_2_no_load	5	6	0.734436160799	0.368378667812	5	389	1	
83	0	157	step_1_no_load	1	2	2	285	
83	0	157	step_2_no_load	3	4	0.350909357271	0.585191807512	4	1055	1	
83	0	158	step_1_no_load	1	2	1	679	
83	0	158	step_2_no_load	3	4	0.408728803896	0.532722108502	4	556	1	
83	0	159	step_1_no_load	1	2	1	203	
83	0	159	step_2_no_load	3	4	0.413026375257	0.541222065796	4	340	1	
83	0	160	step_1_no_load	1	2	1	519	
83	0	160	step_2_no_load	3	4	0.415052912783	0.521229931064	4	461	1	
83	0	161	step_1_no_load	1	2	1	1439	
83	0	161	step_2_no_load	3	4	0.407025633682	0.516036498158	4	494	0	
83	0	162	step_1_no_load	1	2	1	246	
83	0	162	step_2_no_load	3	4	0.3926701003	0.566496468084	3	744	0	
83	0	163	step_1_no_load	1	2	2	479	
83	0	163	step_2_no_load	5	6	0.697095951435	0.430920885959	5	451	1	
83	0	164	step_1_no_load	1	2	2	1162	
83	0	164	step_2_no_load	5	6	0.692137394606	0.430844125626	5	485	0	
83	0	165	step_1_no_load	1	2	2	294	
83	0	165	step_2_no_load	5	6	0.717506143195	0.347974240867	6	452	0	
83	0	166	step_1_no_load	1	2	2	391	
83	0	166	step_2_no_load	3	4	0.422282731054	0.549095060025	3	469	1	
83	0	167	step_1_no_load	1	2	1	311	
83	0	167	step_2_no_load	3	4	0.38753671275	0.585131062446	3	319	1	
83	0	168	step_1_no_load	1	2	1	419	
83	0	168	step_2_no_load	3	4	0.400817642375	0.613361520676	3	450	0	
83	0	169	step_1_no_load	1	2	2	363	
83	0	169	step_2_no_load	5	6	0.704981910944	0.365156560071	6	416	0	
83	0	170	step_1_no_load	1	2	2	418	
83	0	170	step_2_no_load	3	4	0.411067820436	0.57151385403	3	454	0	
83	0	171	step_1_no_load	1	2	2	495	
83	0	171	step_2_no_load	3	4	0.386979310814	0.553314431843	4	960	1	
83	0	172	step_1_no_load	1	2	2	709	
83	0	172	step_2_no_load	5	6	0.668669556875	0.490120307546	6	529	1	
83	0	173	step_1_no_load	1	2	2	448	
83	0	173	step_2_no_load	5	6	0.667027212577	0.462866379815	6	609	0	
83	0	174	step_1_no_load	1	2	2	0	
83	0	174	step_2_no_load	3	4	0.387867297446	0.472729524832	3	457	0	
83	0	175	step_1_no_load	1	2	2	405	
83	0	175	step_2_no_load	5	6	0.693968268443	0.484825491933	6	681	1	
83	0	176	step_1_no_load	1	2	2	275	
83	0	176	step_2_no_load	5	6	0.679250000396	0.500856457218	6	491	0	
83	0	177	step_1_no_load	1	2	2	472	
83	0	177	step_2_no_load	5	6	0.714070205704	0.4798184927	5	429	0	
83	0	178	step_1_no_load	1	2	1	277	
83	0	178	step_2_no_load	5	6	0.705993797498	0.49020858644	6	470	0	
83	0	179	step_1_no_load	1	2	1	406	
83	0	179	step_2_no_load	3	4	0.324685418097	0.457298770028	3	515	0	
83	0	180	step_1_no_load	1	2	1	398	
83	0	180	step_2_no_load	3	4	0.341214611607	0.482853857291	4	435	1	
83	0	181	step_1_no_load	1	2	1	289	
83	0	181	step_2_no_load	3	4	0.342402764747	0.508735114046	4	344	0	
83	0	182	step_1_no_load	1	2	2	554	
83	0	182	step_2_no_load	3	4	0.340533666308	0.506773281362	4	328	1	
83	0	183	step_1_no_load	1	2	1	389	
83	0	183	step_2_no_load	3	4	0.350175837802	0.502991759047	4	338	0	
83	0	184	step_1_no_load	1	2	1	482	
83	0	184	step_2_no_load	3	4	0.362743255194	0.460890977786	3	609	0	
83	0	185	step_1_no_load	1	2	2	316	
83	0	185	step_2_no_load	3	4	0.362611152222	0.479703516092	4	1218	0	
83	0	186	step_1_no_load	1	2	2	374	
83	0	186	step_2_no_load	5	6	0.656308636836	0.484672582719	5	780	1	
83	0	187	step_1_no_load	1	2	2	388	
83	0	187	step_2_no_load	5	6	0.678211978625	0.498596507669	5	514	1	
83	0	188	step_1_no_load	1	2	2	378	
83	0	188	step_2_no_load	3	4	0.291508050861	0.471319680586	3	486	0	
83	0	189	step_1_no_load	1	2	2	65	
83	0	189	step_2_no_load	5	6	0.688353284054	0.534753756004	5	402	1	
83	0	190	step_1_no_load	1	2	2	371	
83	0	190	step_2_no_load	5	6	0.667655825994	0.505820429042	5	445	1	
83	0	191	step_1_no_load	1	2	2	267	
83	0	191	step_2_no_load	3	4	0.318839908867	0.435748387321	4	1062	0	
83	0	192	step_1_no_load	1	2	2	95	
83	0	192	step_2_no_load	5	6	0.705517419189	0.493851022417	5	345	0	
83	0	193	step_1_no_load	1	2	2	265	
83	0	193	step_2_no_load	5	6	0.679792491164	0.504944704439	6	669	0	
83	0	194	step_1_no_load	1	2	1	22	
83	0	194	step_2_no_load	5	6	0.655261361454	0.505359594715	6	1108	0	
83	0	195	step_1_no_load	1	2	1	314	
83	0	195	step_2_no_load	3	4	0.348571348505	0.466795336969	3	459	1	
83	0	196	step_1_no_load	1	2	1	273	
83	0	196	step_2_no_load	3	4	0.365373286058	0.421761207498	3	516	1	
83	0	197	step_1_no_load	1	2	1	311	
83	0	197	step_2_no_load	3	4	0.316987700969	0.422511153127	3	437	0	
83	0	198	step_1_no_load	1	2	1	327	
83	0	198	step_2_no_load	3	4	0.303352625941	0.397292432346	4	559	1	
83	0	199	step_1_no_load	1	2	1	570	
83	0	199	step_2_no_load	3	4	0.292861528884	0.39793773834	4	400	0	
83	0	200	step_1_no_load	1	2	2	446	
83	0	200	step_2_no_load	5	6	0.728996708473	0.507902534353	6	609	0	

Tue Mar  7 14:47:39 2017
