Thu Mar  9 12:24:21 2017	
84	0	1	step_1_no_load	1	2	2	588	
84	0	1	step_2_no_load	5	6	0.511789129507	0.594299910136	6	731	1	
84	0	2	step_1_no_load	1	2	2	575	
84	0	2	step_2_no_load	5	6	0.533203491871	0.610961032466	6	834	1	
84	0	3	step_1_no_load	1	2	2	1011	
84	0	3	step_2_no_load	5	6	0.516002945397	0.589215227351	5	535	1	
84	0	4	step_1_no_load	1	2	2	513	
84	0	4	step_2_no_load	5	6	0.494597764192	0.564086293706	5	447	1	
84	0	5	step_1_no_load	1	2	1	691	
84	0	5	step_2_no_load	3	4	0.495568760483	0.623810210114	4	498	0	
84	0	6	step_1_no_load	1	2	1	713	
84	0	6	step_2_no_load	3	4	0.506877622204	0.585722686883	4	794	1	
84	0	7	step_1_no_load	1	2	2	1154	
84	0	7	step_2_no_load	3	4	0.500071913476	0.568656746487	3	846	0	
84	0	8	step_1_no_load	1	2	2	548	
84	0	8	step_2_no_load	5	6	0.499203529332	0.624210374623	6	475	0	
84	0	9	step_1_no_load	1	2	2	525	
84	0	9	step_2_no_load	5	6	0.54429228266	0.641106877158	6	43	1	
84	0	10	step_1_no_load	1	2	2	478	
84	0	10	step_2_no_load	5	6	0.576063520885	0.636063269715	6	401	1	
84	0	11	step_1_no_load	1	2	2	644	
84	0	11	step_2_no_load	5	6	0.59022801242	0.609191465743	5	379	1	
84	0	12	step_1_no_load	1	2	2	367	
84	0	12	step_2_no_load	5	6	0.597131918027	0.552770607849	5	273	1	
84	0	13	step_1_no_load	1	2	2	330	
84	0	13	step_2_no_load	3	4	0.52012981853	0.653587098421	3	736	1	
84	0	14	step_1_no_load	1	2	2	497	
84	0	14	step_2_no_load	3	4	0.491234392147	0.629137942344	4	273	0	
84	0	15	step_1_no_load	1	2	2	437	
84	0	15	step_2_no_load	5	6	0.633564630036	0.570419113221	6	514	1	
84	0	16	step_1_no_load	1	2	2	71	
84	0	16	step_2_no_load	5	6	0.626326396372	0.553308964466	6	967	0	
84	0	17	step_1_no_load	1	2	1	520	
84	0	17	step_2_no_load	5	6	0.643116883134	0.562895132605	5	178	0	
84	0	18	step_1_no_load	1	2	1	695	
84	0	18	step_2_no_load	3	4	0.517514133912	0.626834332012	4	286	1	
84	0	19	step_1_no_load	1	2	1	458	
84	0	19	step_2_no_load	3	4	0.498240186199	0.619895761657	4	351	1	
84	0	20	step_1_no_load	1	2	1	389	
84	0	20	step_2_no_load	3	4	0.478025448397	0.636521555122	3	309	0	
84	0	21	step_1_no_load	1	2	1	280	
84	0	21	step_2_no_load	3	4	0.49769376036	0.630305464549	3	288	0	
84	0	22	step_1_no_load	1	2	1	254	
84	0	22	step_2_no_load	3	4	0.506100011497	0.621949894727	3	406	1	
84	0	23	step_1_no_load	1	2	1	309	
84	0	23	step_2_no_load	5	6	0.604065470975	0.513759772011	5	348	0	
84	0	24	step_1_no_load	1	2	1	279	
84	0	24	step_2_no_load	5	6	0.5800912085	0.503316199018	5	389	1	
84	0	25	step_1_no_load	1	2	1	472	
84	0	25	step_2_no_load	3	4	0.503316372362	0.565698722896	3	361	1	
84	0	26	step_1_no_load	1	2	2	613	
84	0	26	step_2_no_load	5	6	0.640635035276	0.532884212818	5	592	0	
84	0	27	step_1_no_load	1	2	2	256	
84	0	27	step_2_no_load	5	6	0.642144756622	0.54756089792	6	66	0	
84	0	28	step_1_no_load	1	2	2	733	
84	0	28	step_2_no_load	5	6	0.647441527317	0.553259388875	5	339	1	
84	0	29	step_1_no_load	1	2	2	675	
84	0	29	step_2_no_load	5	6	0.618626354124	0.561957580386	5	1046	1	
84	0	30	step_1_no_load	1	2	2	477	
84	0	30	step_2_no_load	5	6	0.610227092493	0.574272497114	5	321	1	
84	0	31	step_1_no_load	1	2	1	477	
84	0	31	step_2_no_load	3	4	0.483156722265	0.636602545794	4	408	1	
84	0	32	step_1_no_load	1	2	1	471	
84	0	32	step_2_no_load	3	4	0.520318771114	0.634585171267	4	966	0	
84	0	33	step_1_no_load	1	2	1	399	
84	0	33	step_2_no_load	3	4	0.487664344039	0.611700032906	3	809	1	
84	0	34	step_1_no_load	1	2	1	307	
84	0	34	step_2_no_load	3	4	0.454565258478	0.575802910074	3	476	1	
84	0	35	step_1_no_load	1	2	2	521	
84	0	35	step_2_no_load	3	4	0.491437207585	0.566827313385	4	398	1	
84	0	36	step_1_no_load	1	2	2	437	
84	0	36	step_2_no_load	5	6	0.661229326326	0.611274573488	5	464	1	
84	0	37	step_1_no_load	1	2	2	918	
84	0	37	step_2_no_load	5	6	0.660658056664	0.598446394142	6	907	1	
84	0	38	step_1_no_load	1	2	2	464	
84	0	38	step_2_no_load	5	6	0.651263699161	0.595113730206	5	678	1	
84	0	39	step_1_no_load	1	2	1	464	
84	0	39	step_2_no_load	3	4	0.578640235206	0.557005857101	4	431	1	
84	0	40	step_1_no_load	1	2	1	533	
84	0	40	step_2_no_load	5	6	0.636994900683	0.607992802154	6	407	1	
84	0	41	step_1_no_load	1	2	1	1036	
84	0	41	step_2_no_load	5	6	0.633285941184	0.588857868869	5	975	0	
84	0	42	step_1_no_load	1	2	1	308	
84	0	42	step_2_no_load	5	6	0.606696263624	0.609164606591	5	268	1	
84	0	43	step_1_no_load	1	2	1	410	
84	0	43	step_2_no_load	5	6	0.581931546759	0.612705031264	5	390	1	
84	0	44	step_1_no_load	1	2	1	416	
84	0	44	step_2_no_load	5	6	0.589653131867	0.611481438855	6	325	1	
84	0	45	step_1_no_load	1	2	1	371	
84	0	45	step_2_no_load	3	4	0.5288039409	0.579346234508	4	334	0	
84	0	46	step_1_no_load	1	2	1	840	
84	0	46	step_2_no_load	5	6	0.654261318712	0.600964500555	5	475	1	
84	0	47	step_1_no_load	1	2	1	0	
84	0	47	step_2_no_load	3	4	0.493112702321	0.546259467838	3	378	1	
84	0	48	step_1_no_load	1	2	1	339	
84	0	48	step_2_no_load	3	4	0.488280685105	0.534690828011	4	418	1	
84	0	49	step_1_no_load	1	2	1	621	
84	0	49	step_2_no_load	3	4	0.489287375157	0.512405963374	3	356	1	
84	0	50	step_1_no_load	1	2	1	274	
84	0	50	step_2_no_load	3	4	0.47381367271	0.481616544184	3	576	0	
84	0	51	step_1_no_load	1	2	2	332	
84	0	51	step_2_no_load	5	6	0.613357430892	0.564866799699	5	140	1	
84	0	52	step_1_no_load	1	2	2	493	
84	0	52	step_2_no_load	5	6	0.613408921915	0.539065404057	5	1121	1	
84	0	53	step_1_no_load	1	2	2	402	
84	0	53	step_2_no_load	5	6	0.630956764252	0.551457882502	5	629	1	
84	0	54	step_1_no_load	1	2	2	590	
84	0	54	step_2_no_load	3	4	0.491512498697	0.493362545513	4	530	1	
84	0	55	step_1_no_load	1	2	2	288	
84	0	55	step_2_no_load	5	6	0.639840796975	0.574045915747	5	859	0	
84	0	56	step_1_no_load	1	2	2	387	
84	0	56	step_2_no_load	5	6	0.60038825769	0.601856598146	5	1240	0	
84	0	57	step_1_no_load	1	2	2	835	
84	0	57	step_2_no_load	3	4	0.466449077359	0.516475618243	3	338	0	
84	0	58	step_1_no_load	1	2	2	232	
84	0	58	step_2_no_load	3	4	0.478335218822	0.528376440027	3	776	0	
84	0	59	step_1_no_load	1	2	2	103	
84	0	59	step_2_no_load	3	4	0.480274332693	0.537400760025	3	1282	1	
84	0	60	step_1_no_load	1	2	2	614	
84	0	60	step_2_no_load	5	6	0.599559577859	0.623687406259	5	332	0	
84	0	61	step_1_no_load	1	2	1	9	
84	0	61	step_2_no_load	3	4	0.464268875813	0.527144452559	3	416	1	
84	0	62	step_1_no_load	1	2	1	371	
84	0	62	step_2_no_load	5	6	0.622820395113	0.691137204746	5	653	1	
84	0	63	step_1_no_load	1	2	1	682	
84	0	63	step_2_no_load	5	6	0.642623127313	0.664284493458	5	1049	1	
84	0	64	step_1_no_load	1	2	1	1	
84	0	64	step_2_no_load	5	6	0.626149195169	0.642369708469	6	517	0	
84	0	65	step_1_no_load	1	2	1	579	
84	0	65	step_2_no_load	3	4	0.569109504048	0.517687993213	3	413	1	
84	0	66	step_1_no_load	1	2	1	402	
84	0	66	step_2_no_load	3	4	0.573761869714	0.555324764318	3	942	1	
84	0	67	step_1_no_load	1	2	1	424	
84	0	67	step_2_no_load	5	6	0.674463681351	0.597650193897	6	673	0	
84	0	68	step_1_no_load	1	2	2	960	
84	0	68	step_2_no_load	5	6	0.719455209845	0.622963076372	5	1279	1	
84	0	69	step_1_no_load	1	2	2	601	
84	0	69	step_2_no_load	3	4	0.499137600991	0.560462111264	3	977	0	
84	0	70	step_1_no_load	1	2	2	611	
84	0	70	step_2_no_load	3	4	0.498834901463	0.548075770764	4	338	1	
84	0	71	step_1_no_load	1	2	2	492	
84	0	71	step_2_no_load	3	4	0.482863323776	0.546215110045	4	653	0	
84	0	72	step_1_no_load	1	2	2	431	
84	0	72	step_2_no_load	5	6	0.705884789502	0.626024641967	6	473	1	
84	0	73	step_1_no_load	1	2	1	541	
84	0	73	step_2_no_load	3	4	0.435957313805	0.50185699984	3	704	0	
84	0	74	step_1_no_load	1	2	1	389	
84	0	74	step_2_no_load	3	4	0.453420386428	0.491044983779	3	795	1	
84	0	75	step_1_no_load	1	2	-1	-1	
84	0	76	step_1_no_load	1	2	1	834	
84	0	76	step_2_no_load	3	4	0.488583631821	0.518881389358	3	573	1	
84	0	77	step_1_no_load	1	2	1	525	
84	0	77	step_2_no_load	3	4	0.446809557226	0.538119616568	4	443	1	
84	0	78	step_1_no_load	1	2	1	472	
84	0	78	step_2_no_load	3	4	0.435911167612	0.538654072849	4	570	1	
84	0	79	step_1_no_load	1	2	1	502	
84	0	79	step_2_no_load	3	4	0.389124152368	0.540085062695	3	487	0	
84	0	80	step_1_no_load	1	2	2	7	
84	0	80	step_2_no_load	3	4	0.396016175285	0.49921021142	4	657	1	
84	0	81	step_1_no_load	1	2	2	495	
84	0	81	step_2_no_load	3	4	0.419265522488	0.494116554432	3	341	0	
84	0	82	step_1_no_load	1	2	2	538	
84	0	82	step_2_no_load	5	6	0.688340116885	0.564729328387	5	431	1	
84	0	83	step_1_no_load	1	2	2	577	
84	0	83	step_2_no_load	5	6	0.726885136842	0.607907985871	6	598	1	
84	0	84	step_1_no_load	1	2	2	529	
84	0	84	step_2_no_load	5	6	0.731466635793	0.65843840156	6	791	0	
84	0	85	step_1_no_load	1	2	2	385	
84	0	85	step_2_no_load	5	6	0.712989604416	0.692384972752	5	361	1	
84	0	86	step_1_no_load	1	2	2	500	
84	0	86	step_2_no_load	3	4	0.345323068124	0.486462788728	3	967	0	
84	0	87	step_1_no_load	1	2	2	344	
84	0	87	step_2_no_load	5	6	0.690012761069	0.719375344246	6	216	1	
84	0	88	step_1_no_load	1	2	1	449	
84	0	88	step_2_no_load	5	6	0.696773608304	0.717410082358	6	869	1	
84	0	89	step_1_no_load	1	2	1	533	
84	0	89	step_2_no_load	3	4	0.415882489686	0.490019385174	4	955	0	
84	0	90	step_1_no_load	1	2	1	529	
84	0	90	step_2_no_load	3	4	0.411459496853	0.530126112124	3	639	1	
84	0	91	step_1_no_load	1	2	2	455	
84	0	91	step_2_no_load	5	6	0.657820521772	0.685023809334	6	1059	0	
84	0	92	step_1_no_load	1	2	1	515	
84	0	92	step_2_no_load	3	4	0.444368850664	0.484260039873	3	546	0	
84	0	93	step_1_no_load	1	2	1	496	
84	0	93	step_2_no_load	5	6	0.662863370634	0.70415710998	-1	-1	-1	
84	0	94	step_1_no_load	1	2	2	529	
84	0	94	step_2_no_load	3	4	0.429211756872	0.468637558205	3	828	0	
84	0	95	step_1_no_load	1	2	1	577	
84	0	95	step_2_no_load	3	4	0.427150666411	0.42505578884	3	503	1	
84	0	96	step_1_no_load	1	2	2	423	
84	0	96	step_2_no_load	5	6	0.663095813561	0.693739812506	5	1050	1	
84	0	97	step_1_no_load	1	2	1	535	
84	0	97	step_2_no_load	5	6	0.651202057411	0.681272614291	6	643	1	
84	0	98	step_1_no_load	1	2	2	479	
84	0	98	step_2_no_load	5	6	0.646040060297	0.70287861952	6	1174	1	
84	0	99	step_1_no_load	1	2	1	493	
84	0	99	step_2_no_load	3	4	0.397561363605	0.375249961522	3	556	1	
84	0	100	step_1_no_load	1	2	2	582	
84	0	100	step_2_no_load	3	4	0.4333505304	0.363162156005	4	570	0	
84	0	101	step_1_no_load	1	2	2	811	
84	0	101	step_2_no_load	3	4	0.497432607584	0.366879421891	3	921	1	
84	0	102	step_1_no_load	1	2	1	650	
84	0	102	step_2_no_load	5	6	0.663124617603	0.666304534392	5	981	1	
84	0	103	step_1_no_load	1	2	2	423	
84	0	103	step_2_no_load	3	4	0.481975449893	0.322834495838	3	523	0	
84	0	104	step_1_no_load	1	2	1	478	
84	0	104	step_2_no_load	3	4	0.521047445908	0.303696146503	3	1127	0	
84	0	105	step_1_no_load	1	2	1	1055	
84	0	105	step_2_no_load	3	4	0.514318365187	0.352639603242	3	871	1	
84	0	106	step_1_no_load	1	2	1	534	
84	0	106	step_2_no_load	3	4	0.508908032404	0.374131494222	3	768	1	
84	0	107	step_1_no_load	1	2	2	390	
84	0	107	step_2_no_load	5	6	0.677514185929	0.692607431435	6	746	1	
84	0	108	step_1_no_load	1	2	1	408	
84	0	108	step_2_no_load	5	6	0.681491063126	0.695928523711	6	771	1	
84	0	109	step_1_no_load	1	2	2	476	
84	0	109	step_2_no_load	5	6	0.68658494263	0.71632547018	6	945	1	
84	0	110	step_1_no_load	1	2	2	309	
84	0	110	step_2_no_load	5	6	0.65455226558	0.729599891941	6	472	1	
84	0	111	step_1_no_load	1	2	2	359	
84	0	111	step_2_no_load	5	6	0.634599547742	0.724852671171	6	567	0	
84	0	112	step_1_no_load	1	2	1	495	
84	0	112	step_2_no_load	3	4	0.392887565883	0.413393106784	3	781	1	
84	0	113	step_1_no_load	1	2	1	782	
84	0	113	step_2_no_load	3	4	0.370697120277	0.387112818105	3	872	0	
84	0	114	step_1_no_load	1	2	2	459	
84	0	114	step_2_no_load	5	6	0.657654904272	0.718213323791	5	746	0	
84	0	115	step_1_no_load	1	2	2	545	
84	0	115	step_2_no_load	5	6	0.645721217949	0.739704344621	5	1318	1	
84	0	116	step_1_no_load	1	2	2	481	
84	0	116	step_2_no_load	5	6	0.680124293449	0.706736514943	6	471	1	
84	0	117	step_1_no_load	1	2	2	393	
84	0	117	step_2_no_load	5	6	0.671842537277	0.747012267642	5	733	1	
84	0	118	step_1_no_load	1	2	2	349	
84	0	118	step_2_no_load	5	6	0.690484235012	0.740051715856	5	694	1	
84	0	119	step_1_no_load	1	2	1	0	
84	0	119	step_2_no_load	3	4	0.357515098446	0.358243439099	4	159	0	
84	0	120	step_1_no_load	1	2	1	519	
84	0	120	step_2_no_load	5	6	0.666433355915	0.70587238626	6	945	1	
84	0	121	step_1_no_load	1	2	1	451	
84	0	121	step_2_no_load	3	4	0.352721767208	0.310775244958	4	587	0	
84	0	122	step_1_no_load	1	2	1	368	
84	0	122	step_2_no_load	3	4	0.329624572119	0.266650857402	3	621	0	
84	0	123	step_1_no_load	1	2	1	340	
84	0	123	step_2_no_load	3	4	0.337526896345	0.269780614928	3	747	0	
84	0	124	step_1_no_load	1	2	1	645	
84	0	124	step_2_no_load	3	4	0.309430836661	0.26095206597	4	913	0	
84	0	125	step_1_no_load	1	2	1	360	
84	0	125	step_2_no_load	3	4	0.303110862715	0.290374841566	3	748	0	
84	0	126	step_1_no_load	1	2	2	495	
84	0	126	step_2_no_load	3	4	0.300846667696	0.267206368684	4	901	1	
84	0	127	step_1_no_load	1	2	2	351	
84	0	127	step_2_no_load	5	6	0.646945556251	0.560824094575	6	939	0	
84	0	128	step_1_no_load	1	2	2	390	
84	0	128	step_2_no_load	5	6	0.620672334996	0.636905534066	5	826	1	
84	0	129	step_1_no_load	1	2	1	577	
84	0	129	step_2_no_load	5	6	0.632682846317	0.685297910719	6	834	0	
84	0	130	step_1_no_load	1	2	1	458	
84	0	130	step_2_no_load	3	4	0.274560758494	0.267460866951	4	1033	0	
84	0	131	step_1_no_load	1	2	1	464	
84	0	131	step_2_no_load	3	4	0.311475039155	0.281500842289	3	462	1	
84	0	132	step_1_no_load	1	2	1	444	
84	0	132	step_2_no_load	3	4	0.315328810424	0.27986961048	3	537	0	
84	0	133	step_1_no_load	1	2	2	283	
84	0	133	step_2_no_load	5	6	0.691649444281	0.617383991623	6	681	0	
84	0	134	step_1_no_load	1	2	2	419	
84	0	134	step_2_no_load	5	6	0.685529359147	0.621945110858	6	904	1	
84	0	135	step_1_no_load	1	2	2	981	
84	0	135	step_2_no_load	5	6	0.700779221781	0.593710006149	5	1177	0	
84	0	136	step_1_no_load	1	2	2	435	
84	0	136	step_2_no_load	5	6	0.674914008636	0.597814413435	6	838	1	
84	0	137	step_1_no_load	1	2	2	387	
84	0	137	step_2_no_load	5	6	0.668540846495	0.605896884497	6	568	0	
84	0	138	step_1_no_load	1	2	2	488	
84	0	138	step_2_no_load	5	6	0.688182193337	0.63240964674	5	750	1	
84	0	139	step_1_no_load	1	2	2	424	
84	0	139	step_2_no_load	5	6	0.696355985729	0.636630981281	5	757	1	
84	0	140	step_1_no_load	1	2	2	355	
84	0	140	step_2_no_load	5	6	0.637682840728	0.671213945178	6	1154	1	
84	0	141	step_1_no_load	1	2	2	359	
84	0	141	step_2_no_load	5	6	0.616803346728	0.711987889705	5	1122	1	
84	0	142	step_1_no_load	1	2	1	469	
84	0	142	step_2_no_load	5	6	0.627356259123	0.690276058009	5	1041	1	
84	0	143	step_1_no_load	1	2	1	392	
84	0	143	step_2_no_load	5	6	0.610219102298	0.661365099615	5	1142	0	
84	0	144	step_1_no_load	1	2	1	325	
84	0	144	step_2_no_load	5	6	0.639347300184	0.626443722248	5	916	0	
84	0	145	step_1_no_load	1	2	1	340	
84	0	145	step_2_no_load	3	4	0.266265924094	0.355256413269	3	462	0	
84	0	146	step_1_no_load	1	2	1	353	
84	0	146	step_2_no_load	3	4	0.257861956214	0.320877500969	3	1371	0	
84	0	147	step_1_no_load	1	2	1	287	
84	0	147	step_2_no_load	3	4	0.265578160642	0.352879785946	4	701	1	
84	0	148	step_1_no_load	1	2	1	378	
84	0	148	step_2_no_load	3	4	0.305288021243	0.311162711725	3	1371	0	
84	0	149	step_1_no_load	1	2	1	454	
84	0	149	step_2_no_load	3	4	0.269951834184	0.300290206122	4	717	0	
84	0	150	step_1_no_load	1	2	1	608	
84	0	150	step_2_no_load	3	4	0.305587692243	0.306860041627	4	530	1	
84	0	151	step_1_no_load	1	2	1	311	
84	0	151	step_2_no_load	3	4	0.348172164421	0.310557101463	4	1355	0	
84	0	152	step_1_no_load	1	2	2	522	
84	0	152	step_2_no_load	3	4	0.307702500543	0.323194010514	3	1160	0	
84	0	153	step_1_no_load	1	2	2	420	
84	0	153	step_2_no_load	3	4	0.309356532263	0.343622632154	4	809	0	
84	0	154	step_1_no_load	1	2	2	399	
84	0	154	step_2_no_load	5	6	0.671672162443	0.638934099562	5	333	1	
84	0	155	step_1_no_load	1	2	2	479	
84	0	155	step_2_no_load	5	6	0.716100930629	0.632486591889	5	726	1	
84	0	156	step_1_no_load	1	2	2	327	
84	0	156	step_2_no_load	5	6	0.734436160799	0.631048201903	5	1023	1	
84	0	157	step_1_no_load	1	2	2	284	
84	0	157	step_2_no_load	3	4	0.350909357271	0.324728201487	4	1009	0	
84	0	158	step_1_no_load	1	2	2	357	
84	0	158	step_2_no_load	5	6	0.694270715354	0.532722108502	6	952	0	
84	0	159	step_1_no_load	1	2	2	374	
84	0	159	step_2_no_load	3	4	0.413026375257	0.321150411254	4	944	0	
84	0	160	step_1_no_load	1	2	2	340	
84	0	160	step_2_no_load	3	4	0.415052912783	0.355992626298	4	412	0	
84	0	161	step_1_no_load	1	2	2	367	
84	0	161	step_2_no_load	5	6	0.719896286569	0.516036498158	5	597	1	
84	0	162	step_1_no_load	1	2	2	393	
84	0	162	step_2_no_load	5	6	0.695144769903	0.566496468084	5	406	1	
84	0	163	step_1_no_load	1	2	2	550	
84	0	163	step_2_no_load	5	6	0.697095951435	0.5863391277	5	573	1	
84	0	164	step_1_no_load	1	2	2	322	
84	0	164	step_2_no_load	5	6	0.692137394606	0.585961845322	6	939	0	
84	0	165	step_1_no_load	1	2	2	407	
84	0	165	step_2_no_load	5	6	0.717506143195	0.538026607649	5	486	1	
84	0	166	step_1_no_load	1	2	2	332	
84	0	166	step_2_no_load	5	6	0.686594248975	0.549095060025	5	959	1	
84	0	167	step_1_no_load	1	2	2	417	
84	0	167	step_2_no_load	5	6	0.706271792549	0.585131062446	5	680	1	
84	0	168	step_1_no_load	1	2	1	621	
84	0	168	step_2_no_load	3	4	0.400817642375	0.335777599654	3	689	0	
84	0	169	step_1_no_load	1	2	1	597	
84	0	169	step_2_no_load	3	4	0.42098542374	0.365156560071	4	614	0	
84	0	170	step_1_no_load	1	2	1	419	
84	0	170	step_2_no_load	5	6	0.67334314737	0.57151385403	5	1280	0	
84	0	171	step_1_no_load	1	2	-1	-1	
84	0	172	step_1_no_load	1	2	2	708	
84	0	172	step_2_no_load	5	6	0.668669556875	0.519090471457	5	1144	0	
84	0	173	step_1_no_load	1	2	2	1279	
84	0	173	step_2_no_load	5	6	0.667027212577	0.484428109849	6	1164	0	
84	0	174	step_1_no_load	1	2	1	150	
84	0	174	step_2_no_load	3	4	0.387867297446	0.46236234172	3	416	0	
84	0	175	step_1_no_load	1	2	2	425	
84	0	175	step_2_no_load	5	6	0.693968268443	0.52644949356	6	562	0	
84	0	176	step_1_no_load	1	2	2	361	
84	0	176	step_2_no_load	3	4	0.383231572002	0.500856457218	3	441	1	
84	0	177	step_1_no_load	1	2	2	351	
84	0	177	step_2_no_load	5	6	0.714070205704	0.501268576771	5	377	0	
84	0	178	step_1_no_load	1	2	2	0	
84	0	178	step_2_no_load	5	6	0.705993797498	0.493712351915	6	357	1	
84	0	179	step_1_no_load	1	2	2	435	
84	0	179	step_2_no_load	5	6	0.709345707515	0.457298770028	6	407	1	
84	0	180	step_1_no_load	1	2	2	296	
84	0	180	step_2_no_load	3	4	0.341214611607	0.489345734128	3	609	1	
84	0	181	step_1_no_load	1	2	2	557	
84	0	181	step_2_no_load	3	4	0.342402764747	0.480141179559	3	723	0	
84	0	182	step_1_no_load	1	2	2	563	
84	0	182	step_2_no_load	5	6	0.72717560423	0.506773281362	6	919	0	
84	0	183	step_1_no_load	1	2	2	275	
84	0	183	step_2_no_load	5	6	0.720388040749	0.502991759047	5	527	1	
84	0	184	step_1_no_load	1	2	2	458	
84	0	184	step_2_no_load	5	6	0.657291439324	0.460890977786	5	1137	1	
84	0	185	step_1_no_load	1	2	2	269	
84	0	185	step_2_no_load	3	4	0.362611152222	0.482228039858	4	1099	0	
84	0	186	step_1_no_load	1	2	2	385	
84	0	186	step_2_no_load	3	4	0.332733011923	0.484672582719	3	651	0	
84	0	187	step_1_no_load	1	2	2	323	
84	0	187	step_2_no_load	3	4	0.328890769988	0.498596507669	3	555	0	
84	0	188	step_1_no_load	1	2	2	407	
84	0	188	step_2_no_load	5	6	0.696362660087	0.471319680586	6	508	1	
84	0	189	step_1_no_load	1	2	2	306	
84	0	189	step_2_no_load	5	6	0.688353284054	0.448897869069	6	594	1	
84	0	190	step_1_no_load	1	2	2	335	
84	0	190	step_2_no_load	3	4	0.304557739386	0.505820429042	3	1123	1	
84	0	191	step_1_no_load	1	2	2	385	
84	0	191	step_2_no_load	5	6	0.664271461991	0.435748387321	6	989	1	
84	0	192	step_1_no_load	1	2	2	261	
84	0	192	step_2_no_load	3	4	0.299297135717	0.493851022417	4	862	1	
84	0	193	step_1_no_load	1	2	2	259	
84	0	193	step_2_no_load	3	4	0.321008037746	0.504944704439	4	485	0	
84	0	194	step_1_no_load	1	2	2	374	
84	0	194	step_2_no_load	5	6	0.655261361454	0.433250459893	6	569	1	
84	0	195	step_1_no_load	1	2	2	0	
84	0	195	step_2_no_load	3	4	0.348571348505	0.494102184238	3	714	1	
84	0	196	step_1_no_load	1	2	2	621	
84	0	196	step_2_no_load	5	6	0.695101215304	0.421761207498	5	690	0	
84	0	197	step_1_no_load	1	2	2	510	
84	0	197	step_2_no_load	5	6	0.686552522522	0.422511153127	6	672	1	
84	0	198	step_1_no_load	1	2	2	76	
84	0	198	step_2_no_load	3	4	0.303352625941	0.485065498391	3	542	0	
84	0	199	step_1_no_load	1	2	2	490	
84	0	199	step_2_no_load	5	6	0.73697129762	0.39793773834	6	284	0	
84	0	200	step_1_no_load	1	2	2	643	
84	0	200	step_2_no_load	3	4	0.299128796668	0.507902534353	3	704	0	

Thu Mar  9 12:43:16 2017
