Mon Mar 13 17:22:08 2017	
86	0	1	step_1_no_load	1	2	1	492	
86	0	1	step_2_no_load	3	4	0.511789129507	0.598297890399	3	611	0	
86	0	2	step_1_no_load	1	2	1	245	
86	0	2	step_2_no_load	3	4	0.533203491871	0.580156942153	4	545	1	
86	0	3	step_1_no_load	1	2	1	284	
86	0	3	step_2_no_load	5	6	0.476767372206	0.589215227351	6	942	1	
86	0	4	step_1_no_load	1	2	1	411	
86	0	4	step_2_no_load	5	6	0.478607661228	0.564086293706	6	944	0	
86	0	5	step_1_no_load	1	2	1	243	
86	0	5	step_2_no_load	5	6	0.495568760483	0.576104915614	-1	-1	-1	
86	0	6	step_1_no_load	1	2	2	357	
86	0	6	step_2_no_load	5	6	0.506877622204	0.603642866427	6	681	0	
86	0	7	step_1_no_load	1	2	2	249	
86	0	7	step_2_no_load	5	6	0.500071913476	0.622642364361	5	686	1	
86	0	8	step_1_no_load	1	2	1	323	
86	0	8	step_2_no_load	5	6	0.489816616396	0.624210374623	5	865	0	
86	0	9	step_1_no_load	1	2	1	172	
86	0	9	step_2_no_load	3	4	0.54429228266	0.598049061473	3	632	1	
86	0	10	step_1_no_load	1	2	2	217	
86	0	10	step_2_no_load	3	4	0.576063520885	0.652626043146	3	459	1	
86	0	11	step_1_no_load	1	2	2	263	
86	0	11	step_2_no_load	5	6	0.477013315682	0.609191465743	5	1020	0	
86	0	12	step_1_no_load	1	2	2	226	
86	0	12	step_2_no_load	5	6	0.48457206759	0.552770607849	6	752	1	
86	0	13	step_1_no_load	1	2	2	203	
86	0	13	step_2_no_load	3	4	0.595790490356	0.653587098421	3	645	1	
86	0	14	step_1_no_load	1	2	2	205	
86	0	14	step_2_no_load	5	6	0.491234392147	0.545555696267	6	903	0	
86	0	15	step_1_no_load	1	2	1	265	
86	0	15	step_2_no_load	5	6	0.505377237737	0.570419113221	5	793	1	
86	0	16	step_1_no_load	1	2	1	258	
86	0	16	step_2_no_load	3	4	0.626326396372	0.628091198119	3	619	0	
86	0	17	step_1_no_load	1	2	1	117	
86	0	17	step_2_no_load	5	6	0.535958400205	0.562895132605	5	692	1	
86	0	18	step_1_no_load	1	2	1	269	
86	0	18	step_2_no_load	3	4	0.626895526976	0.626834332012	3	886	1	
86	0	19	step_1_no_load	1	2	1	258	
86	0	19	step_2_no_load	5	6	0.498240186199	0.536502319591	5	445	0	
86	0	20	step_1_no_load	1	2	2	1	
86	0	20	step_2_no_load	5	6	0.478025448397	0.491720931314	5	866	0	
86	0	21	step_1_no_load	1	2	2	0	
86	0	21	step_2_no_load	5	6	0.49769376036	0.470207377245	5	834	0	
86	0	22	step_1_no_load	1	2	2	228	
86	0	22	step_2_no_load	5	6	0.506100011497	0.468700882609	6	631	0	
86	0	23	step_1_no_load	1	2	1	1	
86	0	23	step_2_no_load	5	6	0.520606588181	0.513759772011	5	1045	1	
86	0	24	step_1_no_load	1	2	1	189	
86	0	24	step_2_no_load	3	4	0.5800912085	0.582115115688	3	737	1	
86	0	25	step_1_no_load	1	2	1	219	
86	0	25	step_2_no_load	3	4	0.629917901014	0.565698722896	3	662	1	
86	0	26	step_1_no_load	1	2	1	0	
86	0	26	step_2_no_load	5	6	0.511744353778	0.532884212818	5	1016	0	
86	0	27	step_1_no_load	1	2	1	230	
86	0	27	step_2_no_load	3	4	0.642144756622	0.57860777711	3	468	1	
86	0	28	step_1_no_load	1	2	1	323	
86	0	28	step_2_no_load	3	4	0.647441527317	0.588356036098	3	621	1	
86	0	29	step_1_no_load	1	2	2	204	
86	0	29	step_2_no_load	5	6	0.521159009103	0.561957580386	5	963	0	
86	0	30	step_1_no_load	1	2	2	366	
86	0	30	step_2_no_load	5	6	0.4919199548	0.574272497114	6	738	1	
86	0	31	step_1_no_load	1	2	2	229	
86	0	31	step_2_no_load	3	4	0.606122691795	0.636602545794	3	688	0	
86	0	32	step_1_no_load	1	2	1	257	
86	0	32	step_2_no_load	3	4	0.605616211083	0.634585171267	3	576	1	
86	0	33	step_1_no_load	1	2	1	0	
86	0	33	step_2_no_load	5	6	0.487664344039	0.542309898544	6	732	1	
86	0	34	step_1_no_load	1	2	2	293	
86	0	34	step_2_no_load	5	6	0.454565258478	0.538523758058	6	440	0	
86	0	35	step_1_no_load	1	2	1	1	
86	0	35	step_2_no_load	3	4	0.649776015006	0.566827313385	3	479	0	
86	0	36	step_1_no_load	1	2	2	588	
86	0	36	step_2_no_load	5	6	0.513210053121	0.611274573488	6	1079	0	
86	0	37	step_1_no_load	1	2	1	167	
86	0	37	step_2_no_load	3	4	0.660658056664	0.513822304161	3	796	0	
86	0	38	step_1_no_load	1	2	1	409	
86	0	38	step_2_no_load	5	6	0.553931241266	0.595113730206	5	946	0	
86	0	39	step_1_no_load	1	2	1	540	
86	0	39	step_2_no_load	5	6	0.578640235206	0.610601635554	6	1118	1	
86	0	40	step_1_no_load	1	2	1	255	
86	0	40	step_2_no_load	3	4	0.636994900683	0.580760785074	4	1174	1	
86	0	41	step_1_no_load	1	2	1	307	
86	0	41	step_2_no_load	5	6	0.583829055298	0.588857868869	6	768	1	
86	0	42	step_1_no_load	1	2	1	170	
86	0	42	step_2_no_load	3	4	0.606696263624	0.533857158543	4	1163	1	
86	0	43	step_1_no_load	1	2	1	450	
86	0	43	step_2_no_load	3	4	0.581931546759	0.553703096215	4	687	1	
86	0	44	step_1_no_load	1	2	1	169	
86	0	44	step_2_no_load	5	6	0.537842745081	0.611481438855	6	908	0	
86	0	45	step_1_no_load	1	2	1	184	
86	0	45	step_2_no_load	5	6	0.5288039409	0.632991467829	5	998	1	
86	0	46	step_1_no_load	1	2	2	35	
86	0	46	step_2_no_load	5	6	0.532238720495	0.600964500555	5	685	0	
86	0	47	step_1_no_load	1	2	2	196	
86	0	47	step_2_no_load	5	6	0.493112702321	0.598724660986	6	809	0	
86	0	48	step_1_no_load	1	2	1	1	
86	0	48	step_2_no_load	3	4	0.657624935632	0.534690828011	4	998	1	
86	0	49	step_1_no_load	1	2	1	1	
86	0	49	step_2_no_load	5	6	0.489287375157	0.610193185592	6	535	1	
86	0	50	step_1_no_load	1	2	1	156	
86	0	50	step_2_no_load	3	4	0.593458480934	0.481616544184	4	814	1	
86	0	51	step_1_no_load	1	2	1	210	
86	0	51	step_2_no_load	3	4	0.613357430892	0.508197321577	4	577	1	
86	0	52	step_1_no_load	1	2	1	96	
86	0	52	step_2_no_load	3	4	0.613408921915	0.513589895419	4	562	1	
86	0	53	step_1_no_load	1	2	1	472	
86	0	53	step_2_no_load	5	6	0.451905460347	0.551457882502	6	1097	1	
86	0	54	step_1_no_load	1	2	1	93	
86	0	54	step_2_no_load	3	4	0.652515308527	0.493362545513	4	506	0	
86	0	55	step_1_no_load	1	2	1	7	
86	0	55	step_2_no_load	3	4	0.639840796975	0.526704292526	3	698	0	
86	0	56	step_1_no_load	1	2	2	316	
86	0	56	step_2_no_load	5	6	0.459773408493	0.601856598146	6	688	1	
86	0	57	step_1_no_load	1	2	2	205	
86	0	57	step_2_no_load	3	4	0.586335094239	0.516475618243	3	951	1	
86	0	58	step_1_no_load	1	2	2	297	
86	0	58	step_2_no_load	5	6	0.478335218822	0.664682809182	6	1012	1	
86	0	59	step_1_no_load	1	2	2	183	
86	0	59	step_2_no_load	5	6	0.480274332693	0.632500293208	6	1222	1	
86	0	60	step_1_no_load	1	2	2	262	
86	0	60	step_2_no_load	5	6	0.491916707098	0.623687406259	6	682	1	
86	0	61	step_1_no_load	1	2	2	105	
86	0	61	step_2_no_load	5	6	0.464268875813	0.669587072502	6	487	0	
86	0	62	step_1_no_load	1	2	1	203	
86	0	62	step_2_no_load	3	4	0.622820395113	0.533031417444	4	742	0	
86	0	63	step_1_no_load	1	2	1	378	
86	0	63	step_2_no_load	3	4	0.642623127313	0.519445130796	3	571	1	
86	0	64	step_1_no_load	1	2	1	273	
86	0	64	step_2_no_load	3	4	0.626149195169	0.533849886794	3	508	1	
86	0	65	step_1_no_load	1	2	1	1	
86	0	65	step_2_no_load	3	4	0.619953360065	0.517687993213	3	512	1	
86	0	66	step_1_no_load	1	2	1	284	
86	0	66	step_2_no_load	3	4	0.630357351236	0.555324764318	3	837	0	
86	0	67	step_1_no_load	1	2	2	255	
86	0	67	step_2_no_load	3	4	0.674463681351	0.538279387614	3	556	1	
86	0	68	step_1_no_load	1	2	2	534	
86	0	68	step_2_no_load	3	4	0.719455209845	0.523301545299	4	547	0	
86	0	69	step_1_no_load	1	2	2	256	
86	0	69	step_2_no_load	3	4	0.718756538957	0.560462111264	4	880	0	
86	0	70	step_1_no_load	1	2	2	304	
86	0	70	step_2_no_load	5	6	0.498834901463	0.637556284465	6	1087	0	
86	0	71	step_1_no_load	1	2	2	187	
86	0	71	step_2_no_load	5	6	0.482863323776	0.639174917797	5	949	0	
86	0	72	step_1_no_load	1	2	1	204	
86	0	72	step_2_no_load	3	4	0.705884789502	0.556486305476	4	657	1	
86	0	73	step_1_no_load	1	2	1	20	
86	0	73	step_2_no_load	3	4	0.727961155836	0.50185699984	4	393	0	
86	0	74	step_1_no_load	1	2	1	258	
86	0	74	step_2_no_load	3	4	0.693624670847	0.491044983779	4	651	1	
86	0	75	step_1_no_load	1	2	1	162	
86	0	75	step_2_no_load	5	6	0.44832280175	0.615552849174	5	1038	0	
86	0	76	step_1_no_load	1	2	1	244	
86	0	76	step_2_no_load	3	4	0.690117652944	0.518881389358	4	750	1	
86	0	77	step_1_no_load	1	2	1	206	
86	0	77	step_2_no_load	5	6	0.446809557226	0.564257587118	6	937	1	
86	0	78	step_1_no_load	1	2	1	0	
86	0	78	step_2_no_load	5	6	0.435911167612	0.536711448352	6	638	1	
86	0	79	step_1_no_load	1	2	1	8	
86	0	79	step_2_no_load	3	4	0.647841624544	0.540085062695	4	539	1	
86	0	80	step_1_no_load	1	2	1	85	
86	0	80	step_2_no_load	3	4	0.703969305517	0.49921021142	4	695	0	
86	0	81	step_1_no_load	1	2	1	240	
86	0	81	step_2_no_load	3	4	0.702400933084	0.494116554432	3	691	1	
86	0	82	step_1_no_load	1	2	2	259	
86	0	82	step_2_no_load	3	4	0.688340116885	0.482727017837	3	711	1	
86	0	83	step_1_no_load	1	2	2	206	
86	0	83	step_2_no_load	5	6	0.382772464038	0.607907985871	5	828	0	
86	0	84	step_1_no_load	1	2	2	0	
86	0	84	step_2_no_load	5	6	0.385087938645	0.65843840156	6	702	0	
86	0	85	step_1_no_load	1	2	1	346	
86	0	85	step_2_no_load	3	4	0.712989604416	0.485785534744	4	907	0	
86	0	86	step_1_no_load	1	2	1	216	
86	0	86	step_2_no_load	3	4	0.721207648497	0.486462788728	3	468	0	
86	0	87	step_1_no_load	1	2	1	545	
86	0	87	step_2_no_load	5	6	0.40000499778	0.719375344246	6	1032	1	
86	0	88	step_1_no_load	1	2	1	256	
86	0	88	step_2_no_load	3	4	0.696773608304	0.509563243675	4	524	0	
86	0	89	step_1_no_load	1	2	2	283	
86	0	89	step_2_no_load	5	6	0.415882489686	0.690772436485	6	697	0	
86	0	90	step_1_no_load	1	2	2	228	
86	0	90	step_2_no_load	3	4	0.688736868033	0.530126112124	3	957	0	
86	0	91	step_1_no_load	1	2	2	206	
86	0	91	step_2_no_load	5	6	0.43534164751	0.685023809334	5	825	0	
86	0	92	step_1_no_load	1	2	1	280	
86	0	92	step_2_no_load	3	4	0.679381608313	0.484260039873	4	467	0	
86	0	93	step_1_no_load	1	2	1	1	
86	0	93	step_2_no_load	3	4	0.662863370634	0.473273727684	3	641	1	
86	0	94	step_1_no_load	1	2	1	0	
86	0	94	step_2_no_load	5	6	0.429211756872	0.719464414227	5	1023	0	
86	0	95	step_1_no_load	1	2	1	1	
86	0	95	step_2_no_load	3	4	0.640209855442	0.42505578884	3	749	1	
86	0	96	step_1_no_load	1	2	1	0	
86	0	96	step_2_no_load	5	6	0.383038640121	0.693739812506	6	1002	1	
86	0	97	step_1_no_load	1	2	1	413	
86	0	97	step_2_no_load	3	4	0.651202057411	0.455601814112	3	1114	1	
86	0	98	step_1_no_load	1	2	1	398	
86	0	98	step_2_no_load	3	4	0.646040060297	0.431479829356	3	700	0	
86	0	99	step_1_no_load	1	2	1	1	
86	0	99	step_2_no_load	5	6	0.397561363605	0.673709850038	6	986	0	
86	0	100	step_1_no_load	1	2	2	196	
86	0	100	step_2_no_load	5	6	0.4333505304	0.666227451505	5	1012	1	
86	0	101	step_1_no_load	1	2	2	17	
86	0	101	step_2_no_load	5	6	0.497432607584	0.623812401974	5	626	1	
86	0	102	step_1_no_load	1	2	2	391	
86	0	102	step_2_no_load	3	4	0.663124617603	0.326080462175	4	1217	0	
86	0	103	step_1_no_load	1	2	2	0	
86	0	103	step_2_no_load	5	6	0.481975449893	0.663997796029	5	660	1	
86	0	104	step_1_no_load	1	2	2	345	
86	0	104	step_2_no_load	5	6	0.521047445908	0.703870701136	5	654	1	
86	0	105	step_1_no_load	1	2	2	1	
86	0	105	step_2_no_load	5	6	0.514318365187	0.689135357059	5	414	1	
86	0	106	step_1_no_load	1	2	2	228	
86	0	106	step_2_no_load	5	6	0.508908032404	0.712883638252	5	447	1	
86	0	107	step_1_no_load	1	2	1	472	
86	0	107	step_2_no_load	3	4	0.677514185929	0.388257337796	4	868	0	
86	0	108	step_1_no_load	1	2	1	101	
86	0	108	step_2_no_load	3	4	0.681491063126	0.388185708856	3	483	1	
86	0	109	step_1_no_load	1	2	1	226	
86	0	109	step_2_no_load	3	4	0.68658494263	0.372328831887	3	535	0	
86	0	110	step_1_no_load	1	2	1	450	
86	0	110	step_2_no_load	3	4	0.65455226558	0.395544455384	3	629	0	
86	0	111	step_1_no_load	1	2	1	235	
86	0	111	step_2_no_load	3	4	0.634599547742	0.407158158569	4	582	1	
86	0	112	step_1_no_load	1	2	1	20	
86	0	112	step_2_no_load	3	4	0.635252945963	0.413393106784	4	565	1	
86	0	113	step_1_no_load	1	2	1	212	
86	0	113	step_2_no_load	3	4	0.634627459817	0.387112818105	4	430	1	
86	0	114	step_1_no_load	1	2	1	172	
86	0	114	step_2_no_load	3	4	0.657654904272	0.384736699284	4	572	0	
86	0	115	step_1_no_load	1	2	2	433	
86	0	115	step_2_no_load	3	4	0.645721217949	0.357661171116	4	888	1	
86	0	116	step_1_no_load	1	2	2	247	
86	0	116	step_2_no_load	5	6	0.378149844807	0.706736514943	6	760	1	
86	0	117	step_1_no_load	1	2	2	1	
86	0	117	step_2_no_load	5	6	0.374621793791	0.747012267642	6	410	1	
86	0	118	step_1_no_load	1	2	2	1	
86	0	118	step_2_no_load	5	6	0.357645851833	0.740051715856	6	375	1	
86	0	119	step_1_no_load	1	2	2	266	
86	0	119	step_2_no_load	5	6	0.357515098446	0.690424535099	6	504	0	
86	0	120	step_1_no_load	1	2	2	307	
86	0	120	step_2_no_load	5	6	0.370150243662	0.70587238626	6	402	1	
86	0	121	step_1_no_load	1	2	2	557	
86	0	121	step_2_no_load	5	6	0.352721767208	0.658856304095	6	586	1	
86	0	122	step_1_no_load	1	2	2	34	
86	0	122	step_2_no_load	5	6	0.329624572119	0.6136886145	6	431	1	
86	0	123	step_1_no_load	1	2	2	238	
86	0	123	step_2_no_load	5	6	0.337526896345	0.583607229978	6	534	1	
86	0	124	step_1_no_load	1	2	2	362	
86	0	124	step_2_no_load	5	6	0.309430836661	0.603013298253	6	421	1	
86	0	125	step_1_no_load	1	2	2	422	
86	0	125	step_2_no_load	5	6	0.303110862715	0.559596800931	6	802	0	
86	0	126	step_1_no_load	1	2	2	0	
86	0	126	step_2_no_load	3	4	0.600985760967	0.267206368684	4	1148	0	
86	0	127	step_1_no_load	1	2	2	229	
86	0	127	step_2_no_load	3	4	0.646945556251	0.273483952592	3	1200	1	
86	0	128	step_1_no_load	1	2	2	292	
86	0	128	step_2_no_load	5	6	0.250790232267	0.636905534066	6	722	1	
86	0	129	step_1_no_load	1	2	2	7	
86	0	129	step_2_no_load	5	6	0.271709703542	0.685297910719	6	768	1	
86	0	130	step_1_no_load	1	2	2	42	
86	0	130	step_2_no_load	5	6	0.274560758494	0.682031489739	6	568	0	
86	0	131	step_1_no_load	1	2	2	8	
86	0	131	step_2_no_load	5	6	0.311475039155	0.678044920845	6	567	1	
86	0	132	step_1_no_load	1	2	2	233	
86	0	132	step_2_no_load	5	6	0.315328810424	0.668578020634	6	594	0	
86	0	133	step_1_no_load	1	2	2	207	
86	0	133	step_2_no_load	3	4	0.691649444281	0.315608831386	4	1078	1	
86	0	134	step_1_no_load	1	2	1	312	
86	0	134	step_2_no_load	3	4	0.685529359147	0.287393715313	4	400	0	
86	0	135	step_1_no_load	1	2	1	343	
86	0	135	step_2_no_load	3	4	0.700779221781	0.300079459047	3	468	1	
86	0	136	step_1_no_load	1	2	1	1	
86	0	136	step_2_no_load	3	4	0.674914008636	0.307766925452	3	408	0	
86	0	137	step_1_no_load	1	2	1	161	
86	0	137	step_2_no_load	3	4	0.668540846495	0.346433498467	3	400	1	
86	0	138	step_1_no_load	1	2	1	216	
86	0	138	step_2_no_load	5	6	0.307694123906	0.63240964674	6	861	0	
86	0	139	step_1_no_load	1	2	1	51	
86	0	139	step_2_no_load	3	4	0.696355985729	0.325611400511	3	598	1	
86	0	140	step_1_no_load	1	2	1	307	
86	0	140	step_2_no_load	3	4	0.637682840728	0.348740542008	3	828	0	
86	0	141	step_1_no_load	1	2	1	185	
86	0	141	step_2_no_load	3	4	0.616803346728	0.390227133375	3	629	1	
86	0	142	step_1_no_load	1	2	1	259	
86	0	142	step_2_no_load	3	4	0.627356259123	0.397052682821	3	433	1	
86	0	143	step_1_no_load	1	2	1	246	
86	0	143	step_2_no_load	3	4	0.610219102298	0.410970957547	3	506	0	
86	0	144	step_1_no_load	1	2	1	159	
86	0	144	step_2_no_load	3	4	0.639347300184	0.389234194056	3	754	1	
86	0	145	step_1_no_load	1	2	1	234	
86	0	145	step_2_no_load	3	4	0.606515632748	0.355256413269	3	448	1	
86	0	146	step_1_no_load	1	2	1	380	
86	0	146	step_2_no_load	3	4	0.593778463268	0.320877500969	3	672	1	
86	0	147	step_1_no_load	1	2	1	192	
86	0	147	step_2_no_load	5	6	0.265578160642	0.647798886916	6	888	0	
86	0	148	step_1_no_load	1	2	2	99	
86	0	148	step_2_no_load	5	6	0.305288021243	0.619272702026	5	572	0	
86	0	149	step_1_no_load	1	2	2	1	
86	0	149	step_2_no_load	3	4	0.623203869836	0.300290206122	3	804	0	
86	0	150	step_1_no_load	1	2	2	307	
86	0	150	step_2_no_load	5	6	0.305587692243	0.575985663078	5	475	1	
86	0	151	step_1_no_load	1	2	2	95	
86	0	151	step_2_no_load	5	6	0.348172164421	0.59154759351	5	387	0	
86	0	152	step_1_no_load	1	2	2	111	
86	0	152	step_2_no_load	5	6	0.307702500543	0.595108765344	5	685	0	
86	0	153	step_1_no_load	1	2	2	0	
86	0	153	step_2_no_load	5	6	0.309356532263	0.613336203392	5	352	0	
86	0	154	step_1_no_load	1	2	2	0	
86	0	154	step_2_no_load	5	6	0.316375537537	0.638934099562	6	503	1	
86	0	155	step_1_no_load	1	2	2	227	
86	0	155	step_2_no_load	5	6	0.296093457977	0.632486591889	6	464	1	
86	0	156	step_1_no_load	1	2	2	219	
86	0	156	step_2_no_load	5	6	0.32564867104	0.631048201903	6	607	1	
86	0	157	step_1_no_load	1	2	2	193	
86	0	157	step_2_no_load	5	6	0.350909357271	0.585191807512	6	472	1	
86	0	158	step_1_no_load	1	2	1	241	
86	0	158	step_2_no_load	3	4	0.694270715354	0.334595868098	4	382	0	
86	0	159	step_1_no_load	1	2	1	213	
86	0	159	step_2_no_load	3	4	0.697903160072	0.321150411254	3	884	1	
86	0	160	step_1_no_load	1	2	1	197	
86	0	160	step_2_no_load	5	6	0.415052912783	0.521229931064	5	919	1	
86	0	161	step_1_no_load	1	2	1	301	
86	0	161	step_2_no_load	5	6	0.407025633682	0.516036498158	5	444	0	
86	0	162	step_1_no_load	1	2	1	275	
86	0	162	step_2_no_load	5	6	0.3926701003	0.566496468084	5	823	1	
86	0	163	step_1_no_load	1	2	1	189	
86	0	163	step_2_no_load	3	4	0.697095951435	0.430920885959	3	847	1	
86	0	164	step_1_no_load	1	2	1	170	
86	0	164	step_2_no_load	3	4	0.692137394606	0.430844125626	3	770	1	
86	0	165	step_1_no_load	1	2	1	136	
86	0	165	step_2_no_load	3	4	0.717506143195	0.347974240867	3	562	1	
86	0	166	step_1_no_load	1	2	1	115	
86	0	166	step_2_no_load	3	4	0.686594248975	0.356317216644	3	470	0	
86	0	167	step_1_no_load	1	2	1	0	
86	0	167	step_2_no_load	3	4	0.706271792549	0.331115714939	3	684	1	
86	0	168	step_1_no_load	1	2	1	164	
86	0	168	step_2_no_load	3	4	0.67192508984	0.335777599654	3	365	1	
86	0	169	step_1_no_load	1	2	1	429	
86	0	169	step_2_no_load	3	4	0.704981910944	0.365156560071	3	457	1	
86	0	170	step_1_no_load	1	2	1	509	
86	0	170	step_2_no_load	3	4	0.67334314737	0.364989630435	3	547	1	
86	0	171	step_1_no_load	1	2	1	319	
86	0	171	step_2_no_load	5	6	0.386979310814	0.553314431843	5	1187	1	
86	0	172	step_1_no_load	1	2	1	1	
86	0	172	step_2_no_load	5	6	0.363617002148	0.519090471457	5	379	1	
86	0	173	step_1_no_load	1	2	1	113	
86	0	173	step_2_no_load	5	6	0.385349297983	0.484428109849	5	403	0	
86	0	174	step_1_no_load	1	2	1	215	
86	0	174	step_2_no_load	5	6	0.387867297446	0.472729524832	5	1090	0	
86	0	175	step_1_no_load	1	2	2	95	
86	0	175	step_2_no_load	3	4	0.693968268443	0.484825491933	3	620	1	
86	0	176	step_1_no_load	1	2	2	0	
86	0	176	step_2_no_load	3	4	0.679250000396	0.500856457218	3	369	1	
86	0	177	step_1_no_load	1	2	2	0	
86	0	177	step_2_no_load	5	6	0.357425668099	0.501268576771	5	1018	1	
86	0	178	step_1_no_load	1	2	2	408	
86	0	178	step_2_no_load	3	4	0.705993797498	0.49020858644	3	664	1	
86	0	179	step_1_no_load	1	2	2	471	
86	0	179	step_2_no_load	5	6	0.324685418097	0.457298770028	5	530	0	
86	0	180	step_1_no_load	1	2	2	240	
86	0	180	step_2_no_load	5	6	0.341214611607	0.482853857291	6	814	1	
86	0	181	step_1_no_load	1	2	2	402	
86	0	181	step_2_no_load	3	4	0.746910336326	0.480141179559	3	794	1	
86	0	182	step_1_no_load	1	2	2	274	
86	0	182	step_2_no_load	3	4	0.72717560423	0.49907747228	3	695	0	
86	0	183	step_1_no_load	1	2	1	0	
86	0	183	step_2_no_load	5	6	0.350175837802	0.502991759047	6	555	1	
86	0	184	step_1_no_load	1	2	1	206	
86	0	184	step_2_no_load	3	4	0.657291439324	0.480863422096	4	823	0	
86	0	185	step_1_no_load	1	2	1	51	
86	0	185	step_2_no_load	3	4	0.665622647081	0.482228039858	3	717	1	
86	0	186	step_1_no_load	1	2	1	11	
86	0	186	step_2_no_load	5	6	0.332733011923	0.46870859828	6	993	0	
86	0	187	step_1_no_load	1	2	1	269	
86	0	187	step_2_no_load	3	4	0.678211978625	0.498596507669	3	667	0	
86	0	188	step_1_no_load	1	2	2	0	
86	0	188	step_2_no_load	5	6	0.291508050861	0.471319680586	6	475	0	
86	0	189	step_1_no_load	1	2	2	189	
86	0	189	step_2_no_load	5	6	0.285168135955	0.448897869069	5	571	1	
86	0	190	step_1_no_load	1	2	2	88	
86	0	190	step_2_no_load	3	4	0.667655825994	0.505820429042	4	714	0	
86	0	191	step_1_no_load	1	2	2	336	
86	0	191	step_2_no_load	5	6	0.318839908867	0.435748387321	5	533	0	
86	0	192	step_1_no_load	1	2	2	134	
86	0	192	step_2_no_load	3	4	0.705517419189	0.493851022417	3	622	1	
86	0	193	step_1_no_load	1	2	2	62	
86	0	193	step_2_no_load	3	4	0.679792491164	0.504944704439	3	615	0	
86	0	194	step_1_no_load	1	2	1	64	
86	0	194	step_2_no_load	3	4	0.655261361454	0.505359594715	4	770	1	
86	0	195	step_1_no_load	1	2	1	248	
86	0	195	step_2_no_load	3	4	0.646280688878	0.494102184238	4	415	0	
86	0	196	step_1_no_load	1	2	1	243	
86	0	196	step_2_no_load	3	4	0.695101215304	0.496717662777	4	378	0	
86	0	197	step_1_no_load	1	2	1	133	
86	0	197	step_2_no_load	5	6	0.316987700969	0.422511153127	6	346	0	
86	0	198	step_1_no_load	1	2	1	48	
86	0	198	step_2_no_load	3	4	0.68660989813	0.485065498391	4	680	1	
86	0	199	step_1_no_load	1	2	1	122	
86	0	199	step_2_no_load	5	6	0.292861528884	0.39793773834	5	704	0	
86	0	200	step_1_no_load	1	2	2	0	
86	0	200	step_2_no_load	5	6	0.299128796668	0.372436949782	5	470	0	

Mon Mar 13 17:40:07 2017
