Tue Mar 14 11:42:48 2017	
87	0	1	step_1_no_load	1	2	1	1002	
87	0	1	step_2_no_load	3	4	0.457620150462	0.598297890399	3	542	0	
87	0	2	step_1_no_load	1	2	1	522	
87	0	2	step_2_no_load	5	6	0.533203491871	0.610961032466	5	508	1	
87	0	3	step_1_no_load	1	2	2	536	
87	0	3	step_2_no_load	5	6	0.516002945397	0.589215227351	6	568	0	
87	0	4	step_1_no_load	1	2	2	559	
87	0	4	step_2_no_load	3	4	0.478607661228	0.597491569846	4	553	0	
87	0	5	step_1_no_load	1	2	1	535	
87	0	5	step_2_no_load	3	4	0.495568760483	0.623810210114	3	560	1	
87	0	6	step_1_no_load	1	2	1	530	
87	0	6	step_2_no_load	3	4	0.506877622204	0.585722686883	3	744	1	
87	0	7	step_1_no_load	1	2	2	727	
87	0	7	step_2_no_load	5	6	0.506408070053	0.622642364361	6	788	1	
87	0	8	step_1_no_load	1	2	2	761	
87	0	8	step_2_no_load	3	4	0.489816616396	0.59128639594	4	796	0	
87	0	9	step_1_no_load	1	2	2	602	
87	0	9	step_2_no_load	5	6	0.54429228266	0.641106877158	6	690	0	
87	0	10	step_1_no_load	1	2	1	525	
87	0	10	step_2_no_load	3	4	0.482364178155	0.652626043146	3	624	1	
87	0	11	step_1_no_load	1	2	2	865	
87	0	11	step_2_no_load	5	6	0.59022801242	0.609191465743	6	838	0	
87	0	12	step_1_no_load	1	2	2	720	
87	0	12	step_2_no_load	5	6	0.597131918027	0.552770607849	5	724	0	
87	0	13	step_1_no_load	1	2	1	604	
87	0	13	step_2_no_load	3	4	0.52012981853	0.653587098421	3	789	0	
87	0	14	step_1_no_load	1	2	1	522	
87	0	14	step_2_no_load	3	4	0.491234392147	0.629137942344	3	755	0	
87	0	15	step_1_no_load	1	2	1	908	
87	0	15	step_2_no_load	3	4	0.505377237737	0.612260006668	3	619	1	
87	0	16	step_1_no_load	1	2	1	633	
87	0	16	step_2_no_load	3	4	0.510958036527	0.628091198119	3	831	0	
87	0	17	step_1_no_load	1	2	1	578	
87	0	17	step_2_no_load	3	4	0.535958400205	0.633350170016	3	634	0	
87	0	18	step_1_no_load	1	2	2	544	
87	0	18	step_2_no_load	3	4	0.517514133912	0.626834332012	4	625	0	
87	0	19	step_1_no_load	1	2	1	530	
87	0	19	step_2_no_load	3	4	0.498240186199	0.619895761657	3	970	0	
87	0	20	step_1_no_load	1	2	2	519	
87	0	20	step_2_no_load	3	4	0.478025448397	0.636521555122	3	528	0	
87	0	21	step_1_no_load	1	2	1	678	
87	0	21	step_2_no_load	3	4	0.49769376036	0.630305464549	3	854	0	
87	0	22	step_1_no_load	1	2	1	622	
87	0	22	step_2_no_load	3	4	0.506100011497	0.621949894727	4	768	0	
87	0	23	step_1_no_load	1	2	1	542	
87	0	23	step_2_no_load	3	4	0.520606588181	0.640163623731	3	698	1	
87	0	24	step_1_no_load	1	2	1	762	
87	0	24	step_2_no_load	5	6	0.5800912085	0.503316199018	5	714	1	
87	0	25	step_1_no_load	1	2	1	555	
87	0	25	step_2_no_load	3	4	0.503316372362	0.565698722896	3	686	1	
87	0	26	step_1_no_load	1	2	1	493	
87	0	26	step_2_no_load	3	4	0.511744353778	0.592410219737	3	642	0	
87	0	27	step_1_no_load	1	2	1	601	
87	0	27	step_2_no_load	3	4	0.507272671939	0.57860777711	4	566	1	
87	0	28	step_1_no_load	1	2	1	534	
87	0	28	step_2_no_load	3	4	0.520177259699	0.588356036098	3	612	1	
87	0	29	step_1_no_load	1	2	1	1027	
87	0	29	step_2_no_load	3	4	0.521159009103	0.606613029227	3	580	0	
87	0	30	step_1_no_load	1	2	2	382	
87	0	30	step_2_no_load	3	4	0.4919199548	0.608245979832	3	581	1	
87	0	31	step_1_no_load	1	2	2	787	
87	0	31	step_2_no_load	3	4	0.483156722265	0.636602545794	3	658	0	
87	0	32	step_1_no_load	1	2	2	482	
87	0	32	step_2_no_load	5	6	0.605616211083	0.522993086096	6	768	1	
87	0	33	step_1_no_load	1	2	2	1090	
87	0	33	step_2_no_load	3	4	0.487664344039	0.611700032906	4	748	1	
87	0	34	step_1_no_load	1	2	2	800	
87	0	34	step_2_no_load	3	4	0.454565258478	0.575802910074	4	688	1	
87	0	35	step_1_no_load	1	2	2	786	
87	0	35	step_2_no_load	3	4	0.491437207585	0.566827313385	3	721	0	
87	0	36	step_1_no_load	1	2	2	648	
87	0	36	step_2_no_load	3	4	0.513210053121	0.527635087561	3	934	1	
87	0	37	step_1_no_load	1	2	2	606	
87	0	37	step_2_no_load	5	6	0.660658056664	0.598446394142	5	830	0	
87	0	38	step_1_no_load	1	2	1	327	
87	0	38	step_2_no_load	5	6	0.651263699161	0.595113730206	5	576	0	
87	0	39	step_1_no_load	1	2	1	438	
87	0	39	step_2_no_load	3	4	0.578640235206	0.557005857101	3	655	0	
87	0	40	step_1_no_load	1	2	1	493	
87	0	40	step_2_no_load	3	4	0.5691386571	0.580760785074	3	625	0	
87	0	41	step_1_no_load	1	2	2	486	
87	0	41	step_2_no_load	5	6	0.633285941184	0.588857868869	6	557	1	
87	0	42	step_1_no_load	1	2	2	536	
87	0	42	step_2_no_load	3	4	0.553461946234	0.533857158543	4	732	0	
87	0	43	step_1_no_load	1	2	1	363	
87	0	43	step_2_no_load	3	4	0.548128010644	0.553703096215	4	508	1	
87	0	44	step_1_no_load	1	2	1	637	
87	0	44	step_2_no_load	3	4	0.537842745081	0.541854396676	4	591	0	
87	0	45	step_1_no_load	1	2	1	567	
87	0	45	step_2_no_load	3	4	0.5288039409	0.579346234508	4	687	1	
87	0	46	step_1_no_load	1	2	1	520	
87	0	46	step_2_no_load	3	4	0.532238720495	0.55511883717	4	623	0	
87	0	47	step_1_no_load	1	2	1	375	
87	0	47	step_2_no_load	3	4	0.493112702321	0.546259467838	4	576	0	
87	0	48	step_1_no_load	1	2	1	601	
87	0	48	step_2_no_load	5	6	0.657624935632	0.615767119776	5	501	1	
87	0	49	step_1_no_load	1	2	1	510	
87	0	49	step_2_no_load	3	4	0.489287375157	0.512405963374	3	442	1	
87	0	50	step_1_no_load	1	2	1	457	
87	0	50	step_2_no_load	3	4	0.47381367271	0.481616544184	3	467	0	
87	0	51	step_1_no_load	1	2	2	409	
87	0	51	step_2_no_load	5	6	0.613357430892	0.564866799699	6	698	0	
87	0	52	step_1_no_load	1	2	2	436	
87	0	52	step_2_no_load	5	6	0.613408921915	0.539065404057	5	431	0	
87	0	53	step_1_no_load	1	2	2	526	
87	0	53	step_2_no_load	3	4	0.451905460347	0.475342927439	4	584	1	
87	0	54	step_1_no_load	1	2	2	688	
87	0	54	step_2_no_load	5	6	0.652515308527	0.570223904064	6	874	1	
87	0	55	step_1_no_load	1	2	2	746	
87	0	55	step_2_no_load	5	6	0.639840796975	0.574045915747	5	682	1	
87	0	56	step_1_no_load	1	2	2	653	
87	0	56	step_2_no_load	5	6	0.60038825769	0.601856598146	5	678	1	
87	0	57	step_1_no_load	1	2	2	473	
87	0	57	step_2_no_load	5	6	0.586335094239	0.641849303307	6	713	1	
87	0	58	step_1_no_load	1	2	2	724	
87	0	58	step_2_no_load	5	6	0.610896130115	0.664682809182	6	878	1	
87	0	59	step_1_no_load	1	2	2	564	
87	0	59	step_2_no_load	3	4	0.480274332693	0.537400760025	3	751	0	
87	0	60	step_1_no_load	1	2	2	620	
87	0	60	step_2_no_load	3	4	0.491916707098	0.479287247283	3	924	0	
87	0	61	step_1_no_load	1	2	2	417	
87	0	61	step_2_no_load	5	6	0.602879526975	0.669587072502	6	490	1	
87	0	62	step_1_no_load	1	2	2	493	
87	0	62	step_2_no_load	5	6	0.622820395113	0.691137204746	6	632	1	
87	0	63	step_1_no_load	1	2	2	516	
87	0	63	step_2_no_load	5	6	0.642623127313	0.664284493458	6	696	1	
87	0	64	step_1_no_load	1	2	2	538	
87	0	64	step_2_no_load	3	4	0.555062911513	0.533849886794	4	763	0	
87	0	65	step_1_no_load	1	2	1	369	
87	0	65	step_2_no_load	3	4	0.569109504048	0.517687993213	3	658	1	
87	0	66	step_1_no_load	1	2	1	330	
87	0	66	step_2_no_load	3	4	0.573761869714	0.555324764318	3	770	0	
87	0	67	step_1_no_load	1	2	1	365	
87	0	67	step_2_no_load	5	6	0.674463681351	0.597650193897	6	489	1	
87	0	68	step_1_no_load	1	2	2	685	
87	0	68	step_2_no_load	5	6	0.719455209845	0.622963076372	6	591	1	
87	0	69	step_1_no_load	1	2	2	383	
87	0	69	step_2_no_load	5	6	0.718756538957	0.622221685203	6	560	1	
87	0	70	step_1_no_load	1	2	2	557	
87	0	70	step_2_no_load	3	4	0.498834901463	0.548075770764	4	800	0	
87	0	71	step_1_no_load	1	2	2	460	
87	0	71	step_2_no_load	3	4	0.482863323776	0.546215110045	3	590	1	
87	0	72	step_1_no_load	1	2	2	667	
87	0	72	step_2_no_load	5	6	0.705884789502	0.626024641967	5	560	1	
87	0	73	step_1_no_load	1	2	2	608	
87	0	73	step_2_no_load	5	6	0.727961155836	0.657126403029	5	618	1	
87	0	74	step_1_no_load	1	2	2	859	
87	0	74	step_2_no_load	5	6	0.693624670847	0.614462146454	5	710	1	
87	0	75	step_1_no_load	1	2	2	890	
87	0	75	step_2_no_load	3	4	0.44832280175	0.483983914712	3	740	0	
87	0	76	step_1_no_load	1	2	2	525	
87	0	76	step_2_no_load	3	4	0.488583631821	0.518881389358	4	680	1	
87	0	77	step_1_no_load	1	2	2	946	
87	0	77	step_2_no_load	5	6	0.679737625371	0.564257587118	6	772	0	
87	0	78	step_1_no_load	1	2	2	877	
87	0	78	step_2_no_load	5	6	0.647586191228	0.536711448352	5	546	1	
87	0	79	step_1_no_load	1	2	2	545	
87	0	79	step_2_no_load	5	6	0.647841624544	0.513695512795	5	558	0	
87	0	80	step_1_no_load	1	2	2	511	
87	0	80	step_2_no_load	5	6	0.703969305517	0.518583383166	6	605	1	
87	0	81	step_1_no_load	1	2	2	531	
87	0	81	step_2_no_load	3	4	0.419265522488	0.494116554432	4	511	0	
87	0	82	step_1_no_load	1	2	1	576	
87	0	82	step_2_no_load	3	4	0.395813831323	0.482727017837	3	470	1	
87	0	83	step_1_no_load	1	2	1	591	
87	0	83	step_2_no_load	3	4	0.382772464038	0.483255412498	3	623	1	
87	0	84	step_1_no_load	1	2	1	557	
87	0	84	step_2_no_load	3	4	0.385087938645	0.505586222209	3	557	0	
87	0	85	step_1_no_load	1	2	1	377	
87	0	85	step_2_no_load	5	6	0.712989604416	0.692384972752	6	619	0	
87	0	86	step_1_no_load	1	2	1	1003	
87	0	86	step_2_no_load	5	6	0.721207648497	0.691782850001	5	599	1	
87	0	87	step_1_no_load	1	2	1	591	
87	0	87	step_2_no_load	3	4	0.40000499778	0.493867001103	3	543	0	
87	0	88	step_1_no_load	1	2	1	451	
87	0	88	step_2_no_load	3	4	0.377947492322	0.509563243675	3	648	0	
87	0	89	step_1_no_load	1	2	1	372	
87	0	89	step_2_no_load	3	4	0.415882489686	0.490019385174	3	518	0	
87	0	90	step_1_no_load	1	2	1	510	
87	0	90	step_2_no_load	3	4	0.411459496853	0.530126112124	3	493	0	
87	0	91	step_1_no_load	1	2	2	667	
87	0	91	step_2_no_load	5	6	0.657820521772	0.685023809334	6	766	1	
87	0	92	step_1_no_load	1	2	2	598	
87	0	92	step_2_no_load	3	4	0.444368850664	0.484260039873	4	504	0	
87	0	93	step_1_no_load	1	2	2	569	
87	0	93	step_2_no_load	3	4	0.439878153082	0.473273727684	3	551	0	
87	0	94	step_1_no_load	1	2	2	459	
87	0	94	step_2_no_load	3	4	0.429211756872	0.468637558205	4	436	0	
87	0	95	step_1_no_load	1	2	2	507	
87	0	95	step_2_no_load	5	6	0.640209855442	0.715495469274	6	506	1	
87	0	96	step_1_no_load	1	2	2	520	
87	0	96	step_2_no_load	5	6	0.663095813561	0.693739812506	6	599	1	
87	0	97	step_1_no_load	1	2	2	657	
87	0	97	step_2_no_load	5	6	0.651202057411	0.681272614291	6	550	0	
87	0	98	step_1_no_load	1	2	2	422	
87	0	98	step_2_no_load	5	6	0.646040060297	0.70287861952	6	383	0	
87	0	99	step_1_no_load	1	2	2	656	
87	0	99	step_2_no_load	5	6	0.645191748454	0.673709850038	6	651	1	
87	0	100	step_1_no_load	1	2	2	512	
87	0	100	step_2_no_load	3	4	0.4333505304	0.363162156005	4	484	1	
87	0	101	step_1_no_load	1	2	2	723	
87	0	101	step_2_no_load	5	6	0.655903528958	0.623812401974	5	523	0	
87	0	102	step_1_no_load	1	2	2	663	
87	0	102	step_2_no_load	5	6	0.663124617603	0.666304534392	6	649	1	
87	0	103	step_1_no_load	1	2	2	599	
87	0	103	step_2_no_load	5	6	0.69058998368	0.663997796029	5	725	1	
87	0	104	step_1_no_load	1	2	2	578	
87	0	104	step_2_no_load	3	4	0.521047445908	0.303696146503	3	601	0	
87	0	105	step_1_no_load	1	2	2	494	
87	0	105	step_2_no_load	5	6	0.722851301692	0.689135357059	6	437	0	
87	0	106	step_1_no_load	1	2	2	500	
87	0	106	step_2_no_load	3	4	0.508908032404	0.374131494222	4	601	1	
87	0	107	step_1_no_load	1	2	2	567	
87	0	107	step_2_no_load	5	6	0.677514185929	0.692607431435	6	414	0	
87	0	108	step_1_no_load	1	2	2	479	
87	0	108	step_2_no_load	5	6	0.681491063126	0.695928523711	6	463	1	
87	0	109	step_1_no_load	1	2	2	422	
87	0	109	step_2_no_load	5	6	0.68658494263	0.71632547018	6	347	0	
87	0	110	step_1_no_load	1	2	2	292	
87	0	110	step_2_no_load	5	6	0.65455226558	0.729599891941	6	305	1	
87	0	111	step_1_no_load	1	2	2	595	
87	0	111	step_2_no_load	5	6	0.634599547742	0.724852671171	5	484	1	
87	0	112	step_1_no_load	1	2	2	366	
87	0	112	step_2_no_load	5	6	0.635252945963	0.725701866094	6	501	0	
87	0	113	step_1_no_load	1	2	2	595	
87	0	113	step_2_no_load	5	6	0.634627459817	0.719324307956	6	583	1	
87	0	114	step_1_no_load	1	2	2	292	
87	0	114	step_2_no_load	5	6	0.657654904272	0.718213323791	6	546	0	
87	0	115	step_1_no_load	1	2	2	367	
87	0	115	step_2_no_load	5	6	0.645721217949	0.739704344621	6	536	1	
87	0	116	step_1_no_load	1	2	2	396	
87	0	116	step_2_no_load	5	6	0.680124293449	0.706736514943	5	417	0	
87	0	117	step_1_no_load	1	2	2	280	
87	0	117	step_2_no_load	3	4	0.374621793791	0.363056877927	4	421	0	
87	0	118	step_1_no_load	1	2	2	290	
87	0	118	step_2_no_load	5	6	0.690484235012	0.740051715856	6	498	1	
87	0	119	step_1_no_load	1	2	2	785	
87	0	119	step_2_no_load	5	6	0.661177321751	0.690424535099	5	524	1	
87	0	120	step_1_no_load	1	2	2	621	
87	0	120	step_2_no_load	5	6	0.666433355915	0.70587238626	6	422	1	
87	0	121	step_1_no_load	1	2	2	361	
87	0	121	step_2_no_load	5	6	0.671052306195	0.658856304095	5	382	1	
87	0	122	step_1_no_load	1	2	2	455	
87	0	122	step_2_no_load	5	6	0.672193618854	0.6136886145	6	501	1	
87	0	123	step_1_no_load	1	2	2	302	
87	0	123	step_2_no_load	5	6	0.664849878232	0.583607229978	5	494	0	
87	0	124	step_1_no_load	1	2	2	537	
87	0	124	step_2_no_load	5	6	0.624161788269	0.603013298253	5	560	0	
87	0	125	step_1_no_load	1	2	2	319	
87	0	125	step_2_no_load	3	4	0.303110862715	0.290374841566	4	325	0	
87	0	126	step_1_no_load	1	2	2	549	
87	0	126	step_2_no_load	5	6	0.600985760967	0.537863824328	5	338	0	
87	0	127	step_1_no_load	1	2	2	402	
87	0	127	step_2_no_load	5	6	0.646945556251	0.560824094575	6	753	0	
87	0	128	step_1_no_load	1	2	2	328	
87	0	128	step_2_no_load	5	6	0.620672334996	0.636905534066	6	438	1	
87	0	129	step_1_no_load	1	2	2	324	
87	0	129	step_2_no_load	5	6	0.632682846317	0.685297910719	6	420	1	
87	0	130	step_1_no_load	1	2	2	332	
87	0	130	step_2_no_load	3	4	0.274560758494	0.267460866951	4	443	0	
87	0	131	step_1_no_load	1	2	2	434	
87	0	131	step_2_no_load	3	4	0.311475039155	0.281500842289	4	913	0	
87	0	132	step_1_no_load	1	2	2	376	
87	0	132	step_2_no_load	5	6	0.660013924697	0.668578020634	6	453	1	
87	0	133	step_1_no_load	1	2	2	322	
87	0	133	step_2_no_load	5	6	0.691649444281	0.617383991623	6	324	1	
87	0	134	step_1_no_load	1	2	2	284	
87	0	134	step_2_no_load	3	4	0.302839427162	0.287393715313	3	498	0	
87	0	135	step_1_no_load	1	2	2	640	
87	0	135	step_2_no_load	5	6	0.700779221781	0.593710006149	6	562	1	
87	0	136	step_1_no_load	1	2	2	332	
87	0	136	step_2_no_load	3	4	0.284521085726	0.307766925452	4	420	0	
87	0	137	step_1_no_load	1	2	2	411	
87	0	137	step_2_no_load	3	4	0.325016613024	0.346433498467	4	486	0	
87	0	138	step_1_no_load	1	2	2	301	
87	0	138	step_2_no_load	5	6	0.688182193337	0.63240964674	6	659	1	
87	0	139	step_1_no_load	1	2	2	307	
87	0	139	step_2_no_load	3	4	0.323660750961	0.325611400511	4	467	0	
87	0	140	step_1_no_load	1	2	2	372	
87	0	140	step_2_no_load	5	6	0.637682840728	0.671213945178	5	405	1	
87	0	141	step_1_no_load	1	2	2	497	
87	0	141	step_2_no_load	5	6	0.616803346728	0.711987889705	6	447	1	
87	0	142	step_1_no_load	1	2	2	452	
87	0	142	step_2_no_load	5	6	0.627356259123	0.690276058009	6	376	1	
87	0	143	step_1_no_load	1	2	2	598	
87	0	143	step_2_no_load	3	4	0.313516825296	0.410970957547	3	578	1	
87	0	144	step_1_no_load	1	2	2	432	
87	0	144	step_2_no_load	5	6	0.639347300184	0.626443722248	5	398	1	
87	0	145	step_1_no_load	1	2	2	445	
87	0	145	step_2_no_load	3	4	0.266265924094	0.355256413269	4	500	0	
87	0	146	step_1_no_load	1	2	2	230	
87	0	146	step_2_no_load	3	4	0.257861956214	0.320877500969	4	458	0	
87	0	147	step_1_no_load	1	2	2	496	
87	0	147	step_2_no_load	3	4	0.265578160642	0.352879785946	4	431	1	
87	0	148	step_1_no_load	1	2	2	432	
87	0	148	step_2_no_load	5	6	0.648050021239	0.619272702026	6	408	1	
87	0	149	step_1_no_load	1	2	2	641	
87	0	149	step_2_no_load	5	6	0.623203869836	0.601870110183	6	612	1	
87	0	150	step_1_no_load	1	2	2	441	
87	0	150	step_2_no_load	5	6	0.605912419156	0.575985663078	5	518	0	
87	0	151	step_1_no_load	1	2	2	478	
87	0	151	step_2_no_load	5	6	0.614159737668	0.59154759351	6	489	0	
87	0	152	step_1_no_load	1	2	2	450	
87	0	152	step_2_no_load	3	4	0.307702500543	0.323194010514	3	434	1	
87	0	153	step_1_no_load	1	2	2	458	
87	0	153	step_2_no_load	5	6	0.681559292085	0.613336203392	6	422	1	
87	0	154	step_1_no_load	1	2	2	367	
87	0	154	step_2_no_load	3	4	0.316375537537	0.348349389262	4	417	0	
87	0	155	step_1_no_load	1	2	2	518	
87	0	155	step_2_no_load	5	6	0.716100930629	0.632486591889	5	455	0	
87	0	156	step_1_no_load	1	2	2	781	
87	0	156	step_2_no_load	5	6	0.734436160799	0.631048201903	6	697	1	
87	0	157	step_1_no_load	1	2	2	665	
87	0	157	step_2_no_load	5	6	0.720725456325	0.585191807512	6	683	0	
87	0	158	step_1_no_load	1	2	2	559	
87	0	158	step_2_no_load	5	6	0.694270715354	0.532722108502	6	472	1	
87	0	159	step_1_no_load	1	2	2	452	
87	0	159	step_2_no_load	5	6	0.697903160072	0.541222065796	6	516	0	
87	0	160	step_1_no_load	1	2	2	583	
87	0	160	step_2_no_load	3	4	0.415052912783	0.355992626298	3	371	1	
87	0	161	step_1_no_load	1	2	2	516	
87	0	161	step_2_no_load	5	6	0.719896286569	0.516036498158	6	563	1	
87	0	162	step_1_no_load	1	2	2	427	
87	0	162	step_2_no_load	5	6	0.695144769903	0.566496468084	6	487	1	
87	0	163	step_1_no_load	1	2	2	560	
87	0	163	step_2_no_load	3	4	0.395221309311	0.430920885959	3	529	0	
87	0	164	step_1_no_load	1	2	2	367	
87	0	164	step_2_no_load	3	4	0.432761720497	0.430844125626	3	483	0	
87	0	165	step_1_no_load	1	2	2	416	
87	0	165	step_2_no_load	5	6	0.717506143195	0.538026607649	5	916	1	
87	0	166	step_1_no_load	1	2	2	453	
87	0	166	step_2_no_load	3	4	0.422282731054	0.356317216644	3	461	0	
87	0	167	step_1_no_load	1	2	2	351	
87	0	167	step_2_no_load	5	6	0.706271792549	0.585131062446	6	379	0	
87	0	168	step_1_no_load	1	2	2	510	
87	0	168	step_2_no_load	3	4	0.400817642375	0.335777599654	4	406	1	
87	0	169	step_1_no_load	1	2	2	433	
87	0	169	step_2_no_load	5	6	0.704981910944	0.586049140041	6	503	1	
87	0	170	step_1_no_load	1	2	2	503	
87	0	170	step_2_no_load	5	6	0.67334314737	0.57151385403	6	518	1	
87	0	171	step_1_no_load	1	2	2	543	
87	0	171	step_2_no_load	3	4	0.386979310814	0.425122034074	3	476	0	
87	0	172	step_1_no_load	1	2	2	272	
87	0	172	step_2_no_load	3	4	0.363617002148	0.490120307546	3	353	0	
87	0	173	step_1_no_load	1	2	2	468	
87	0	173	step_2_no_load	3	4	0.385349297983	0.462866379815	3	490	0	
87	0	174	step_1_no_load	1	2	2	386	
87	0	174	step_2_no_load	5	6	0.729877433725	0.472729524832	5	600	0	
87	0	175	step_1_no_load	1	2	2	360	
87	0	175	step_2_no_load	5	6	0.693968268443	0.52644949356	6	394	1	
87	0	176	step_1_no_load	1	2	2	266	
87	0	176	step_2_no_load	5	6	0.679250000396	0.474046874473	6	344	0	
87	0	177	step_1_no_load	1	2	2	229	
87	0	177	step_2_no_load	5	6	0.714070205704	0.501268576771	6	443	0	
87	0	178	step_1_no_load	1	2	2	340	
87	0	178	step_2_no_load	5	6	0.705993797498	0.493712351915	5	626	1	
87	0	179	step_1_no_load	1	2	2	352	
87	0	179	step_2_no_load	5	6	0.709345707515	0.457298770028	5	381	1	
87	0	180	step_1_no_load	1	2	2	371	
87	0	180	step_2_no_load	3	4	0.341214611607	0.489345734128	3	413	1	
87	0	181	step_1_no_load	1	2	2	337	
87	0	181	step_2_no_load	5	6	0.746910336326	0.508735114046	5	425	0	
87	0	182	step_1_no_load	1	2	2	387	
87	0	182	step_2_no_load	5	6	0.72717560423	0.506773281362	6	399	1	
87	0	183	step_1_no_load	1	2	2	308	
87	0	183	step_2_no_load	5	6	0.720388040749	0.502991759047	6	990	0	
87	0	184	step_1_no_load	1	2	2	288	
87	0	184	step_2_no_load	5	6	0.657291439324	0.460890977786	6	590	1	
87	0	185	step_1_no_load	1	2	2	288	
87	0	185	step_2_no_load	5	6	0.665622647081	0.479703516092	6	479	0	
87	0	186	step_1_no_load	1	2	2	266	
87	0	186	step_2_no_load	5	6	0.656308636836	0.46870859828	5	321	0	
87	0	187	step_1_no_load	1	2	2	283	
87	0	187	step_2_no_load	5	6	0.678211978625	0.443962917772	6	326	1	
87	0	188	step_1_no_load	1	2	2	310	
87	0	188	step_2_no_load	5	6	0.696362660087	0.471319680586	6	464	1	
87	0	189	step_1_no_load	1	2	2	242	
87	0	189	step_2_no_load	3	4	0.285168135955	0.534753756004	4	481	1	
87	0	190	step_1_no_load	1	2	2	317	
87	0	190	step_2_no_load	5	6	0.667655825994	0.433568856946	6	364	0	
87	0	191	step_1_no_load	1	2	2	329	
87	0	191	step_2_no_load	5	6	0.664271461991	0.435748387321	5	381	1	
87	0	192	step_1_no_load	1	2	2	476	
87	0	192	step_2_no_load	5	6	0.705517419189	0.450791310283	5	464	1	
87	0	193	step_1_no_load	1	2	2	304	
87	0	193	step_2_no_load	5	6	0.679792491164	0.440813209638	6	458	1	
87	0	194	step_1_no_load	1	2	2	403	
87	0	194	step_2_no_load	3	4	0.342437174514	0.505359594715	4	499	1	
87	0	195	step_1_no_load	1	2	2	316	
87	0	195	step_2_no_load	5	6	0.646280688878	0.466795336969	6	490	0	
87	0	196	step_1_no_load	1	2	2	532	
87	0	196	step_2_no_load	5	6	0.695101215304	0.421761207498	5	438	0	
87	0	197	step_1_no_load	1	2	2	374	
87	0	197	step_2_no_load	3	4	0.316987700969	0.47786945426	3	385	1	
87	0	198	step_1_no_load	1	2	2	305	
87	0	198	step_2_no_load	3	4	0.303352625941	0.485065498391	3	399	0	
87	0	199	step_1_no_load	1	2	2	314	
87	0	199	step_2_no_load	5	6	0.73697129762	0.39793773834	6	376	0	
87	0	200	step_1_no_load	1	2	2	328	
87	0	200	step_2_no_load	5	6	0.728996708473	0.372436949782	5	416	1	

Tue Mar 14 12:00:59 2017
