Tue Mar 14 16:17:31 2017	
88	0	1	step_1_no_load	1	2	1	572	
88	0	1	step_2_no_load	5	6	0.457620150462	0.511789129507	5	706	1	
88	0	2	step_1_no_load	1	2	1	301	
88	0	2	step_2_no_load	3	4	0.610961032466	0.580156942153	4	905	1	
88	0	3	step_1_no_load	1	2	1	320	
88	0	3	step_2_no_load	3	4	0.589215227351	0.584197065669	4	694	1	
88	0	4	step_1_no_load	1	2	2	827	
88	0	4	step_2_no_load	5	6	0.478607661228	0.494597764192	5	1121	1	
88	0	5	step_1_no_load	1	2	1	449	
88	0	5	step_2_no_load	3	4	0.576104915614	0.623810210114	4	707	0	
88	0	6	step_1_no_load	1	2	1	501	
88	0	6	step_2_no_load	3	4	0.603642866427	0.585722686883	3	902	0	
88	0	7	step_1_no_load	1	2	1	701	
88	0	7	step_2_no_load	5	6	0.500071913476	0.506408070053	5	498	1	
88	0	8	step_1_no_load	1	2	1	280	
88	0	8	step_2_no_load	3	4	0.624210374623	0.59128639594	3	1119	1	
88	0	9	step_1_no_load	1	2	1	502	
88	0	9	step_2_no_load	3	4	0.641106877158	0.598049061473	4	790	1	
88	0	10	step_1_no_load	1	2	2	477	
88	0	10	step_2_no_load	5	6	0.482364178155	0.576063520885	5	1131	1	
88	0	11	step_1_no_load	1	2	2	431	
88	0	11	step_2_no_load	3	4	0.609191465743	0.69163818036	4	1256	1	
88	0	12	step_1_no_load	1	2	1	469	
88	0	12	step_2_no_load	3	4	0.552770607849	0.682786328054	4	744	0	
88	0	13	step_1_no_load	1	2	1	709	
88	0	13	step_2_no_load	3	4	0.558313135925	0.653587098421	3	981	0	
88	0	14	step_1_no_load	1	2	1	455	
88	0	14	step_2_no_load	3	4	0.545555696267	0.629137942344	4	1397	0	
88	0	15	step_1_no_load	1	2	1	968	
88	0	15	step_2_no_load	3	4	0.570419113221	0.612260006668	-1	-1	-1	
88	0	16	step_1_no_load	1	2	1	300	
88	0	16	step_2_no_load	3	4	0.553308964466	0.628091198119	3	725	1	
88	0	17	step_1_no_load	1	2	2	799	
88	0	17	step_2_no_load	5	6	0.535958400205	0.643116883134	5	706	0	
88	0	18	step_1_no_load	1	2	2	449	
88	0	18	step_2_no_load	5	6	0.517514133912	0.626895526976	6	1019	0	
88	0	19	step_1_no_load	1	2	2	506	
88	0	19	step_2_no_load	3	4	0.536502319591	0.619895761657	4	476	1	
88	0	20	step_1_no_load	1	2	2	334	
88	0	20	step_2_no_load	5	6	0.478025448397	0.60665343963	5	1153	0	
88	0	21	step_1_no_load	1	2	1	322	
88	0	21	step_2_no_load	3	4	0.470207377245	0.630305464549	4	855	1	
88	0	22	step_1_no_load	1	2	2	505	
88	0	22	step_2_no_load	5	6	0.506100011497	0.618527126547	6	1093	1	
88	0	23	step_1_no_load	1	2	2	862	
88	0	23	step_2_no_load	3	4	0.513759772011	0.640163623731	4	560	0	
88	0	24	step_1_no_load	1	2	1	325	
88	0	24	step_2_no_load	3	4	0.503316199018	0.582115115688	3	1441	0	
88	0	25	step_1_no_load	1	2	1	282	
88	0	25	step_2_no_load	3	4	0.503605105412	0.565698722896	4	933	1	
88	0	26	step_1_no_load	1	2	2	204	
88	0	26	step_2_no_load	3	4	0.532884212818	0.592410219737	4	483	1	
88	0	27	step_1_no_load	1	2	2	272	
88	0	27	step_2_no_load	5	6	0.507272671939	0.642144756622	5	1029	0	
88	0	28	step_1_no_load	1	2	2	863	
88	0	28	step_2_no_load	5	6	0.520177259699	0.647441527317	6	1011	1	
88	0	29	step_1_no_load	1	2	1	249	
88	0	29	step_2_no_load	3	4	0.561957580386	0.606613029227	4	407	1	
88	0	30	step_1_no_load	1	2	2	389	
88	0	30	step_2_no_load	3	4	0.574272497114	0.608245979832	4	608	1	
88	0	31	step_1_no_load	1	2	2	278	
88	0	31	step_2_no_load	5	6	0.483156722265	0.606122691795	5	757	1	
88	0	32	step_1_no_load	1	2	1	380	
88	0	32	step_2_no_load	5	6	0.520318771114	0.605616211083	5	483	1	
88	0	33	step_1_no_load	1	2	1	254	
88	0	33	step_2_no_load	5	6	0.487664344039	0.618000238621	5	544	0	
88	0	34	step_1_no_load	1	2	2	324	
88	0	34	step_2_no_load	5	6	0.454565258478	0.670290552209	6	1049	1	
88	0	35	step_1_no_load	1	2	1	297	
88	0	35	step_2_no_load	3	4	0.594167768198	0.566827313385	4	855	1	
88	0	36	step_1_no_load	1	2	2	237	
88	0	36	step_2_no_load	5	6	0.513210053121	0.661229326326	6	989	1	
88	0	37	step_1_no_load	1	2	1	473	
88	0	37	step_2_no_load	3	4	0.598446394142	0.513822304161	4	719	0	
88	0	38	step_1_no_load	1	2	1	308	
88	0	38	step_2_no_load	3	4	0.595113730206	0.539078491643	3	733	0	
88	0	39	step_1_no_load	1	2	1	452	
88	0	39	step_2_no_load	3	4	0.610601635554	0.557005857101	4	1420	1	
88	0	40	step_1_no_load	1	2	2	541	
88	0	40	step_2_no_load	5	6	0.5691386571	0.636994900683	5	882	0	
88	0	41	step_1_no_load	1	2	2	252	
88	0	41	step_2_no_load	5	6	0.583829055298	0.633285941184	6	772	1	
88	0	42	step_1_no_load	1	2	1	219	
88	0	42	step_2_no_load	3	4	0.609164606591	0.533857158543	4	850	1	
88	0	43	step_1_no_load	1	2	2	268	
88	0	43	step_2_no_load	5	6	0.548128010644	0.581931546759	6	1020	1	
88	0	44	step_1_no_load	1	2	1	490	
88	0	44	step_2_no_load	3	4	0.611481438855	0.541854396676	4	947	1	
88	0	45	step_1_no_load	1	2	2	227	
88	0	45	step_2_no_load	5	6	0.5288039409	0.620699591043	5	895	0	
88	0	46	step_1_no_load	1	2	2	257	
88	0	46	step_2_no_load	5	6	0.532238720495	0.654261318712	6	988	0	
88	0	47	step_1_no_load	1	2	2	233	
88	0	47	step_2_no_load	3	4	0.598724660986	0.546259467838	4	806	0	
88	0	48	step_1_no_load	1	2	2	646	
88	0	48	step_2_no_load	3	4	0.615767119776	0.534690828011	3	393	1	
88	0	49	step_1_no_load	1	2	2	269	
88	0	49	step_2_no_load	5	6	0.489287375157	0.614679490594	6	958	1	
88	0	50	step_1_no_load	1	2	1	497	
88	0	50	step_2_no_load	5	6	0.47381367271	0.593458480934	6	404	1	
88	0	51	step_1_no_load	1	2	1	253	
88	0	51	step_2_no_load	3	4	0.564866799699	0.508197321577	4	409	1	
88	0	52	step_1_no_load	1	2	2	286	
88	0	52	step_2_no_load	3	4	0.539065404057	0.513589895419	4	339	1	
88	0	53	step_1_no_load	1	2	2	393	
88	0	53	step_2_no_load	5	6	0.451905460347	0.630956764252	5	686	1	
88	0	54	step_1_no_load	1	2	1	248	
88	0	54	step_2_no_load	3	4	0.570223904064	0.493362545513	4	533	0	
88	0	55	step_1_no_load	1	2	1	326	
88	0	55	step_2_no_load	5	6	0.487025527704	0.639840796975	6	581	0	
88	0	56	step_1_no_load	1	2	1	512	
88	0	56	step_2_no_load	5	6	0.459773408493	0.60038825769	5	491	0	
88	0	57	step_1_no_load	1	2	2	387	
88	0	57	step_2_no_load	5	6	0.466449077359	0.586335094239	6	1120	0	
88	0	58	step_1_no_load	1	2	2	507	
88	0	58	step_2_no_load	3	4	0.664682809182	0.528376440027	3	394	1	
88	0	59	step_1_no_load	1	2	2	694	
88	0	59	step_2_no_load	5	6	0.480274332693	0.608951267756	5	1349	1	
88	0	60	step_1_no_load	1	2	1	686	
88	0	60	step_2_no_load	3	4	0.623687406259	0.479287247283	3	1373	1	
88	0	61	step_1_no_load	1	2	1	844	
88	0	61	step_2_no_load	3	4	0.669587072502	0.527144452559	3	803	1	
88	0	62	step_1_no_load	1	2	2	373	
88	0	62	step_2_no_load	5	6	0.50724109756	0.622820395113	5	1080	0	
88	0	63	step_1_no_load	1	2	2	275	
88	0	63	step_2_no_load	3	4	0.664284493458	0.519445130796	3	522	1	
88	0	64	step_1_no_load	1	2	2	486	
88	0	64	step_2_no_load	5	6	0.555062911513	0.626149195169	6	1236	1	
88	0	65	step_1_no_load	1	2	1	342	
88	0	65	step_2_no_load	3	4	0.612660225018	0.517687993213	3	1299	1	
88	0	66	step_1_no_load	1	2	2	675	
88	0	66	step_2_no_load	5	6	0.573761869714	0.630357351236	6	1242	1	
88	0	67	step_1_no_load	1	2	1	581	
88	0	67	step_2_no_load	3	4	0.597650193897	0.538279387614	3	779	1	
88	0	68	step_1_no_load	1	2	1	407	
88	0	68	step_2_no_load	3	4	0.622963076372	0.523301545299	4	671	0	
88	0	69	step_1_no_load	1	2	1	290	
88	0	69	step_2_no_load	3	4	0.622221685203	0.560462111264	3	743	1	
88	0	70	step_1_no_load	1	2	2	267	
88	0	70	step_2_no_load	5	6	0.498834901463	0.697741832068	6	847	1	
88	0	71	step_1_no_load	1	2	1	528	
88	0	71	step_2_no_load	3	4	0.639174917797	0.546215110045	-1	-1	-1	
88	0	72	step_1_no_load	1	2	1	271	
88	0	72	step_2_no_load	5	6	0.47409116389	0.705884789502	6	745	0	
88	0	73	step_1_no_load	1	2	2	760	
88	0	73	step_2_no_load	5	6	0.435957313805	0.727961155836	5	977	1	
88	0	74	step_1_no_load	1	2	1	329	
88	0	74	step_2_no_load	5	6	0.453420386428	0.693624670847	5	451	0	
88	0	75	step_1_no_load	1	2	2	285	
88	0	75	step_2_no_load	5	6	0.44832280175	0.697629587097	6	1045	1	
88	0	76	step_1_no_load	1	2	1	226	
88	0	76	step_2_no_load	3	4	0.62770291155	0.518881389358	3	1077	0	
88	0	77	step_1_no_load	1	2	1	270	
88	0	77	step_2_no_load	3	4	0.564257587118	0.538119616568	4	802	0	
88	0	78	step_1_no_load	1	2	1	307	
88	0	78	step_2_no_load	3	4	0.536711448352	0.538654072849	4	1356	1	
88	0	79	step_1_no_load	1	2	1	486	
88	0	79	step_2_no_load	3	4	0.513695512795	0.540085062695	4	728	0	
88	0	80	step_1_no_load	1	2	1	277	
88	0	80	step_2_no_load	5	6	0.396016175285	0.703969305517	6	664	1	
88	0	81	step_1_no_load	1	2	1	624	
88	0	81	step_2_no_load	5	6	0.419265522488	0.702400933084	6	714	0	
88	0	82	step_1_no_load	1	2	2	467	
88	0	82	step_2_no_load	5	6	0.395813831323	0.688340116885	5	777	0	
88	0	83	step_1_no_load	1	2	2	794	
88	0	83	step_2_no_load	5	6	0.382772464038	0.726885136842	-1	-1	-1	
88	0	84	step_1_no_load	1	2	2	300	
88	0	84	step_2_no_load	3	4	0.65843840156	0.505586222209	3	421	1	
88	0	85	step_1_no_load	1	2	2	303	
88	0	85	step_2_no_load	5	6	0.384458259121	0.712989604416	5	866	1	
88	0	86	step_1_no_load	1	2	1	549	
88	0	86	step_2_no_load	5	6	0.345323068124	0.721207648497	5	456	0	
88	0	87	step_1_no_load	1	2	1	714	
88	0	87	step_2_no_load	3	4	0.719375344246	0.493867001103	3	1009	1	
88	0	88	step_1_no_load	1	2	2	539	
88	0	88	step_2_no_load	5	6	0.377947492322	0.696773608304	6	1096	1	
88	0	89	step_1_no_load	1	2	1	682	
88	0	89	step_2_no_load	5	6	0.415882489686	0.660112261017	6	748	0	
88	0	90	step_1_no_load	1	2	2	366	
88	0	90	step_2_no_load	5	6	0.411459496853	0.688736868033	5	874	1	
88	0	91	step_1_no_load	1	2	1	733	
88	0	91	step_2_no_load	3	4	0.685023809334	0.479087223222	4	940	0	
88	0	92	step_1_no_load	1	2	2	910	
88	0	92	step_2_no_load	3	4	0.692406274724	0.484260039873	4	776	0	
88	0	93	step_1_no_load	1	2	1	349	
88	0	93	step_2_no_load	5	6	0.439878153082	0.662863370634	5	406	1	
88	0	94	step_1_no_load	1	2	1	344	
88	0	94	step_2_no_load	3	4	0.719464414227	0.468637558205	3	876	1	
88	0	95	step_1_no_load	1	2	2	374	
88	0	95	step_2_no_load	5	6	0.427150666411	0.640209855442	5	1144	1	
88	0	96	step_1_no_load	1	2	1	566	
88	0	96	step_2_no_load	5	6	0.383038640121	0.663095813561	5	534	1	
88	0	97	step_1_no_load	1	2	1	332	
88	0	97	step_2_no_load	3	4	0.681272614291	0.455601814112	3	1061	1	
88	0	98	step_1_no_load	1	2	2	314	
88	0	98	step_2_no_load	5	6	0.409778171713	0.646040060297	5	702	1	
88	0	99	step_1_no_load	1	2	2	578	
88	0	99	step_2_no_load	3	4	0.673709850038	0.375249961522	3	511	0	
88	0	100	step_1_no_load	1	2	1	252	
88	0	100	step_2_no_load	3	4	0.666227451505	0.363162156005	4	825	0	
88	0	101	step_1_no_load	1	2	1	479	
88	0	101	step_2_no_load	3	4	0.623812401974	0.366879421891	3	1044	0	
88	0	102	step_1_no_load	1	2	1	276	
88	0	102	step_2_no_load	3	4	0.666304534392	0.326080462175	4	876	1	
88	0	103	step_1_no_load	1	2	2	879	
88	0	103	step_2_no_load	5	6	0.481975449893	0.69058998368	5	1114	0	
88	0	104	step_1_no_load	1	2	2	1306	
88	0	104	step_2_no_load	5	6	0.521047445908	0.743372642809	6	1061	1	
88	0	105	step_1_no_load	1	2	1	346	
88	0	105	step_2_no_load	3	4	0.689135357059	0.352639603242	4	838	0	
88	0	106	step_1_no_load	1	2	1	1137	
88	0	106	step_2_no_load	5	6	0.508908032404	0.699623252899	6	591	0	
88	0	107	step_1_no_load	1	2	1	600	
88	0	107	step_2_no_load	3	4	0.692607431435	0.388257337796	3	779	1	
88	0	108	step_1_no_load	1	2	2	299	
88	0	108	step_2_no_load	5	6	0.526955028982	0.681491063126	5	884	0	
88	0	109	step_1_no_load	1	2	2	314	
88	0	109	step_2_no_load	3	4	0.71632547018	0.372328831887	3	571	1	
88	0	110	step_1_no_load	1	2	2	281	
88	0	110	step_2_no_load	5	6	0.432626681236	0.65455226558	6	525	0	
88	0	111	step_1_no_load	1	2	2	316	
88	0	111	step_2_no_load	3	4	0.724852671171	0.407158158569	3	506	1	
88	0	112	step_1_no_load	1	2	2	399	
88	0	112	step_2_no_load	5	6	0.392887565883	0.635252945963	5	745	0	
88	0	113	step_1_no_load	1	2	2	263	
88	0	113	step_2_no_load	3	4	0.719324307956	0.387112818105	3	464	1	
88	0	114	step_1_no_load	1	2	2	540	
88	0	114	step_2_no_load	3	4	0.718213323791	0.384736699284	3	631	1	
88	0	115	step_1_no_load	1	2	2	591	
88	0	115	step_2_no_load	3	4	0.739704344621	0.357661171116	3	506	1	
88	0	116	step_1_no_load	1	2	2	702	
88	0	116	step_2_no_load	5	6	0.378149844807	0.680124293449	6	732	1	
88	0	117	step_1_no_load	1	2	1	499	
88	0	117	step_2_no_load	3	4	0.747012267642	0.363056877927	3	1048	1	
88	0	118	step_1_no_load	1	2	2	365	
88	0	118	step_2_no_load	3	4	0.740051715856	0.362977115924	3	435	1	
88	0	119	step_1_no_load	1	2	2	475	
88	0	119	step_2_no_load	3	4	0.690424535099	0.358243439099	3	438	1	
88	0	120	step_1_no_load	1	2	2	461	
88	0	120	step_2_no_load	3	4	0.70587238626	0.333809617664	3	476	0	
88	0	121	step_1_no_load	1	2	1	565	
88	0	121	step_2_no_load	5	6	0.352721767208	0.671052306195	6	335	1	
88	0	122	step_1_no_load	1	2	1	364	
88	0	122	step_2_no_load	3	4	0.6136886145	0.266650857402	4	342	0	
88	0	123	step_1_no_load	1	2	1	405	
88	0	123	step_2_no_load	3	4	0.583607229978	0.269780614928	3	730	0	
88	0	124	step_1_no_load	1	2	1	292	
88	0	124	step_2_no_load	5	6	0.309430836661	0.624161788269	6	630	1	
88	0	125	step_1_no_load	1	2	1	346	
88	0	125	step_2_no_load	3	4	0.559596800931	0.290374841566	4	478	1	
88	0	126	step_1_no_load	1	2	2	338	
88	0	126	step_2_no_load	5	6	0.300846667696	0.600985760967	5	706	0	
88	0	127	step_1_no_load	1	2	2	582	
88	0	127	step_2_no_load	3	4	0.560824094575	0.273483952592	4	413	1	
88	0	128	step_1_no_load	1	2	2	282	
88	0	128	step_2_no_load	5	6	0.250790232267	0.620672334996	5	957	0	
88	0	129	step_1_no_load	1	2	2	348	
88	0	129	step_2_no_load	5	6	0.271709703542	0.632682846317	6	662	1	
88	0	130	step_1_no_load	1	2	2	530	
88	0	130	step_2_no_load	3	4	0.682031489739	0.267460866951	4	655	0	
88	0	131	step_1_no_load	1	2	1	306	
88	0	131	step_2_no_load	5	6	0.311475039155	0.638450601212	6	460	1	
88	0	132	step_1_no_load	1	2	1	766	
88	0	132	step_2_no_load	3	4	0.668578020634	0.27986961048	3	1026	1	
88	0	133	step_1_no_load	1	2	1	376	
88	0	133	step_2_no_load	3	4	0.617383991623	0.315608831386	3	718	1	
88	0	134	step_1_no_load	1	2	2	775	
88	0	134	step_2_no_load	5	6	0.302839427162	0.685529359147	6	784	1	
88	0	135	step_1_no_load	1	2	1	726	
88	0	135	step_2_no_load	3	4	0.593710006149	0.300079459047	4	875	0	
88	0	136	step_1_no_load	1	2	1	572	
88	0	136	step_2_no_load	3	4	0.597814413435	0.307766925452	3	650	1	
88	0	137	step_1_no_load	1	2	2	263	
88	0	137	step_2_no_load	5	6	0.325016613024	0.668540846495	6	1229	1	
88	0	138	step_1_no_load	1	2	2	501	
88	0	138	step_2_no_load	5	6	0.307694123906	0.688182193337	6	774	0	
88	0	139	step_1_no_load	1	2	2	604	
88	0	139	step_2_no_load	5	6	0.323660750961	0.696355985729	5	711	0	
88	0	140	step_1_no_load	1	2	2	288	
88	0	140	step_2_no_load	5	6	0.328174526491	0.637682840728	6	1136	1	
88	0	141	step_1_no_load	1	2	1	389	
88	0	141	step_2_no_load	3	4	0.711987889705	0.390227133375	3	868	1	
88	0	142	step_1_no_load	1	2	2	411	
88	0	142	step_2_no_load	3	4	0.690276058009	0.397052682821	3	556	1	
88	0	143	step_1_no_load	1	2	2	261	
88	0	143	step_2_no_load	5	6	0.313516825296	0.610219102298	5	1090	0	
88	0	144	step_1_no_load	1	2	2	440	
88	0	144	step_2_no_load	5	6	0.275932517017	0.639347300184	6	1018	0	
88	0	145	step_1_no_load	1	2	2	433	
88	0	145	step_2_no_load	5	6	0.266265924094	0.606515632748	5	1066	0	
88	0	146	step_1_no_load	1	2	2	247	
88	0	146	step_2_no_load	5	6	0.257861956214	0.593778463268	6	994	0	
88	0	147	step_1_no_load	1	2	2	251	
88	0	147	step_2_no_load	5	6	0.265578160642	0.594861186319	-1	-1	-1	
88	0	148	step_1_no_load	1	2	2	308	
88	0	148	step_2_no_load	3	4	0.619272702026	0.311162711725	3	881	1	
88	0	149	step_1_no_load	1	2	2	536	
88	0	149	step_2_no_load	3	4	0.601870110183	0.300290206122	3	459	0	
88	0	150	step_1_no_load	1	2	2	751	
88	0	150	step_2_no_load	3	4	0.575985663078	0.306860041627	4	531	1	
88	0	151	step_1_no_load	1	2	2	336	
88	0	151	step_2_no_load	5	6	0.348172164421	0.614159737668	5	592	0	
88	0	152	step_1_no_load	1	2	2	329	
88	0	152	step_2_no_load	5	6	0.307702500543	0.644204174791	6	610	0	
88	0	153	step_1_no_load	1	2	2	359	
88	0	153	step_2_no_load	5	6	0.309356532263	0.681559292085	5	785	0	
88	0	154	step_1_no_load	1	2	2	370	
88	0	154	step_2_no_load	5	6	0.316375537537	0.671672162443	6	630	1	
88	0	155	step_1_no_load	1	2	1	271	
88	0	155	step_2_no_load	3	4	0.632486591889	0.372188990474	3	1062	1	
88	0	156	step_1_no_load	1	2	2	715	
88	0	156	step_2_no_load	5	6	0.32564867104	0.734436160799	6	686	1	
88	0	157	step_1_no_load	1	2	2	244	
88	0	157	step_2_no_load	3	4	0.585191807512	0.324728201487	3	394	1	
88	0	158	step_1_no_load	1	2	2	422	
88	0	158	step_2_no_load	5	6	0.408728803896	0.694270715354	6	1386	1	
88	0	159	step_1_no_load	1	2	2	556	
88	0	159	step_2_no_load	5	6	0.413026375257	0.697903160072	6	658	0	
88	0	160	step_1_no_load	1	2	2	793	
88	0	160	step_2_no_load	5	6	0.415052912783	0.710728171711	5	931	1	
88	0	161	step_1_no_load	1	2	1	298	
88	0	161	step_2_no_load	3	4	0.516036498158	0.438878285506	3	929	1	
88	0	162	step_1_no_load	1	2	2	320	
88	0	162	step_2_no_load	5	6	0.3926701003	0.695144769903	5	704	0	
88	0	163	step_1_no_load	1	2	2	393	
88	0	163	step_2_no_load	3	4	0.5863391277	0.430920885959	3	404	1	
88	0	164	step_1_no_load	1	2	2	337	
88	0	164	step_2_no_load	5	6	0.432761720497	0.692137394606	5	798	0	
88	0	165	step_1_no_load	1	2	2	324	
88	0	165	step_2_no_load	3	4	0.538026607649	0.347974240867	3	410	1	
88	0	166	step_1_no_load	1	2	2	491	
88	0	166	step_2_no_load	3	4	0.549095060025	0.356317216644	3	450	0	
88	0	167	step_1_no_load	1	2	1	579	
88	0	167	step_2_no_load	5	6	0.38753671275	0.706271792549	6	388	1	
88	0	168	step_1_no_load	1	2	1	252	
88	0	168	step_2_no_load	3	4	0.613361520676	0.335777599654	4	716	1	
88	0	169	step_1_no_load	1	2	1	295	
88	0	169	step_2_no_load	3	4	0.586049140041	0.365156560071	4	641	1	
88	0	170	step_1_no_load	1	2	1	262	
88	0	170	step_2_no_load	3	4	0.57151385403	0.364989630435	4	499	1	
88	0	171	step_1_no_load	1	2	1	853	
88	0	171	step_2_no_load	5	6	0.386979310814	0.727248140829	5	916	0	
88	0	172	step_1_no_load	1	2	1	435	
88	0	172	step_2_no_load	3	4	0.519090471457	0.490120307546	4	565	0	
88	0	173	step_1_no_load	1	2	1	592	
88	0	173	step_2_no_load	5	6	0.385349297983	0.667027212577	5	526	1	
88	0	174	step_1_no_load	1	2	1	325	
88	0	174	step_2_no_load	3	4	0.472729524832	0.46236234172	3	901	1	
88	0	175	step_1_no_load	1	2	2	317	
88	0	175	step_2_no_load	5	6	0.426185553904	0.693968268443	5	623	0	
88	0	176	step_1_no_load	1	2	2	361	
88	0	176	step_2_no_load	3	4	0.474046874473	0.500856457218	3	395	1	
88	0	177	step_1_no_load	1	2	2	367	
88	0	177	step_2_no_load	3	4	0.501268576771	0.4798184927	3	544	0	
88	0	178	step_1_no_load	1	2	1	275	
88	0	178	step_2_no_load	3	4	0.493712351915	0.49020858644	4	1016	1	
88	0	179	step_1_no_load	1	2	2	396	
88	0	179	step_2_no_load	5	6	0.324685418097	0.709345707515	6	594	0	
88	0	180	step_1_no_load	1	2	2	287	
88	0	180	step_2_no_load	5	6	0.341214611607	0.719795072986	5	673	0	
88	0	181	step_1_no_load	1	2	2	278	
88	0	181	step_2_no_load	5	6	0.342402764747	0.746910336326	6	719	1	
88	0	182	step_1_no_load	1	2	2	514	
88	0	182	step_2_no_load	5	6	0.340533666308	0.72717560423	6	661	1	
88	0	183	step_1_no_load	1	2	1	293	
88	0	183	step_2_no_load	3	4	0.502991759047	0.492742497507	4	726	1	
88	0	184	step_1_no_load	1	2	1	565	
88	0	184	step_2_no_load	3	4	0.460890977786	0.480863422096	4	606	1	
88	0	185	step_1_no_load	1	2	2	369	
88	0	185	step_2_no_load	5	6	0.362611152222	0.665622647081	6	530	1	
88	0	186	step_1_no_load	1	2	1	376	
88	0	186	step_2_no_load	3	4	0.46870859828	0.484672582719	4	540	0	
88	0	187	step_1_no_load	1	2	1	314	
88	0	187	step_2_no_load	3	4	0.443962917772	0.498596507669	3	622	1	
88	0	188	step_1_no_load	1	2	2	614	
88	0	188	step_2_no_load	5	6	0.291508050861	0.696362660087	6	860	0	
88	0	189	step_1_no_load	1	2	2	513	
88	0	189	step_2_no_load	3	4	0.448897869069	0.534753756004	3	370	1	
88	0	190	step_1_no_load	1	2	2	370	
88	0	190	step_2_no_load	3	4	0.433568856946	0.505820429042	3	489	1	
88	0	191	step_1_no_load	1	2	2	335	
88	0	191	step_2_no_load	5	6	0.318839908867	0.664271461991	5	576	1	
88	0	192	step_1_no_load	1	2	2	495	
88	0	192	step_2_no_load	5	6	0.299297135717	0.705517419189	5	435	0	
88	0	193	step_1_no_load	1	2	2	433	
88	0	193	step_2_no_load	3	4	0.440813209638	0.504944704439	3	394	0	
88	0	194	step_1_no_load	1	2	1	511	
88	0	194	step_2_no_load	3	4	0.433250459893	0.505359594715	4	595	1	
88	0	195	step_1_no_load	1	2	2	349	
88	0	195	step_2_no_load	5	6	0.348571348505	0.646280688878	6	436	0	
88	0	196	step_1_no_load	1	2	2	417	
88	0	196	step_2_no_load	3	4	0.421761207498	0.496717662777	4	371	0	
88	0	197	step_1_no_load	1	2	1	618	
88	0	197	step_2_no_load	3	4	0.422511153127	0.47786945426	3	616	0	
88	0	198	step_1_no_load	1	2	1	417	
88	0	198	step_2_no_load	3	4	0.397292432346	0.485065498391	4	1016	0	
88	0	199	step_1_no_load	1	2	1	512	
88	0	199	step_2_no_load	3	4	0.39793773834	0.529438031858	3	899	1	
88	0	200	step_1_no_load	1	2	2	340	
88	0	200	step_2_no_load	3	4	0.372436949782	0.507902534353	3	472	0	

Tue Mar 14 16:38:35 2017
