Wed Mar 15 13:28:40 2017	
89	0	1	step_1_no_load	1	2	1	984	
89	0	1	step_2_no_load	3	4	0.511789129507	0.594299910136	3	384	0	
89	0	2	step_1_no_load	1	2	1	300	
89	0	2	step_2_no_load	3	4	0.533203491871	0.610961032466	3	515	1	
89	0	3	step_1_no_load	1	2	2	331	
89	0	3	step_2_no_load	5	6	0.584197065669	0.476767372206	6	355	0	
89	0	4	step_1_no_load	1	2	1	242	
89	0	4	step_2_no_load	3	4	0.494597764192	0.564086293706	3	328	0	
89	0	5	step_1_no_load	1	2	1	0	
89	0	5	step_2_no_load	3	4	0.543908521457	0.576104915614	4	611	1	
89	0	6	step_1_no_load	1	2	1	288	
89	0	6	step_2_no_load	5	6	0.585722686883	0.506877622204	6	542	0	
89	0	7	step_1_no_load	1	2	1	452	
89	0	7	step_2_no_load	3	4	0.506408070053	0.622642364361	4	445	1	
89	0	8	step_1_no_load	1	2	2	295	
89	0	8	step_2_no_load	3	4	0.499203529332	0.624210374623	3	419	0	
89	0	9	step_1_no_load	1	2	1	329	
89	0	9	step_2_no_load	5	6	0.598049061473	0.496546708465	5	1328	0	
89	0	10	step_1_no_load	1	2	2	778	
89	0	10	step_2_no_load	5	6	0.652626043146	0.482364178155	5	1340	1	
89	0	11	step_1_no_load	1	2	2	369	
89	0	11	step_2_no_load	5	6	0.69163818036	0.477013315682	5	373	1	
89	0	12	step_1_no_load	1	2	2	417	
89	0	12	step_2_no_load	3	4	0.597131918027	0.552770607849	3	382	0	
89	0	13	step_1_no_load	1	2	2	532	
89	0	13	step_2_no_load	5	6	0.653587098421	0.52012981853	5	485	0	
89	0	14	step_1_no_load	1	2	2	334	
89	0	14	step_2_no_load	3	4	0.611256675753	0.545555696267	4	1131	0	
89	0	15	step_1_no_load	1	2	2	352	
89	0	15	step_2_no_load	5	6	0.612260006668	0.505377237737	6	430	1	
89	0	16	step_1_no_load	1	2	1	384	
89	0	16	step_2_no_load	5	6	0.628091198119	0.510958036527	5	409	1	
89	0	17	step_1_no_load	1	2	1	349	
89	0	17	step_2_no_load	3	4	0.643116883134	0.562895132605	4	845	1	
89	0	18	step_1_no_load	1	2	1	344	
89	0	18	step_2_no_load	3	4	0.626895526976	0.553554620302	4	662	1	
89	0	19	step_1_no_load	1	2	1	264	
89	0	19	step_2_no_load	3	4	0.644773170243	0.536502319591	4	627	0	
89	0	20	step_1_no_load	1	2	1	323	
89	0	20	step_2_no_load	3	4	0.60665343963	0.491720931314	3	1191	0	
89	0	21	step_1_no_load	1	2	2	349	
89	0	21	step_2_no_load	5	6	0.630305464549	0.49769376036	6	642	1	
89	0	22	step_1_no_load	1	2	2	446	
89	0	22	step_2_no_load	3	4	0.618527126547	0.468700882609	-1	-1	-1	
89	0	23	step_1_no_load	1	2	2	414	
89	0	23	step_2_no_load	5	6	0.640163623731	0.520606588181	6	336	1	
89	0	24	step_1_no_load	1	2	2	265	
89	0	24	step_2_no_load	5	6	0.582115115688	0.505388876622	6	314	1	
89	0	25	step_1_no_load	1	2	2	334	
89	0	25	step_2_no_load	5	6	0.565698722896	0.503316372362	6	416	0	
89	0	26	step_1_no_load	1	2	1	339	
89	0	26	step_2_no_load	3	4	0.640635035276	0.532884212818	3	450	0	
89	0	27	step_1_no_load	1	2	1	308	
89	0	27	step_2_no_load	3	4	0.642144756622	0.54756089792	4	557	1	
89	0	28	step_1_no_load	1	2	1	342	
89	0	28	step_2_no_load	3	4	0.647441527317	0.553259388875	4	488	0	
89	0	29	step_1_no_load	1	2	1	269	
89	0	29	step_2_no_load	5	6	0.606613029227	0.521159009103	5	1263	0	
89	0	30	step_1_no_load	1	2	2	271	
89	0	30	step_2_no_load	5	6	0.608245979832	0.4919199548	6	353	0	
89	0	31	step_1_no_load	1	2	1	301	
89	0	31	step_2_no_load	3	4	0.606122691795	0.541819886458	3	412	1	
89	0	32	step_1_no_load	1	2	1	343	
89	0	32	step_2_no_load	5	6	0.634585171267	0.520318771114	6	675	0	
89	0	33	step_1_no_load	1	2	1	286	
89	0	33	step_2_no_load	5	6	0.611700032906	0.487664344039	5	365	1	
89	0	34	step_1_no_load	1	2	1	279	
89	0	34	step_2_no_load	5	6	0.575802910074	0.454565258478	5	802	1	
89	0	35	step_1_no_load	1	2	2	454	
89	0	35	step_2_no_load	5	6	0.566827313385	0.491437207585	5	1129	1	
89	0	36	step_1_no_load	1	2	1	345	
89	0	36	step_2_no_load	3	4	0.661229326326	0.611274573488	4	952	1	
89	0	37	step_1_no_load	1	2	1	285	
89	0	37	step_2_no_load	3	4	0.660658056664	0.598446394142	4	486	1	
89	0	38	step_1_no_load	1	2	1	306	
89	0	38	step_2_no_load	3	4	0.651263699161	0.595113730206	4	446	1	
89	0	39	step_1_no_load	1	2	2	399	
89	0	39	step_2_no_load	5	6	0.557005857101	0.578640235206	5	443	1	
89	0	40	step_1_no_load	1	2	2	344	
89	0	40	step_2_no_load	5	6	0.580760785074	0.5691386571	5	404	1	
89	0	41	step_1_no_load	1	2	2	317	
89	0	41	step_2_no_load	5	6	0.524862294848	0.583829055298	5	605	1	
89	0	42	step_1_no_load	1	2	2	328	
89	0	42	step_2_no_load	3	4	0.606696263624	0.609164606591	3	907	1	
89	0	43	step_1_no_load	1	2	1	355	
89	0	43	step_2_no_load	3	4	0.581931546759	0.612705031264	3	379	1	
89	0	44	step_1_no_load	1	2	1	479	
89	0	44	step_2_no_load	3	4	0.589653131867	0.611481438855	3	397	1	
89	0	45	step_1_no_load	1	2	1	458	
89	0	45	step_2_no_load	3	4	0.620699591043	0.632991467829	3	772	1	
89	0	46	step_1_no_load	1	2	1	1333	
89	0	46	step_2_no_load	3	4	0.654261318712	0.600964500555	3	678	0	
89	0	47	step_1_no_load	1	2	2	334	
89	0	47	step_2_no_load	3	4	0.634373567175	0.598724660986	4	786	1	
89	0	48	step_1_no_load	1	2	1	318	
89	0	48	step_2_no_load	5	6	0.534690828011	0.488280685105	6	1005	1	
89	0	49	step_1_no_load	1	2	2	291	
89	0	49	step_2_no_load	5	6	0.512405963374	0.489287375157	6	404	1	
89	0	50	step_1_no_load	1	2	2	330	
89	0	50	step_2_no_load	3	4	0.593458480934	0.606862017918	3	866	0	
89	0	51	step_1_no_load	1	2	1	314	
89	0	51	step_2_no_load	5	6	0.508197321577	0.469943944943	6	934	1	
89	0	52	step_1_no_load	1	2	2	373	
89	0	52	step_2_no_load	5	6	0.513589895419	0.429622901875	6	704	1	
89	0	53	step_1_no_load	1	2	2	546	
89	0	53	step_2_no_load	5	6	0.475342927439	0.451905460347	6	404	1	
89	0	54	step_1_no_load	1	2	2	540	
89	0	54	step_2_no_load	5	6	0.493362545513	0.491512498697	6	872	1	
89	0	55	step_1_no_load	1	2	2	749	
89	0	55	step_2_no_load	3	4	0.639840796975	0.574045915747	3	811	1	
89	0	56	step_1_no_load	1	2	2	555	
89	0	56	step_2_no_load	5	6	0.538512915562	0.459773408493	6	526	0	
89	0	57	step_1_no_load	1	2	1	306	
89	0	57	step_2_no_load	3	4	0.586335094239	0.641849303307	3	736	1	
89	0	58	step_1_no_load	1	2	1	391	
89	0	58	step_2_no_load	3	4	0.610896130115	0.664682809182	3	504	1	
89	0	59	step_1_no_load	1	2	1	546	
89	0	59	step_2_no_load	3	4	0.608951267756	0.632500293208	3	676	1	
89	0	60	step_1_no_load	1	2	2	539	
89	0	60	step_2_no_load	5	6	0.479287247283	0.491916707098	6	388	1	
89	0	61	step_1_no_load	1	2	2	333	
89	0	61	step_2_no_load	5	6	0.527144452559	0.464268875813	6	432	0	
89	0	62	step_1_no_load	1	2	1	191	
89	0	62	step_2_no_load	3	4	0.622820395113	0.691137204746	3	417	0	
89	0	63	step_1_no_load	1	2	1	382	
89	0	63	step_2_no_load	3	4	0.642623127313	0.664284493458	4	390	0	
89	0	64	step_1_no_load	1	2	2	562	
89	0	64	step_2_no_load	5	6	0.533849886794	0.555062911513	5	662	0	
89	0	65	step_1_no_load	1	2	2	266	
89	0	65	step_2_no_load	3	4	0.619953360065	0.612660225018	4	291	0	
89	0	66	step_1_no_load	1	2	1	354	
89	0	66	step_2_no_load	3	4	0.630357351236	0.606938648072	3	339	0	
89	0	67	step_1_no_load	1	2	1	603	
89	0	67	step_2_no_load	5	6	0.538279387614	0.542076810516	6	1336	1	
89	0	68	step_1_no_load	1	2	1	416	
89	0	68	step_2_no_load	3	4	0.719455209845	0.622963076372	3	405	1	
89	0	69	step_1_no_load	1	2	1	272	
89	0	69	step_2_no_load	3	4	0.718756538957	0.622221685203	3	367	1	
89	0	70	step_1_no_load	1	2	1	282	
89	0	70	step_2_no_load	3	4	0.697741832068	0.637556284465	3	473	0	
89	0	71	step_1_no_load	1	2	2	216	
89	0	71	step_2_no_load	3	4	0.706816191949	0.639174917797	4	598	1	
89	0	72	step_1_no_load	1	2	2	366	
89	0	72	step_2_no_load	5	6	0.556486305476	0.47409116389	6	574	1	
89	0	73	step_1_no_load	1	2	2	383	
89	0	73	step_2_no_load	3	4	0.727961155836	0.657126403029	4	472	1	
89	0	74	step_1_no_load	1	2	2	269	
89	0	74	step_2_no_load	3	4	0.693624670847	0.614462146454	4	546	1	
89	0	75	step_1_no_load	1	2	2	1	
89	0	75	step_2_no_load	5	6	0.483983914712	0.44832280175	6	1270	0	
89	0	76	step_1_no_load	1	2	1	405	
89	0	76	step_2_no_load	3	4	0.690117652944	0.62770291155	4	353	1	
89	0	77	step_1_no_load	1	2	1	351	
89	0	77	step_2_no_load	5	6	0.538119616568	0.446809557226	6	459	1	
89	0	78	step_1_no_load	1	2	2	703	
89	0	78	step_2_no_load	3	4	0.647586191228	0.536711448352	4	407	0	
89	0	79	step_1_no_load	1	2	2	255	
89	0	79	step_2_no_load	5	6	0.540085062695	0.389124152368	6	478	1	
89	0	80	step_1_no_load	1	2	2	296	
89	0	80	step_2_no_load	5	6	0.49921021142	0.396016175285	6	488	1	
89	0	81	step_1_no_load	1	2	2	572	
89	0	81	step_2_no_load	3	4	0.702400933084	0.529745690463	3	1159	1	
89	0	82	step_1_no_load	1	2	2	435	
89	0	82	step_2_no_load	5	6	0.482727017837	0.395813831323	6	407	1	
89	0	83	step_1_no_load	1	2	2	272	
89	0	83	step_2_no_load	3	4	0.726885136842	0.607907985871	3	743	0	
89	0	84	step_1_no_load	1	2	2	78	
89	0	84	step_2_no_load	3	4	0.731466635793	0.65843840156	4	290	0	
89	0	85	step_1_no_load	1	2	2	272	
89	0	85	step_2_no_load	5	6	0.485785534744	0.384458259121	6	348	0	
89	0	86	step_1_no_load	1	2	1	90	
89	0	86	step_2_no_load	3	4	0.721207648497	0.691782850001	3	332	0	
89	0	87	step_1_no_load	1	2	2	298	
89	0	87	step_2_no_load	5	6	0.493867001103	0.40000499778	5	456	1	
89	0	88	step_1_no_load	1	2	2	399	
89	0	88	step_2_no_load	3	4	0.696773608304	0.717410082358	-1	-1	-1	
89	0	89	step_1_no_load	1	2	2	363	
89	0	89	step_2_no_load	5	6	0.490019385174	0.415882489686	5	422	1	
89	0	90	step_1_no_load	1	2	2	333	
89	0	90	step_2_no_load	5	6	0.530126112124	0.411459496853	5	423	1	
89	0	91	step_1_no_load	1	2	2	91	
89	0	91	step_2_no_load	5	6	0.479087223222	0.43534164751	5	378	1	
89	0	92	step_1_no_load	1	2	2	251	
89	0	92	step_2_no_load	5	6	0.484260039873	0.444368850664	5	449	1	
89	0	93	step_1_no_load	1	2	2	282	
89	0	93	step_2_no_load	5	6	0.473273727684	0.439878153082	5	388	0	
89	0	94	step_1_no_load	1	2	2	334	
89	0	94	step_2_no_load	5	6	0.468637558205	0.429211756872	6	362	0	
89	0	95	step_1_no_load	1	2	1	268	
89	0	95	step_2_no_load	3	4	0.640209855442	0.715495469274	3	402	0	
89	0	96	step_1_no_load	1	2	1	301	
89	0	96	step_2_no_load	3	4	0.663095813561	0.693739812506	4	363	0	
89	0	97	step_1_no_load	1	2	1	285	
89	0	97	step_2_no_load	5	6	0.455601814112	0.392885664353	5	392	1	
89	0	98	step_1_no_load	1	2	2	356	
89	0	98	step_2_no_load	3	4	0.646040060297	0.70287861952	4	923	0	
89	0	99	step_1_no_load	1	2	2	313	
89	0	99	step_2_no_load	5	6	0.375249961522	0.397561363605	5	335	0	
89	0	100	step_1_no_load	1	2	1	431	
89	0	100	step_2_no_load	3	4	0.66579920021	0.666227451505	3	318	1	
89	0	101	step_1_no_load	1	2	1	491	
89	0	101	step_2_no_load	3	4	0.655903528958	0.623812401974	3	517	1	
89	0	102	step_1_no_load	1	2	1	623	
89	0	102	step_2_no_load	3	4	0.663124617603	0.666304534392	3	505	0	
89	0	103	step_1_no_load	1	2	2	575	
89	0	103	step_2_no_load	5	6	0.322834495838	0.481975449893	5	371	0	
89	0	104	step_1_no_load	1	2	2	357	
89	0	104	step_2_no_load	5	6	0.303696146503	0.521047445908	6	293	0	
89	0	105	step_1_no_load	1	2	1	309	
89	0	105	step_2_no_load	3	4	0.722851301692	0.689135357059	3	356	1	
89	0	106	step_1_no_load	1	2	1	556	
89	0	106	step_2_no_load	5	6	0.374131494222	0.508908032404	5	326	1	
89	0	107	step_1_no_load	1	2	1	283	
89	0	107	step_2_no_load	5	6	0.388257337796	0.565220528809	5	635	0	
89	0	108	step_1_no_load	1	2	1	878	
89	0	108	step_2_no_load	3	4	0.681491063126	0.695928523711	3	359	1	
89	0	109	step_1_no_load	1	2	1	474	
89	0	109	step_2_no_load	3	4	0.68658494263	0.71632547018	3	594	1	
89	0	110	step_1_no_load	1	2	1	319	
89	0	110	step_2_no_load	5	6	0.395544455384	0.432626681236	5	705	0	
89	0	111	step_1_no_load	1	2	1	493	
89	0	111	step_2_no_load	5	6	0.407158158569	0.384948378665	6	863	0	
89	0	112	step_1_no_load	1	2	1	480	
89	0	112	step_2_no_load	5	6	0.413393106784	0.392887565883	5	640	1	
89	0	113	step_1_no_load	1	2	1	454	
89	0	113	step_2_no_load	5	6	0.387112818105	0.370697120277	5	383	0	
89	0	114	step_1_no_load	1	2	1	306	
89	0	114	step_2_no_load	3	4	0.657654904272	0.718213323791	3	607	1	
89	0	115	step_1_no_load	1	2	1	663	
89	0	115	step_2_no_load	3	4	0.645721217949	0.739704344621	3	438	1	
89	0	116	step_1_no_load	1	2	1	341	
89	0	116	step_2_no_load	5	6	0.369438791876	0.378149844807	6	633	1	
89	0	117	step_1_no_load	1	2	1	272	
89	0	117	step_2_no_load	5	6	0.363056877927	0.374621793791	5	402	1	
89	0	118	step_1_no_load	1	2	1	325	
89	0	118	step_2_no_load	5	6	0.362977115924	0.357645851833	6	799	0	
89	0	119	step_1_no_load	1	2	1	272	
89	0	119	step_2_no_load	3	4	0.661177321751	0.690424535099	3	456	0	
89	0	120	step_1_no_load	1	2	2	395	
89	0	120	step_2_no_load	5	6	0.333809617664	0.370150243662	5	337	0	
89	0	121	step_1_no_load	1	2	2	473	
89	0	121	step_2_no_load	3	4	0.671052306195	0.658856304095	4	380	0	
89	0	122	step_1_no_load	1	2	2	303	
89	0	122	step_2_no_load	5	6	0.266650857402	0.329624572119	6	544	0	
89	0	123	step_1_no_load	1	2	1	303	
89	0	123	step_2_no_load	5	6	0.269780614928	0.337526896345	5	308	0	
89	0	124	step_1_no_load	1	2	2	368	
89	0	124	step_2_no_load	5	6	0.26095206597	0.309430836661	5	266	0	
89	0	125	step_1_no_load	1	2	2	305	
89	0	125	step_2_no_load	5	6	0.290374841566	0.303110862715	6	288	0	
89	0	126	step_1_no_load	1	2	2	368	
89	0	126	step_2_no_load	5	6	0.267206368684	0.300846667696	5	347	0	
89	0	127	step_1_no_load	1	2	1	249	
89	0	127	step_2_no_load	5	6	0.273483952592	0.274944938508	5	308	1	
89	0	128	step_1_no_load	1	2	1	320	
89	0	128	step_2_no_load	5	6	0.260252451606	0.250790232267	5	312	0	
89	0	129	step_1_no_load	1	2	1	331	
89	0	129	step_2_no_load	3	4	0.632682846317	0.685297910719	3	686	0	
89	0	130	step_1_no_load	1	2	2	288	
89	0	130	step_2_no_load	5	6	0.267460866951	0.274560758494	5	334	0	
89	0	131	step_1_no_load	1	2	2	296	
89	0	131	step_2_no_load	3	4	0.638450601212	0.678044920845	4	265	1	
89	0	132	step_1_no_load	1	2	1	237	
89	0	132	step_2_no_load	3	4	0.660013924697	0.668578020634	4	421	1	
89	0	133	step_1_no_load	1	2	1	272	
89	0	133	step_2_no_load	3	4	0.691649444281	0.617383991623	4	261	1	
89	0	134	step_1_no_load	1	2	1	310	
89	0	134	step_2_no_load	3	4	0.685529359147	0.621945110858	4	313	1	
89	0	135	step_1_no_load	1	2	1	557	
89	0	135	step_2_no_load	3	4	0.700779221781	0.593710006149	4	391	0	
89	0	136	step_1_no_load	1	2	2	286	
89	0	136	step_2_no_load	5	6	0.307766925452	0.284521085726	6	319	0	
89	0	137	step_1_no_load	1	2	2	345	
89	0	137	step_2_no_load	5	6	0.346433498467	0.325016613024	5	282	1	
89	0	138	step_1_no_load	1	2	2	257	
89	0	138	step_2_no_load	5	6	0.366701525561	0.307694123906	5	339	0	
89	0	139	step_1_no_load	1	2	1	307	
89	0	139	step_2_no_load	3	4	0.696355985729	0.636630981281	3	369	1	
89	0	140	step_1_no_load	1	2	1	500	
89	0	140	step_2_no_load	3	4	0.637682840728	0.671213945178	3	464	1	
89	0	141	step_1_no_load	1	2	1	548	
89	0	141	step_2_no_load	3	4	0.616803346728	0.711987889705	3	428	1	
89	0	142	step_1_no_load	1	2	1	473	
89	0	142	step_2_no_load	3	4	0.627356259123	0.690276058009	3	577	1	
89	0	143	step_1_no_load	1	2	1	284	
89	0	143	step_2_no_load	3	4	0.610219102298	0.661365099615	3	393	0	
89	0	144	step_1_no_load	1	2	2	310	
89	0	144	step_2_no_load	5	6	0.389234194056	0.275932517017	5	588	0	
89	0	145	step_1_no_load	1	2	2	325	
89	0	145	step_2_no_load	5	6	0.355256413269	0.266265924094	6	376	0	
89	0	146	step_1_no_load	1	2	2	403	
89	0	146	step_2_no_load	5	6	0.320877500969	0.257861956214	5	293	1	
89	0	147	step_1_no_load	1	2	2	492	
89	0	147	step_2_no_load	5	6	0.352879785946	0.265578160642	5	495	1	
89	0	148	step_1_no_load	1	2	2	531	
89	0	148	step_2_no_load	5	6	0.311162711725	0.305288021243	5	581	0	
89	0	149	step_1_no_load	1	2	1	453	
89	0	149	step_2_no_load	3	4	0.623203869836	0.601870110183	4	464	0	
89	0	150	step_1_no_load	1	2	1	540	
89	0	150	step_2_no_load	3	4	0.605912419156	0.575985663078	3	286	1	
89	0	151	step_1_no_load	1	2	1	1404	
89	0	151	step_2_no_load	3	4	0.614159737668	0.59154759351	3	516	1	
89	0	152	step_1_no_load	1	2	1	422	
89	0	152	step_2_no_load	3	4	0.644204174791	0.595108765344	3	423	1	
89	0	153	step_1_no_load	1	2	1	304	
89	0	153	step_2_no_load	3	4	0.681559292085	0.613336203392	3	383	0	
89	0	154	step_1_no_load	1	2	2	257	
89	0	154	step_2_no_load	5	6	0.348349389262	0.316375537537	6	278	1	
89	0	155	step_1_no_load	1	2	2	349	
89	0	155	step_2_no_load	3	4	0.716100930629	0.632486591889	4	277	1	
89	0	156	step_1_no_load	1	2	2	265	
89	0	156	step_2_no_load	5	6	0.368378667812	0.32564867104	6	637	1	
89	0	157	step_1_no_load	1	2	2	264	
89	0	157	step_2_no_load	5	6	0.324728201487	0.350909357271	6	398	0	
89	0	158	step_1_no_load	1	2	1	273	
89	0	158	step_2_no_load	3	4	0.694270715354	0.532722108502	4	332	0	
89	0	159	step_1_no_load	1	2	2	311	
89	0	159	step_2_no_load	3	4	0.697903160072	0.541222065796	3	320	1	
89	0	160	step_1_no_load	1	2	1	257	
89	0	160	step_2_no_load	3	4	0.710728171711	0.521229931064	3	360	0	
89	0	161	step_1_no_load	1	2	2	365	
89	0	161	step_2_no_load	5	6	0.438878285506	0.407025633682	5	524	1	
89	0	162	step_1_no_load	1	2	2	496	
89	0	162	step_2_no_load	5	6	0.455329532209	0.3926701003	5	500	0	
89	0	163	step_1_no_load	1	2	1	454	
89	0	163	step_2_no_load	3	4	0.697095951435	0.5863391277	3	286	1	
89	0	164	step_1_no_load	1	2	1	291	
89	0	164	step_2_no_load	3	4	0.692137394606	0.585961845322	3	381	1	
89	0	165	step_1_no_load	1	2	1	275	
89	0	165	step_2_no_load	3	4	0.717506143195	0.538026607649	3	576	1	
89	0	166	step_1_no_load	1	2	1	384	
89	0	166	step_2_no_load	3	4	0.686594248975	0.549095060025	3	499	1	
89	0	167	step_1_no_load	1	2	1	288	
89	0	167	step_2_no_load	5	6	0.331115714939	0.38753671275	5	394	0	
89	0	168	step_1_no_load	1	2	1	345	
89	0	168	step_2_no_load	3	4	0.67192508984	0.613361520676	3	354	1	
89	0	169	step_1_no_load	1	2	1	454	
89	0	169	step_2_no_load	3	4	0.704981910944	0.586049140041	3	455	0	
89	0	170	step_1_no_load	1	2	1	264	
89	0	170	step_2_no_load	5	6	0.364989630435	0.411067820436	6	299	1	
89	0	171	step_1_no_load	1	2	1	522	
89	0	171	step_2_no_load	3	4	0.727248140829	0.553314431843	4	440	0	
89	0	172	step_1_no_load	1	2	2	737	
89	0	172	step_2_no_load	5	6	0.490120307546	0.363617002148	6	417	0	
89	0	173	step_1_no_load	1	2	1	254	
89	0	173	step_2_no_load	5	6	0.462866379815	0.385349297983	5	314	1	
89	0	174	step_1_no_load	1	2	1	267	
89	0	174	step_2_no_load	3	4	0.729877433725	0.472729524832	3	394	1	
89	0	175	step_1_no_load	1	2	1	453	
89	0	175	step_2_no_load	3	4	0.693968268443	0.52644949356	3	823	1	
89	0	176	step_1_no_load	1	2	1	290	
89	0	176	step_2_no_load	3	4	0.679250000396	0.474046874473	3	497	1	
89	0	177	step_1_no_load	1	2	1	399	
89	0	177	step_2_no_load	3	4	0.714070205704	0.501268576771	3	688	1	
89	0	178	step_1_no_load	1	2	1	776	
89	0	178	step_2_no_load	3	4	0.705993797498	0.493712351915	3	496	1	
89	0	179	step_1_no_load	1	2	1	458	
89	0	179	step_2_no_load	5	6	0.493565996034	0.324685418097	6	1005	0	
89	0	180	step_1_no_load	1	2	1	349	
89	0	180	step_2_no_load	3	4	0.719795072986	0.482853857291	3	662	1	
89	0	181	step_1_no_load	1	2	1	283	
89	0	181	step_2_no_load	5	6	0.480141179559	0.342402764747	5	383	1	
89	0	182	step_1_no_load	1	2	2	454	
89	0	182	step_2_no_load	5	6	0.49907747228	0.340533666308	5	352	0	
89	0	183	step_1_no_load	1	2	1	412	
89	0	183	step_2_no_load	5	6	0.492742497507	0.350175837802	5	553	1	
89	0	184	step_1_no_load	1	2	1	362	
89	0	184	step_2_no_load	5	6	0.480863422096	0.362743255194	5	441	1	
89	0	185	step_1_no_load	1	2	1	357	
89	0	185	step_2_no_load	3	4	0.665622647081	0.479703516092	3	376	1	
89	0	186	step_1_no_load	1	2	1	315	
89	0	186	step_2_no_load	3	4	0.656308636836	0.46870859828	3	501	1	
89	0	187	step_1_no_load	1	2	1	293	
89	0	187	step_2_no_load	5	6	0.498596507669	0.328890769988	5	618	1	
89	0	188	step_1_no_load	1	2	1	266	
89	0	188	step_2_no_load	3	4	0.696362660087	0.471319680586	3	537	1	
89	0	189	step_1_no_load	1	2	1	289	
89	0	189	step_2_no_load	3	4	0.688353284054	0.448897869069	3	445	1	
89	0	190	step_1_no_load	1	2	1	279	
89	0	190	step_2_no_load	3	4	0.667655825994	0.433568856946	3	686	0	
89	0	191	step_1_no_load	1	2	2	775	
89	0	191	step_2_no_load	5	6	0.512103523931	0.318839908867	5	397	1	
89	0	192	step_1_no_load	1	2	2	344	
89	0	192	step_2_no_load	3	4	0.705517419189	0.450791310283	3	844	1	
89	0	193	step_1_no_load	1	2	2	423	
89	0	193	step_2_no_load	3	4	0.679792491164	0.440813209638	3	490	1	
89	0	194	step_1_no_load	1	2	2	441	
89	0	194	step_2_no_load	5	6	0.505359594715	0.342437174514	5	439	0	
89	0	195	step_1_no_load	1	2	1	325	
89	0	195	step_2_no_load	5	6	0.494102184238	0.348571348505	5	342	1	
89	0	196	step_1_no_load	1	2	1	952	
89	0	196	step_2_no_load	5	6	0.496717662777	0.365373286058	6	1078	1	
89	0	197	step_1_no_load	1	2	2	1045	
89	0	197	step_2_no_load	5	6	0.47786945426	0.316987700969	6	390	0	
89	0	198	step_1_no_load	1	2	1	456	
89	0	198	step_2_no_load	5	6	0.485065498391	0.303352625941	5	936	0	
89	0	199	step_1_no_load	1	2	1	476	
89	0	199	step_2_no_load	5	6	0.529438031858	0.292861528884	6	775	0	
89	0	200	step_1_no_load	1	2	2	531	
89	0	200	step_2_no_load	5	6	0.507902534353	0.299128796668	6	257	0	

Wed Mar 15 13:46:46 2017
