Fri Mar 17 13:09:36 2017	
91	0	1	step_1_no_load	1	2	1	1096	
91	0	1	step_2_no_load	3	4	0.457620150462	0.594299910136	3	1165	0	
91	0	2	step_1_no_load	1	2	1	807	
91	0	2	step_2_no_load	5	6	0.533203491871	0.580156942153	6	487	1	
91	0	3	step_1_no_load	1	2	1	619	
91	0	3	step_2_no_load	3	4	0.476767372206	0.589215227351	4	514	1	
91	0	4	step_1_no_load	1	2	1	570	
91	0	4	step_2_no_load	5	6	0.494597764192	0.597491569846	6	727	0	
91	0	5	step_1_no_load	1	2	1	658	
91	0	5	step_2_no_load	3	4	0.495568760483	0.576104915614	3	524	0	
91	0	6	step_1_no_load	1	2	1	912	
91	0	6	step_2_no_load	5	6	0.490454120702	0.585722686883	6	481	1	
91	0	7	step_1_no_load	1	2	1	581	
91	0	7	step_2_no_load	3	4	0.500071913476	0.622642364361	4	562	0	
91	0	8	step_1_no_load	1	2	1	592	
91	0	8	step_2_no_load	5	6	0.499203529332	0.59128639594	6	1003	1	
91	0	9	step_1_no_load	1	2	1	638	
91	0	9	step_2_no_load	5	6	0.54429228266	0.598049061473	6	811	0	
91	0	10	step_1_no_load	1	2	1	674	
91	0	10	step_2_no_load	3	4	0.482364178155	0.636063269715	3	530	1	
91	0	11	step_1_no_load	1	2	1	755	
91	0	11	step_2_no_load	3	4	0.477013315682	0.609191465743	3	739	1	
91	0	12	step_1_no_load	1	2	1	596	
91	0	12	step_2_no_load	3	4	0.48457206759	0.552770607849	3	794	1	
91	0	13	step_1_no_load	1	2	1	604	
91	0	13	step_2_no_load	5	6	0.595790490356	0.653587098421	5	920	0	
91	0	14	step_1_no_load	1	2	1	856	
91	0	14	step_2_no_load	3	4	0.491234392147	0.545555696267	4	726	1	
91	0	15	step_1_no_load	1	2	1	668	
91	0	15	step_2_no_load	3	4	0.505377237737	0.570419113221	4	640	1	
91	0	16	step_1_no_load	1	2	1	645	
91	0	16	step_2_no_load	3	4	0.510958036527	0.553308964466	4	805	1	
91	0	17	step_1_no_load	1	2	1	606	
91	0	17	step_2_no_load	3	4	0.535958400205	0.562895132605	4	821	1	
91	0	18	step_1_no_load	1	2	1	634	
91	0	18	step_2_no_load	5	6	0.626895526976	0.626834332012	5	884	1	
91	0	19	step_1_no_load	1	2	1	680	
91	0	19	step_2_no_load	3	4	0.498240186199	0.536502319591	3	585	0	
91	0	20	step_1_no_load	1	2	1	657	
91	0	20	step_2_no_load	5	6	0.60665343963	0.636521555122	5	742	1	
91	0	21	step_1_no_load	1	2	1	590	
91	0	21	step_2_no_load	3	4	0.49769376036	0.470207377245	3	736	1	
91	0	22	step_1_no_load	1	2	1	580	
91	0	22	step_2_no_load	3	4	0.506100011497	0.468700882609	3	773	0	
91	0	23	step_1_no_load	1	2	1	487	
91	0	23	step_2_no_load	3	4	0.520606588181	0.513759772011	4	876	1	
91	0	24	step_1_no_load	1	2	1	490	
91	0	24	step_2_no_load	3	4	0.505388876622	0.503316199018	4	688	0	
91	0	25	step_1_no_load	1	2	1	666	
91	0	25	step_2_no_load	3	4	0.503316372362	0.503605105412	3	544	1	
91	0	26	step_1_no_load	1	2	1	611	
91	0	26	step_2_no_load	3	4	0.511744353778	0.532884212818	3	789	1	
91	0	27	step_1_no_load	1	2	1	547	
91	0	27	step_2_no_load	5	6	0.642144756622	0.57860777711	5	713	0	
91	0	28	step_1_no_load	1	2	1	473	
91	0	28	step_2_no_load	3	4	0.520177259699	0.553259388875	4	481	1	
91	0	29	step_1_no_load	1	2	1	702	
91	0	29	step_2_no_load	3	4	0.521159009103	0.561957580386	4	814	0	
91	0	30	step_1_no_load	1	2	2	425	
91	0	30	step_2_no_load	3	4	0.4919199548	0.574272497114	4	796	1	
91	0	31	step_1_no_load	1	2	2	527	
91	0	31	step_2_no_load	5	6	0.606122691795	0.636602545794	6	946	1	
91	0	32	step_1_no_load	1	2	2	598	
91	0	32	step_2_no_load	5	6	0.605616211083	0.634585171267	5	879	1	
91	0	33	step_1_no_load	1	2	2	765	
91	0	33	step_2_no_load	3	4	0.487664344039	0.542309898544	4	1239	1	
91	0	34	step_1_no_load	1	2	2	554	
91	0	34	step_2_no_load	5	6	0.670290552209	0.575802910074	6	657	1	
91	0	35	step_1_no_load	1	2	2	500	
91	0	35	step_2_no_load	5	6	0.649776015006	0.566827313385	5	759	0	
91	0	36	step_1_no_load	1	2	1	474	
91	0	36	step_2_no_load	5	6	0.661229326326	0.527635087561	5	894	1	
91	0	37	step_1_no_load	1	2	1	682	
91	0	37	step_2_no_load	3	4	0.543074626387	0.598446394142	3	820	0	
91	0	38	step_1_no_load	1	2	1	637	
91	0	38	step_2_no_load	3	4	0.553931241266	0.595113730206	4	517	1	
91	0	39	step_1_no_load	1	2	1	552	
91	0	39	step_2_no_load	5	6	0.634483337633	0.557005857101	6	528	0	
91	0	40	step_1_no_load	1	2	1	491	
91	0	40	step_2_no_load	5	6	0.636994900683	0.580760785074	5	869	1	
91	0	41	step_1_no_load	1	2	1	503	
91	0	41	step_2_no_load	5	6	0.633285941184	0.524862294848	5	675	1	
91	0	42	step_1_no_load	1	2	1	388	
91	0	42	step_2_no_load	3	4	0.553461946234	0.609164606591	3	752	0	
91	0	43	step_1_no_load	1	2	1	533	
91	0	43	step_2_no_load	3	4	0.548128010644	0.612705031264	4	445	1	
91	0	44	step_1_no_load	1	2	1	0	
91	0	44	step_2_no_load	5	6	0.589653131867	0.541854396676	6	418	0	
91	0	45	step_1_no_load	1	2	2	613	
91	0	45	step_2_no_load	5	6	0.620699591043	0.579346234508	6	525	1	
91	0	46	step_1_no_load	1	2	2	500	
91	0	46	step_2_no_load	3	4	0.532238720495	0.600964500555	4	617	0	
91	0	47	step_1_no_load	1	2	2	545	
91	0	47	step_2_no_load	3	4	0.493112702321	0.598724660986	3	603	0	
91	0	48	step_1_no_load	1	2	2	411	
91	0	48	step_2_no_load	5	6	0.657624935632	0.534690828011	6	520	0	
91	0	49	step_1_no_load	1	2	2	498	
91	0	49	step_2_no_load	5	6	0.614679490594	0.512405963374	5	688	0	
91	0	50	step_1_no_load	1	2	2	459	
91	0	50	step_2_no_load	5	6	0.593458480934	0.481616544184	6	540	1	
91	0	51	step_1_no_load	1	2	2	541	
91	0	51	step_2_no_load	5	6	0.613357430892	0.508197321577	6	772	1	
91	0	52	step_1_no_load	1	2	1	813	
91	0	52	step_2_no_load	3	4	0.429622901875	0.539065404057	3	720	1	
91	0	53	step_1_no_load	1	2	1	543	
91	0	53	step_2_no_load	5	6	0.630956764252	0.475342927439	5	607	1	
91	0	54	step_1_no_load	1	2	1	380	
91	0	54	step_2_no_load	3	4	0.491512498697	0.570223904064	4	540	0	
91	0	55	step_1_no_load	1	2	1	613	
91	0	55	step_2_no_load	3	4	0.487025527704	0.574045915747	4	725	1	
91	0	56	step_1_no_load	1	2	1	286	
91	0	56	step_2_no_load	5	6	0.60038825769	0.538512915562	6	467	0	
91	0	57	step_1_no_load	1	2	1	244	
91	0	57	step_2_no_load	3	4	0.466449077359	0.641849303307	3	711	1	
91	0	58	step_1_no_load	1	2	1	590	
91	0	58	step_2_no_load	3	4	0.478335218822	0.664682809182	3	1115	0	
91	0	59	step_1_no_load	1	2	1	467	
91	0	59	step_2_no_load	3	4	0.480274332693	0.632500293208	4	482	1	
91	0	60	step_1_no_load	1	2	1	472	
91	0	60	step_2_no_load	3	4	0.491916707098	0.623687406259	4	586	1	
91	0	61	step_1_no_load	1	2	1	584	
91	0	61	step_2_no_load	5	6	0.602879526975	0.527144452559	6	619	1	
91	0	62	step_1_no_load	1	2	1	601	
91	0	62	step_2_no_load	3	4	0.50724109756	0.691137204746	4	668	1	
91	0	63	step_1_no_load	1	2	1	582	
91	0	63	step_2_no_load	3	4	0.53192660365	0.664284493458	3	608	1	
91	0	64	step_1_no_load	1	2	1	642	
91	0	64	step_2_no_load	3	4	0.555062911513	0.642369708469	4	978	1	
91	0	65	step_1_no_load	1	2	1	581	
91	0	65	step_2_no_load	3	4	0.569109504048	0.612660225018	3	794	1	
91	0	66	step_1_no_load	1	2	1	601	
91	0	66	step_2_no_load	5	6	0.630357351236	0.555324764318	6	895	1	
91	0	67	step_1_no_load	1	2	1	574	
91	0	67	step_2_no_load	3	4	0.542076810516	0.597650193897	3	596	0	
91	0	68	step_1_no_load	1	2	1	587	
91	0	68	step_2_no_load	3	4	0.509127161919	0.622963076372	3	461	0	
91	0	69	step_1_no_load	1	2	1	521	
91	0	69	step_2_no_load	5	6	0.718756538957	0.560462111264	6	388	1	
91	0	70	step_1_no_load	1	2	1	553	
91	0	70	step_2_no_load	3	4	0.498834901463	0.637556284465	3	646	1	
91	0	71	step_1_no_load	1	2	1	559	
91	0	71	step_2_no_load	3	4	0.482863323776	0.639174917797	3	519	1	
91	0	72	step_1_no_load	1	2	1	604	
91	0	72	step_2_no_load	3	4	0.47409116389	0.626024641967	4	624	1	
91	0	73	step_1_no_load	1	2	1	814	
91	0	73	step_2_no_load	5	6	0.727961155836	0.50185699984	5	446	1	
91	0	74	step_1_no_load	1	2	1	0	
91	0	74	step_2_no_load	3	4	0.453420386428	0.614462146454	4	388	0	
91	0	75	step_1_no_load	1	2	1	467	
91	0	75	step_2_no_load	3	4	0.44832280175	0.615552849174	3	636	1	
91	0	76	step_1_no_load	1	2	1	652	
91	0	76	step_2_no_load	3	4	0.488583631821	0.62770291155	4	629	1	
91	0	77	step_1_no_load	1	2	1	461	
91	0	77	step_2_no_load	3	4	0.446809557226	0.564257587118	4	635	1	
91	0	78	step_1_no_load	1	2	1	567	
91	0	78	step_2_no_load	3	4	0.435911167612	0.536711448352	3	784	0	
91	0	79	step_1_no_load	1	2	1	431	
91	0	79	step_2_no_load	3	4	0.389124152368	0.513695512795	4	407	0	
91	0	80	step_1_no_load	1	2	1	677	
91	0	80	step_2_no_load	3	4	0.396016175285	0.518583383166	3	643	1	
91	0	81	step_1_no_load	1	2	1	591	
91	0	81	step_2_no_load	5	6	0.702400933084	0.494116554432	5	762	1	
91	0	82	step_1_no_load	1	2	1	1084	
91	0	82	step_2_no_load	3	4	0.395813831323	0.564729328387	4	1119	0	
91	0	83	step_1_no_load	1	2	1	615	
91	0	83	step_2_no_load	5	6	0.726885136842	0.483255412498	5	522	1	
91	0	84	step_1_no_load	1	2	1	583	
91	0	84	step_2_no_load	3	4	0.385087938645	0.65843840156	3	417	0	
91	0	85	step_1_no_load	1	2	1	0	
91	0	85	step_2_no_load	3	4	0.384458259121	0.692384972752	4	19	1	
91	0	86	step_1_no_load	1	2	1	767	
91	0	86	step_2_no_load	5	6	0.721207648497	0.486462788728	5	761	1	
91	0	87	step_1_no_load	1	2	1	501	
91	0	87	step_2_no_load	3	4	0.40000499778	0.719375344246	4	435	0	
91	0	88	step_1_no_load	1	2	1	519	
91	0	88	step_2_no_load	5	6	0.696773608304	0.509563243675	5	600	0	
91	0	89	step_1_no_load	1	2	1	366	
91	0	89	step_2_no_load	3	4	0.415882489686	0.690772436485	4	544	0	
91	0	90	step_1_no_load	1	2	1	492	
91	0	90	step_2_no_load	3	4	0.411459496853	0.712247848046	3	339	1	
91	0	91	step_1_no_load	1	2	1	550	
91	0	91	step_2_no_load	5	6	0.657820521772	0.479087223222	5	570	1	
91	0	92	step_1_no_load	1	2	1	524	
91	0	92	step_2_no_load	3	4	0.444368850664	0.692406274724	3	585	1	
91	0	93	step_1_no_load	1	2	1	388	
91	0	93	step_2_no_load	5	6	0.662863370634	0.473273727684	5	360	1	
91	0	94	step_1_no_load	1	2	1	381	
91	0	94	step_2_no_load	5	6	0.668295023896	0.468637558205	5	393	0	
91	0	95	step_1_no_load	1	2	1	388	
91	0	95	step_2_no_load	3	4	0.427150666411	0.715495469274	3	405	1	
91	0	96	step_1_no_load	1	2	1	538	
91	0	96	step_2_no_load	3	4	0.383038640121	0.693739812506	3	453	1	
91	0	97	step_1_no_load	1	2	1	553	
91	0	97	step_2_no_load	3	4	0.392885664353	0.681272614291	3	407	0	
91	0	98	step_1_no_load	1	2	1	400	
91	0	98	step_2_no_load	3	4	0.409778171713	0.70287861952	3	459	0	
91	0	99	step_1_no_load	1	2	1	357	
91	0	99	step_2_no_load	3	4	0.397561363605	0.673709850038	4	419	1	
91	0	100	step_1_no_load	1	2	1	443	
91	0	100	step_2_no_load	3	4	0.4333505304	0.666227451505	4	537	1	
91	0	101	step_1_no_load	1	2	1	489	
91	0	101	step_2_no_load	3	4	0.497432607584	0.623812401974	4	184	1	
91	0	102	step_1_no_load	1	2	2	712	
91	0	102	step_2_no_load	3	4	0.494584754513	0.666304534392	4	920	1	
91	0	103	step_1_no_load	1	2	1	640	
91	0	103	step_2_no_load	3	4	0.481975449893	0.663997796029	3	421	1	
91	0	104	step_1_no_load	1	2	1	394	
91	0	104	step_2_no_load	5	6	0.743372642809	0.303696146503	5	491	1	
91	0	105	step_1_no_load	1	2	1	474	
91	0	105	step_2_no_load	3	4	0.514318365187	0.689135357059	3	688	0	
91	0	106	step_1_no_load	1	2	1	368	
91	0	106	step_2_no_load	3	4	0.508908032404	0.712883638252	3	872	1	
91	0	107	step_1_no_load	1	2	1	467	
91	0	107	step_2_no_load	3	4	0.565220528809	0.692607431435	4	454	1	
91	0	108	step_1_no_load	1	2	1	614	
91	0	108	step_2_no_load	3	4	0.526955028982	0.695928523711	4	785	1	
91	0	109	step_1_no_load	1	2	1	554	
91	0	109	step_2_no_load	5	6	0.68658494263	0.372328831887	6	338	0	
91	0	110	step_1_no_load	1	2	1	402	
91	0	110	step_2_no_load	3	4	0.432626681236	0.729599891941	3	415	0	
91	0	111	step_1_no_load	1	2	1	518	
91	0	111	step_2_no_load	3	4	0.384948378665	0.724852671171	3	452	0	
91	0	112	step_1_no_load	1	2	1	501	
91	0	112	step_2_no_load	3	4	0.392887565883	0.725701866094	3	545	0	
91	0	113	step_1_no_load	1	2	1	335	
91	0	113	step_2_no_load	5	6	0.634627459817	0.387112818105	5	447	0	
91	0	114	step_1_no_load	1	2	1	458	
91	0	114	step_2_no_load	3	4	0.380324086676	0.718213323791	4	398	1	
91	0	115	step_1_no_load	1	2	1	631	
91	0	115	step_2_no_load	5	6	0.645721217949	0.357661171116	6	561	0	
91	0	116	step_1_no_load	1	2	2	631	
91	0	116	step_2_no_load	3	4	0.378149844807	0.706736514943	4	511	1	
91	0	117	step_1_no_load	1	2	2	478	
91	0	117	step_2_no_load	5	6	0.671842537277	0.363056877927	6	409	1	
91	0	118	step_1_no_load	1	2	2	470	
91	0	118	step_2_no_load	5	6	0.690484235012	0.362977115924	6	533	1	
91	0	119	step_1_no_load	1	2	2	538	
91	0	119	step_2_no_load	5	6	0.661177321751	0.358243439099	6	585	1	
91	0	120	step_1_no_load	1	2	2	367	
91	0	120	step_2_no_load	5	6	0.666433355915	0.333809617664	6	481	0	
91	0	121	step_1_no_load	1	2	2	418	
91	0	121	step_2_no_load	3	4	0.352721767208	0.658856304095	3	487	1	
91	0	122	step_1_no_load	1	2	2	422	
91	0	122	step_2_no_load	5	6	0.672193618854	0.266650857402	5	600	1	
91	0	123	step_1_no_load	1	2	2	446	
91	0	123	step_2_no_load	3	4	0.337526896345	0.583607229978	3	868	0	
91	0	124	step_1_no_load	1	2	2	440	
91	0	124	step_2_no_load	5	6	0.624161788269	0.26095206597	6	483	0	
91	0	125	step_1_no_load	1	2	2	419	
91	0	125	step_2_no_load	5	6	0.633566302563	0.290374841566	5	468	0	
91	0	126	step_1_no_load	1	2	2	181	
91	0	126	step_2_no_load	3	4	0.300846667696	0.537863824328	4	556	0	
91	0	127	step_1_no_load	1	2	2	463	
91	0	127	step_2_no_load	3	4	0.274944938508	0.560824094575	4	651	0	
91	0	128	step_1_no_load	1	2	2	595	
91	0	128	step_2_no_load	3	4	0.250790232267	0.636905534066	3	873	1	
91	0	129	step_1_no_load	1	2	2	617	
91	0	129	step_2_no_load	5	6	0.632682846317	0.268213321963	5	887	0	
91	0	130	step_1_no_load	1	2	1	527	
91	0	130	step_2_no_load	3	4	0.274560758494	0.682031489739	3	735	1	
91	0	131	step_1_no_load	1	2	1	617	
91	0	131	step_2_no_load	5	6	0.638450601212	0.281500842289	5	496	0	
91	0	132	step_1_no_load	1	2	1	438	
91	0	132	step_2_no_load	3	4	0.315328810424	0.668578020634	4	680	1	
91	0	133	step_1_no_load	1	2	1	593	
91	0	133	step_2_no_load	3	4	0.312642735495	0.617383991623	4	595	1	
91	0	134	step_1_no_load	1	2	1	513	
91	0	134	step_2_no_load	3	4	0.302839427162	0.621945110858	4	633	1	
91	0	135	step_1_no_load	1	2	1	615	
91	0	135	step_2_no_load	3	4	0.287118934166	0.593710006149	3	410	1	
91	0	136	step_1_no_load	1	2	1	476	
91	0	136	step_2_no_load	3	4	0.284521085726	0.597814413435	3	488	0	
91	0	137	step_1_no_load	1	2	1	495	
91	0	137	step_2_no_load	3	4	0.325016613024	0.605896884497	4	958	1	
91	0	138	step_1_no_load	1	2	1	500	
91	0	138	step_2_no_load	3	4	0.307694123906	0.63240964674	4	511	0	
91	0	139	step_1_no_load	1	2	1	639	
91	0	139	step_2_no_load	3	4	0.323660750961	0.636630981281	3	460	0	
91	0	140	step_1_no_load	1	2	1	488	
91	0	140	step_2_no_load	5	6	0.637682840728	0.348740542008	6	352	0	
91	0	141	step_1_no_load	1	2	1	442	
91	0	141	step_2_no_load	5	6	0.616803346728	0.390227133375	5	536	1	
91	0	142	step_1_no_load	1	2	1	506	
91	0	142	step_2_no_load	3	4	0.304203281606	0.690276058009	3	508	0	
91	0	143	step_1_no_load	1	2	1	449	
91	0	143	step_2_no_load	3	4	0.313516825296	0.661365099615	3	379	0	
91	0	144	step_1_no_load	1	2	1	433	
91	0	144	step_2_no_load	5	6	0.639347300184	0.389234194056	6	47	0	
91	0	145	step_1_no_load	1	2	1	497	
91	0	145	step_2_no_load	3	4	0.266265924094	0.6669125229	3	395	1	
91	0	146	step_1_no_load	1	2	1	508	
91	0	146	step_2_no_load	5	6	0.593778463268	0.320877500969	5	518	1	
91	0	147	step_1_no_load	1	2	1	555	
91	0	147	step_2_no_load	3	4	0.265578160642	0.647798886916	3	496	1	
91	0	148	step_1_no_load	1	2	1	490	
91	0	148	step_2_no_load	5	6	0.648050021239	0.311162711725	6	519	1	
91	0	149	step_1_no_load	1	2	1	406	
91	0	149	step_2_no_load	3	4	0.269951834184	0.601870110183	4	521	1	
91	0	150	step_1_no_load	1	2	1	411	
91	0	150	step_2_no_load	3	4	0.305587692243	0.575985663078	4	494	0	
91	0	151	step_1_no_load	1	2	1	471	
91	0	151	step_2_no_load	3	4	0.348172164421	0.59154759351	3	369	0	
91	0	152	step_1_no_load	1	2	1	397	
91	0	152	step_2_no_load	5	6	0.644204174791	0.323194010514	6	608	0	
91	0	153	step_1_no_load	1	2	1	675	
91	0	153	step_2_no_load	3	4	0.309356532263	0.613336203392	3	905	1	
91	0	154	step_1_no_load	1	2	1	977	
91	0	154	step_2_no_load	5	6	0.671672162443	0.348349389262	6	736	0	
91	0	155	step_1_no_load	1	2	1	626	
91	0	155	step_2_no_load	3	4	0.296093457977	0.632486591889	4	862	1	
91	0	156	step_1_no_load	1	2	1	778	
91	0	156	step_2_no_load	3	4	0.32564867104	0.631048201903	4	878	1	
91	0	157	step_1_no_load	1	2	1	578	
91	0	157	step_2_no_load	3	4	0.350909357271	0.585191807512	3	624	0	
91	0	158	step_1_no_load	1	2	1	420	
91	0	158	step_2_no_load	3	4	0.408728803896	0.532722108502	3	734	1	
91	0	159	step_1_no_load	1	2	1	588	
91	0	159	step_2_no_load	3	4	0.413026375257	0.541222065796	3	570	1	
91	0	160	step_1_no_load	1	2	1	486	
91	0	160	step_2_no_load	5	6	0.710728171711	0.355992626298	5	650	0	
91	0	161	step_1_no_load	1	2	2	578	
91	0	161	step_2_no_load	5	6	0.719896286569	0.438878285506	6	549	1	
91	0	162	step_1_no_load	1	2	1	541	
91	0	162	step_2_no_load	5	6	0.695144769903	0.455329532209	5	432	1	
91	0	163	step_1_no_load	1	2	1	433	
91	0	163	step_2_no_load	3	4	0.395221309311	0.5863391277	3	517	1	
91	0	164	step_1_no_load	1	2	1	367	
91	0	164	step_2_no_load	3	4	0.432761720497	0.585961845322	3	449	0	
91	0	165	step_1_no_load	1	2	1	529	
91	0	165	step_2_no_load	3	4	0.463777557969	0.538026607649	4	449	1	
91	0	166	step_1_no_load	1	2	1	493	
91	0	166	step_2_no_load	5	6	0.686594248975	0.356317216644	6	464	0	
91	0	167	step_1_no_load	1	2	1	446	
91	0	167	step_2_no_load	3	4	0.38753671275	0.585131062446	3	533	1	
91	0	168	step_1_no_load	1	2	1	551	
91	0	168	step_2_no_load	3	4	0.400817642375	0.613361520676	3	481	1	
91	0	169	step_1_no_load	1	2	1	459	
91	0	169	step_2_no_load	3	4	0.42098542374	0.586049140041	3	490	1	
91	0	170	step_1_no_load	1	2	1	425	
91	0	170	step_2_no_load	3	4	0.411067820436	0.57151385403	3	549	1	
91	0	171	step_1_no_load	1	2	1	187	
91	0	171	step_2_no_load	5	6	0.727248140829	0.425122034074	5	437	0	
91	0	172	step_1_no_load	1	2	1	341	
91	0	172	step_2_no_load	5	6	0.668669556875	0.490120307546	6	555	0	
91	0	173	step_1_no_load	1	2	1	487	
91	0	173	step_2_no_load	3	4	0.385349297983	0.484428109849	3	540	0	
91	0	174	step_1_no_load	1	2	1	503	
91	0	174	step_2_no_load	3	4	0.387867297446	0.472729524832	4	558	0	
91	0	175	step_1_no_load	1	2	1	320	
91	0	175	step_2_no_load	3	4	0.426185553904	0.52644949356	3	406	1	
91	0	176	step_1_no_load	1	2	1	457	
91	0	176	step_2_no_load	3	4	0.383231572002	0.474046874473	3	662	0	
91	0	177	step_1_no_load	1	2	2	564	
91	0	177	step_2_no_load	5	6	0.714070205704	0.4798184927	6	455	1	
91	0	178	step_1_no_load	1	2	2	492	
91	0	178	step_2_no_load	3	4	0.36473828006	0.493712351915	4	676	1	
91	0	179	step_1_no_load	1	2	2	514	
91	0	179	step_2_no_load	5	6	0.709345707515	0.493565996034	5	552	0	
91	0	180	step_1_no_load	1	2	2	391	
91	0	180	step_2_no_load	5	6	0.719795072986	0.489345734128	6	492	1	
91	0	181	step_1_no_load	1	2	2	434	
91	0	181	step_2_no_load	3	4	0.342402764747	0.508735114046	4	526	0	
91	0	182	step_1_no_load	1	2	2	402	
91	0	182	step_2_no_load	5	6	0.72717560423	0.49907747228	5	671	1	
91	0	183	step_1_no_load	1	2	2	462	
91	0	183	step_2_no_load	5	6	0.720388040749	0.492742497507	5	418	1	
91	0	184	step_1_no_load	1	2	2	72	
91	0	184	step_2_no_load	3	4	0.362743255194	0.460890977786	3	506	0	
91	0	185	step_1_no_load	1	2	1	418	
91	0	185	step_2_no_load	5	6	0.665622647081	0.482228039858	5	548	1	
91	0	186	step_1_no_load	1	2	1	492	
91	0	186	step_2_no_load	3	4	0.332733011923	0.46870859828	3	472	0	
91	0	187	step_1_no_load	1	2	1	344	
91	0	187	step_2_no_load	3	4	0.328890769988	0.443962917772	3	667	1	
91	0	188	step_1_no_load	1	2	1	542	
91	0	188	step_2_no_load	3	4	0.291508050861	0.471319680586	3	449	0	
91	0	189	step_1_no_load	1	2	1	432	
91	0	189	step_2_no_load	3	4	0.285168135955	0.448897869069	4	422	1	
91	0	190	step_1_no_load	1	2	1	430	
91	0	190	step_2_no_load	3	4	0.304557739386	0.433568856946	4	556	0	
91	0	191	step_1_no_load	1	2	1	159	
91	0	191	step_2_no_load	3	4	0.318839908867	0.435748387321	3	482	0	
91	0	192	step_1_no_load	1	2	2	373	
91	0	192	step_2_no_load	5	6	0.705517419189	0.493851022417	6	577	1	
91	0	193	step_1_no_load	1	2	2	441	
91	0	193	step_2_no_load	5	6	0.679792491164	0.504944704439	6	581	1	
91	0	194	step_1_no_load	1	2	2	443	
91	0	194	step_2_no_load	3	4	0.342437174514	0.433250459893	4	784	1	
91	0	195	step_1_no_load	1	2	2	467	
91	0	195	step_2_no_load	5	6	0.646280688878	0.494102184238	5	734	1	
91	0	196	step_1_no_load	1	2	2	462	
91	0	196	step_2_no_load	5	6	0.695101215304	0.496717662777	5	550	1	
91	0	197	step_1_no_load	1	2	2	473	
91	0	197	step_2_no_load	5	6	0.686552522522	0.47786945426	6	585	1	
91	0	198	step_1_no_load	1	2	2	538	
91	0	198	step_2_no_load	5	6	0.68660989813	0.485065498391	6	575	0	
91	0	199	step_1_no_load	1	2	1	355	
91	0	199	step_2_no_load	3	4	0.292861528884	0.39793773834	3	435	0	
91	0	200	step_1_no_load	1	2	1	510	
91	0	200	step_2_no_load	3	4	0.299128796668	0.372436949782	4	479	0	

Fri Mar 17 13:29:17 2017
