Fri Mar 17 17:49:30 2017	
94	0	1	step_1_no_load	1	2	-1	-1	
94	0	2	step_1_no_load	1	2	2	628	
94	0	2	step_2_no_load	5	6	0.533203491871	0.580156942153	6	1013	1	
94	0	3	step_1_no_load	1	2	2	448	
94	0	3	step_2_no_load	5	6	0.516002945397	0.584197065669	6	692	1	
94	0	4	step_1_no_load	1	2	2	350	
94	0	4	step_2_no_load	3	4	0.564086293706	0.478607661228	3	770	1	
94	0	5	step_1_no_load	1	2	2	359	
94	0	5	step_2_no_load	5	6	0.543908521457	0.623810210114	5	475	0	
94	0	6	step_1_no_load	1	2	2	508	
94	0	6	step_2_no_load	5	6	0.490454120702	0.585722686883	6	673	1	
94	0	7	step_1_no_load	1	2	2	437	
94	0	7	step_2_no_load	3	4	0.622642364361	0.500071913476	3	1000	0	
94	0	8	step_1_no_load	1	2	2	724	
94	0	8	step_2_no_load	5	6	0.499203529332	0.59128639594	6	1133	0	
94	0	9	step_1_no_load	1	2	1	542	
94	0	9	step_2_no_load	3	4	0.641106877158	0.496546708465	4	974	1	
94	0	10	step_1_no_load	1	2	1	402	
94	0	10	step_2_no_load	3	4	0.636063269715	0.482364178155	4	633	1	
94	0	11	step_1_no_load	1	2	1	560	
94	0	11	step_2_no_load	3	4	0.609191465743	0.477013315682	4	646	1	
94	0	12	step_1_no_load	1	2	1	391	
94	0	12	step_2_no_load	3	4	0.552770607849	0.48457206759	4	648	1	
94	0	13	step_1_no_load	1	2	1	473	
94	0	13	step_2_no_load	5	6	0.595790490356	0.653587098421	5	780	1	
94	0	14	step_1_no_load	1	2	2	585	
94	0	14	step_2_no_load	5	6	0.611256675753	0.629137942344	5	978	0	
94	0	15	step_1_no_load	1	2	1	420	
94	0	15	step_2_no_load	3	4	0.570419113221	0.505377237737	4	797	1	
94	0	16	step_1_no_load	1	2	1	413	
94	0	16	step_2_no_load	3	4	0.553308964466	0.510958036527	4	503	0	
94	0	17	step_1_no_load	1	2	1	430	
94	0	17	step_2_no_load	3	4	0.562895132605	0.535958400205	3	516	1	
94	0	18	step_1_no_load	1	2	1	478	
94	0	18	step_2_no_load	3	4	0.553554620302	0.517514133912	3	473	0	
94	0	19	step_1_no_load	1	2	1	711	
94	0	19	step_2_no_load	3	4	0.536502319591	0.498240186199	4	642	0	
94	0	20	step_1_no_load	1	2	2	568	
94	0	20	step_2_no_load	3	4	0.491720931314	0.478025448397	3	1051	1	
94	0	21	step_1_no_load	1	2	2	388	
94	0	21	step_2_no_load	5	6	0.611328949295	0.630305464549	6	684	0	
94	0	22	step_1_no_load	1	2	2	492	
94	0	22	step_2_no_load	3	4	0.468700882609	0.506100011497	3	864	1	
94	0	23	step_1_no_load	1	2	2	404	
94	0	23	step_2_no_load	5	6	0.604065470975	0.640163623731	6	1023	1	
94	0	24	step_1_no_load	1	2	2	507	
94	0	24	step_2_no_load	5	6	0.5800912085	0.582115115688	6	703	0	
94	0	25	step_1_no_load	1	2	1	461	
94	0	25	step_2_no_load	3	4	0.503605105412	0.503316372362	3	1200	0	
94	0	26	step_1_no_load	1	2	1	408	
94	0	26	step_2_no_load	3	4	0.532884212818	0.511744353778	-1	-1	-1	
94	0	27	step_1_no_load	1	2	1	755	
94	0	27	step_2_no_load	3	4	0.54756089792	0.507272671939	3	1026	0	
94	0	28	step_1_no_load	1	2	1	337	
94	0	28	step_2_no_load	3	4	0.553259388875	0.520177259699	4	520	1	
94	0	29	step_1_no_load	1	2	1	583	
94	0	29	step_2_no_load	5	6	0.618626354124	0.606613029227	5	1298	0	
94	0	30	step_1_no_load	1	2	1	468	
94	0	30	step_2_no_load	3	4	0.574272497114	0.4919199548	4	1332	1	
94	0	31	step_1_no_load	1	2	1	601	
94	0	31	step_2_no_load	3	4	0.541819886458	0.483156722265	4	1249	0	
94	0	32	step_1_no_load	1	2	2	493	
94	0	32	step_2_no_load	5	6	0.605616211083	0.634585171267	6	547	1	
94	0	33	step_1_no_load	1	2	1	545	
94	0	33	step_2_no_load	3	4	0.542309898544	0.487664344039	4	757	0	
94	0	34	step_1_no_load	1	2	2	482	
94	0	34	step_2_no_load	5	6	0.670290552209	0.575802910074	6	609	1	
94	0	35	step_1_no_load	1	2	1	689	
94	0	35	step_2_no_load	5	6	0.649776015006	0.566827313385	6	1012	1	
94	0	36	step_1_no_load	1	2	1	485	
94	0	36	step_2_no_load	3	4	0.611274573488	0.513210053121	4	815	0	
94	0	37	step_1_no_load	1	2	2	422	
94	0	37	step_2_no_load	5	6	0.660658056664	0.513822304161	6	877	1	
94	0	38	step_1_no_load	1	2	2	788	
94	0	38	step_2_no_load	5	6	0.651263699161	0.539078491643	5	609	1	
94	0	39	step_1_no_load	1	2	2	420	
94	0	39	step_2_no_load	3	4	0.610601635554	0.578640235206	4	959	1	
94	0	40	step_1_no_load	1	2	1	513	
94	0	40	step_2_no_load	3	4	0.607992802154	0.5691386571	3	546	0	
94	0	41	step_1_no_load	1	2	2	413	
94	0	41	step_2_no_load	5	6	0.633285941184	0.524862294848	6	732	0	
94	0	42	step_1_no_load	1	2	1	506	
94	0	42	step_2_no_load	3	4	0.609164606591	0.553461946234	3	1352	1	
94	0	43	step_1_no_load	1	2	2	668	
94	0	43	step_2_no_load	3	4	0.612705031264	0.548128010644	3	629	0	
94	0	44	step_1_no_load	1	2	1	572	
94	0	44	step_2_no_load	5	6	0.589653131867	0.541854396676	5	827	0	
94	0	45	step_1_no_load	1	2	2	483	
94	0	45	step_2_no_load	5	6	0.620699591043	0.579346234508	5	1119	1	
94	0	46	step_1_no_load	1	2	2	782	
94	0	46	step_2_no_load	5	6	0.654261318712	0.55511883717	6	674	1	
94	0	47	step_1_no_load	1	2	1	996	
94	0	47	step_2_no_load	3	4	0.598724660986	0.493112702321	4	1303	1	
94	0	48	step_1_no_load	1	2	1	994	
94	0	48	step_2_no_load	3	4	0.615767119776	0.488280685105	3	1015	0	
94	0	49	step_1_no_load	1	2	2	703	
94	0	49	step_2_no_load	5	6	0.614679490594	0.512405963374	6	844	1	
94	0	50	step_1_no_load	1	2	1	462	
94	0	50	step_2_no_load	3	4	0.606862017918	0.47381367271	4	816	1	
94	0	51	step_1_no_load	1	2	2	520	
94	0	51	step_2_no_load	3	4	0.564866799699	0.469943944943	4	559	1	
94	0	52	step_1_no_load	1	2	2	504	
94	0	52	step_2_no_load	5	6	0.613408921915	0.513589895419	5	745	0	
94	0	53	step_1_no_load	1	2	2	771	
94	0	53	step_2_no_load	5	6	0.630956764252	0.475342927439	6	694	1	
94	0	54	step_1_no_load	1	2	2	495	
94	0	54	step_2_no_load	5	6	0.652515308527	0.493362545513	6	681	0	
94	0	55	step_1_no_load	1	2	1	468	
94	0	55	step_2_no_load	5	6	0.639840796975	0.526704292526	5	959	1	
94	0	56	step_1_no_load	1	2	2	942	
94	0	56	step_2_no_load	3	4	0.601856598146	0.459773408493	4	1298	1	
94	0	57	step_1_no_load	1	2	1	834	
94	0	57	step_2_no_load	3	4	0.641849303307	0.466449077359	4	811	1	
94	0	58	step_1_no_load	1	2	2	964	
94	0	58	step_2_no_load	5	6	0.610896130115	0.528376440027	-1	-1	-1	
94	0	59	step_1_no_load	1	2	2	956	
94	0	59	step_2_no_load	5	6	0.608951267756	0.537400760025	6	1146	0	
94	0	60	step_1_no_load	1	2	2	654	
94	0	60	step_2_no_load	5	6	0.599559577859	0.479287247283	5	476	1	
94	0	61	step_1_no_load	1	2	2	1017	
94	0	61	step_2_no_load	3	4	0.669587072502	0.464268875813	-1	-1	-1	
94	0	62	step_1_no_load	1	2	2	630	
94	0	62	step_2_no_load	5	6	0.622820395113	0.533031417444	5	1332	0	
94	0	63	step_1_no_load	1	2	2	471	
94	0	63	step_2_no_load	5	6	0.642623127313	0.519445130796	5	452	1	
94	0	64	step_1_no_load	1	2	1	660	
94	0	64	step_2_no_load	3	4	0.642369708469	0.555062911513	4	838	1	
94	0	65	step_1_no_load	1	2	1	485	
94	0	65	step_2_no_load	5	6	0.619953360065	0.517687993213	6	1257	0	
94	0	66	step_1_no_load	1	2	2	592	
94	0	66	step_2_no_load	3	4	0.606938648072	0.573761869714	4	1184	0	
94	0	67	step_1_no_load	1	2	1	814	
94	0	67	step_2_no_load	3	4	0.597650193897	0.542076810516	4	767	1	
94	0	68	step_1_no_load	1	2	-1	-1	
94	0	69	step_1_no_load	1	2	2	560	
94	0	69	step_2_no_load	5	6	0.718756538957	0.560462111264	6	1096	1	
94	0	70	step_1_no_load	1	2	2	647	
94	0	70	step_2_no_load	5	6	0.697741832068	0.548075770764	6	725	1	
94	0	71	step_1_no_load	1	2	2	471	
94	0	71	step_2_no_load	5	6	0.706816191949	0.546215110045	6	786	1	
94	0	72	step_1_no_load	1	2	2	636	
94	0	72	step_2_no_load	5	6	0.705884789502	0.556486305476	6	824	0	
94	0	73	step_1_no_load	1	2	2	435	
94	0	73	step_2_no_load	5	6	0.727961155836	0.50185699984	5	575	1	
94	0	74	step_1_no_load	1	2	2	501	
94	0	74	step_2_no_load	5	6	0.693624670847	0.491044983779	5	684	1	
94	0	75	step_1_no_load	1	2	2	375	
94	0	75	step_2_no_load	3	4	0.615552849174	0.44832280175	4	1444	0	
94	0	76	step_1_no_load	1	2	2	605	
94	0	76	step_2_no_load	5	6	0.690117652944	0.518881389358	6	1343	1	
94	0	77	step_1_no_load	1	2	2	599	
94	0	77	step_2_no_load	5	6	0.679737625371	0.538119616568	6	778	0	
94	0	78	step_1_no_load	1	2	2	397	
94	0	78	step_2_no_load	3	4	0.536711448352	0.435911167612	3	1443	1	
94	0	79	step_1_no_load	1	2	2	438	
94	0	79	step_2_no_load	5	6	0.647841624544	0.540085062695	6	782	1	
94	0	80	step_1_no_load	1	2	2	524	
94	0	80	step_2_no_load	3	4	0.518583383166	0.396016175285	3	1211	1	
94	0	81	step_1_no_load	1	2	2	388	
94	0	81	step_2_no_load	5	6	0.702400933084	0.494116554432	6	841	1	
94	0	82	step_1_no_load	1	2	2	445	
94	0	82	step_2_no_load	3	4	0.564729328387	0.395813831323	3	847	0	
94	0	83	step_1_no_load	1	2	2	414	
94	0	83	step_2_no_load	5	6	0.726885136842	0.483255412498	6	781	0	
94	0	84	step_1_no_load	1	2	2	469	
94	0	84	step_2_no_load	5	6	0.731466635793	0.505586222209	5	751	1	
94	0	85	step_1_no_load	1	2	2	419	
94	0	85	step_2_no_load	3	4	0.692384972752	0.384458259121	3	615	0	
94	0	86	step_1_no_load	1	2	2	716	
94	0	86	step_2_no_load	5	6	0.721207648497	0.486462788728	5	952	1	
94	0	87	step_1_no_load	1	2	2	428	
94	0	87	step_2_no_load	5	6	0.690012761069	0.493867001103	5	1047	0	
94	0	88	step_1_no_load	1	2	2	405	
94	0	88	step_2_no_load	5	6	0.696773608304	0.509563243675	6	1116	0	
94	0	89	step_1_no_load	1	2	1	439	
94	0	89	step_2_no_load	3	4	0.690772436485	0.415882489686	4	1087	1	
94	0	90	step_1_no_load	1	2	1	715	
94	0	90	step_2_no_load	3	4	0.712247848046	0.411459496853	4	704	0	
94	0	91	step_1_no_load	1	2	1	362	
94	0	91	step_2_no_load	3	4	0.685023809334	0.43534164751	3	1126	0	
94	0	92	step_1_no_load	1	2	2	1279	
94	0	92	step_2_no_load	5	6	0.679381608313	0.484260039873	-1	-1	-1	
94	0	93	step_1_no_load	1	2	2	675	
94	0	93	step_2_no_load	5	6	0.662863370634	0.473273727684	6	808	0	
94	0	94	step_1_no_load	1	2	2	373	
94	0	94	step_2_no_load	3	4	0.719464414227	0.429211756872	4	951	0	
94	0	95	step_1_no_load	1	2	2	291	
94	0	95	step_2_no_load	3	4	0.715495469274	0.427150666411	4	850	0	
94	0	96	step_1_no_load	1	2	2	313	
94	0	96	step_2_no_load	3	4	0.693739812506	0.383038640121	3	788	1	
94	0	97	step_1_no_load	1	2	2	324	
94	0	97	step_2_no_load	5	6	0.651202057411	0.455601814112	6	1083	0	
94	0	98	step_1_no_load	1	2	2	378	
94	0	98	step_2_no_load	3	4	0.70287861952	0.409778171713	3	1235	1	
94	0	99	step_1_no_load	1	2	2	398	
94	0	99	step_2_no_load	3	4	0.673709850038	0.397561363605	3	559	1	
94	0	100	step_1_no_load	1	2	2	333	
94	0	100	step_2_no_load	5	6	0.66579920021	0.363162156005	-1	-1	-1	
94	0	101	step_1_no_load	1	2	2	388	
94	0	101	step_2_no_load	3	4	0.623812401974	0.497432607584	3	720	1	
94	0	102	step_1_no_load	1	2	2	428	
94	0	102	step_2_no_load	3	4	0.666304534392	0.494584754513	3	756	1	
94	0	103	step_1_no_load	1	2	2	281	
94	0	103	step_2_no_load	5	6	0.69058998368	0.322834495838	6	993	1	
94	0	104	step_1_no_load	1	2	2	524	
94	0	104	step_2_no_load	5	6	0.743372642809	0.303696146503	6	465	0	
94	0	105	step_1_no_load	1	2	2	384	
94	0	105	step_2_no_load	3	4	0.689135357059	0.514318365187	3	835	1	
94	0	106	step_1_no_load	1	2	2	317	
94	0	106	step_2_no_load	3	4	0.712883638252	0.508908032404	3	610	0	
94	0	107	step_1_no_load	1	2	2	385	
94	0	107	step_2_no_load	3	4	0.692607431435	0.565220528809	4	755	0	
94	0	108	step_1_no_load	1	2	2	402	
94	0	108	step_2_no_load	3	4	0.695928523711	0.526955028982	4	966	0	
94	0	109	step_1_no_load	1	2	2	259	
94	0	109	step_2_no_load	5	6	0.68658494263	0.372328831887	5	1422	0	
94	0	110	step_1_no_load	1	2	2	341	
94	0	110	step_2_no_load	5	6	0.65455226558	0.395544455384	6	438	0	
94	0	111	step_1_no_load	1	2	2	417	
94	0	111	step_2_no_load	5	6	0.634599547742	0.407158158569	5	541	1	
94	0	112	step_1_no_load	1	2	2	485	
94	0	112	step_2_no_load	5	6	0.635252945963	0.413393106784	5	488	1	
94	0	113	step_1_no_load	1	2	2	310	
94	0	113	step_2_no_load	5	6	0.634627459817	0.387112818105	5	573	1	
94	0	114	step_1_no_load	1	2	2	316	
94	0	114	step_2_no_load	5	6	0.657654904272	0.384736699284	5	457	1	
94	0	115	step_1_no_load	1	2	2	328	
94	0	115	step_2_no_load	3	4	0.739704344621	0.390027643099	4	954	0	
94	0	116	step_1_no_load	1	2	2	394	
94	0	116	step_2_no_load	5	6	0.680124293449	0.369438791876	5	532	1	
94	0	117	step_1_no_load	1	2	2	298	
94	0	117	step_2_no_load	5	6	0.671842537277	0.363056877927	5	616	0	
94	0	118	step_1_no_load	1	2	2	409	
94	0	118	step_2_no_load	5	6	0.690484235012	0.362977115924	6	607	0	
94	0	119	step_1_no_load	1	2	2	423	
94	0	119	step_2_no_load	5	6	0.661177321751	0.358243439099	5	820	1	
94	0	120	step_1_no_load	1	2	2	348	
94	0	120	step_2_no_load	5	6	0.666433355915	0.333809617664	5	581	1	
94	0	121	step_1_no_load	1	2	2	385	
94	0	121	step_2_no_load	3	4	0.658856304095	0.352721767208	4	688	1	
94	0	122	step_1_no_load	1	2	2	455	
94	0	122	step_2_no_load	3	4	0.6136886145	0.329624572119	3	619	1	
94	0	123	step_1_no_load	1	2	2	404	
94	0	123	step_2_no_load	3	4	0.583607229978	0.337526896345	4	393	0	
94	0	124	step_1_no_load	1	2	2	465	
94	0	124	step_2_no_load	3	4	0.603013298253	0.309430836661	3	1161	0	
94	0	125	step_1_no_load	1	2	2	461	
94	0	125	step_2_no_load	5	6	0.633566302563	0.290374841566	5	481	1	
94	0	126	step_1_no_load	1	2	2	370	
94	0	126	step_2_no_load	5	6	0.600985760967	0.267206368684	5	762	1	
94	0	127	step_1_no_load	1	2	2	391	
94	0	127	step_2_no_load	5	6	0.646945556251	0.273483952592	5	582	1	
94	0	128	step_1_no_load	1	2	2	319	
94	0	128	step_2_no_load	3	4	0.636905534066	0.250790232267	3	765	1	
94	0	129	step_1_no_load	1	2	2	379	
94	0	129	step_2_no_load	5	6	0.632682846317	0.268213321963	5	858	1	
94	0	130	step_1_no_load	1	2	2	306	
94	0	130	step_2_no_load	5	6	0.630285316669	0.267460866951	5	836	0	
94	0	131	step_1_no_load	1	2	2	360	
94	0	131	step_2_no_load	3	4	0.678044920845	0.311475039155	4	945	1	
94	0	132	step_1_no_load	1	2	2	417	
94	0	132	step_2_no_load	3	4	0.668578020634	0.315328810424	4	841	1	
94	0	133	step_1_no_load	1	2	2	324	
94	0	133	step_2_no_load	5	6	0.691649444281	0.315608831386	6	1107	0	
94	0	134	step_1_no_load	1	2	2	359	
94	0	134	step_2_no_load	5	6	0.685529359147	0.287393715313	5	594	1	
94	0	135	step_1_no_load	1	2	1	1129	
94	0	135	step_2_no_load	3	4	0.593710006149	0.287118934166	3	1217	1	
94	0	136	step_1_no_load	1	2	1	418	
94	0	136	step_2_no_load	3	4	0.597814413435	0.284521085726	3	558	1	
94	0	137	step_1_no_load	1	2	1	389	
94	0	137	step_2_no_load	3	4	0.605896884497	0.325016613024	3	882	0	
94	0	138	step_1_no_load	1	2	1	375	
94	0	138	step_2_no_load	3	4	0.63240964674	0.307694123906	4	689	0	
94	0	139	step_1_no_load	1	2	1	516	
94	0	139	step_2_no_load	5	6	0.696355985729	0.325611400511	6	795	0	
94	0	140	step_1_no_load	1	2	1	483	
94	0	140	step_2_no_load	3	4	0.671213945178	0.328174526491	3	742	0	
94	0	141	step_1_no_load	1	2	1	476	
94	0	141	step_2_no_load	3	4	0.711987889705	0.311809871418	4	562	0	
94	0	142	step_1_no_load	1	2	2	447	
94	0	142	step_2_no_load	5	6	0.627356259123	0.397052682821	5	876	1	
94	0	143	step_1_no_load	1	2	2	428	
94	0	143	step_2_no_load	3	4	0.661365099615	0.313516825296	4	701	1	
94	0	144	step_1_no_load	1	2	2	500	
94	0	144	step_2_no_load	5	6	0.639347300184	0.389234194056	6	838	1	
94	0	145	step_1_no_load	1	2	2	414	
94	0	145	step_2_no_load	3	4	0.6669125229	0.266265924094	3	1333	1	
94	0	146	step_1_no_load	1	2	2	303	
94	0	146	step_2_no_load	3	4	0.681611991725	0.257861956214	3	826	1	
94	0	147	step_1_no_load	1	2	2	340	
94	0	147	step_2_no_load	5	6	0.594861186319	0.352879785946	6	881	1	
94	0	148	step_1_no_load	1	2	2	311	
94	0	148	step_2_no_load	3	4	0.619272702026	0.305288021243	3	1153	0	
94	0	149	step_1_no_load	1	2	2	376	
94	0	149	step_2_no_load	3	4	0.601870110183	0.269951834184	4	988	0	
94	0	150	step_1_no_load	1	2	2	542	
94	0	150	step_2_no_load	5	6	0.605912419156	0.306860041627	5	368	0	
94	0	151	step_1_no_load	1	2	2	637	
94	0	151	step_2_no_load	5	6	0.614159737668	0.310557101463	5	415	1	
94	0	152	step_1_no_load	1	2	2	548	
94	0	152	step_2_no_load	5	6	0.644204174791	0.323194010514	5	653	1	
94	0	153	step_1_no_load	1	2	2	568	
94	0	153	step_2_no_load	3	4	0.613336203392	0.309356532263	3	444	0	
94	0	154	step_1_no_load	1	2	2	472	
94	0	154	step_2_no_load	5	6	0.671672162443	0.348349389262	6	353	0	
94	0	155	step_1_no_load	1	2	2	388	
94	0	155	step_2_no_load	5	6	0.716100930629	0.372188990474	5	616	0	
94	0	156	step_1_no_load	1	2	1	386	
94	0	156	step_2_no_load	3	4	0.631048201903	0.32564867104	4	971	1	
94	0	157	step_1_no_load	1	2	1	408	
94	0	157	step_2_no_load	3	4	0.585191807512	0.350909357271	4	495	1	
94	0	158	step_1_no_load	1	2	1	399	
94	0	158	step_2_no_load	5	6	0.694270715354	0.334595868098	5	1071	1	
94	0	159	step_1_no_load	1	2	1	352	
94	0	159	step_2_no_load	3	4	0.541222065796	0.413026375257	4	606	0	
94	0	160	step_1_no_load	1	2	1	370	
94	0	160	step_2_no_load	3	4	0.521229931064	0.415052912783	3	908	1	
94	0	161	step_1_no_load	1	2	1	371	
94	0	161	step_2_no_load	3	4	0.516036498158	0.407025633682	3	849	0	
94	0	162	step_1_no_load	1	2	1	323	
94	0	162	step_2_no_load	3	4	0.566496468084	0.3926701003	4	685	0	
94	0	163	step_1_no_load	1	2	2	317	
94	0	163	step_2_no_load	5	6	0.697095951435	0.430920885959	6	791	0	
94	0	164	step_1_no_load	1	2	2	415	
94	0	164	step_2_no_load	5	6	0.692137394606	0.430844125626	5	545	1	
94	0	165	step_1_no_load	1	2	2	352	
94	0	165	step_2_no_load	5	6	0.717506143195	0.347974240867	5	575	1	
94	0	166	step_1_no_load	1	2	2	360	
94	0	166	step_2_no_load	5	6	0.686594248975	0.356317216644	5	554	1	
94	0	167	step_1_no_load	1	2	2	511	
94	0	167	step_2_no_load	3	4	0.585131062446	0.38753671275	4	1016	0	
94	0	168	step_1_no_load	1	2	2	311	
94	0	168	step_2_no_load	5	6	0.67192508984	0.335777599654	5	762	1	
94	0	169	step_1_no_load	1	2	2	281	
94	0	169	step_2_no_load	5	6	0.704981910944	0.365156560071	5	643	1	
94	0	170	step_1_no_load	1	2	2	371	
94	0	170	step_2_no_load	5	6	0.67334314737	0.364989630435	5	520	1	
94	0	171	step_1_no_load	1	2	2	309	
94	0	171	step_2_no_load	5	6	0.727248140829	0.425122034074	5	418	1	
94	0	172	step_1_no_load	1	2	2	400	
94	0	172	step_2_no_load	5	6	0.668669556875	0.490120307546	5	751	1	
94	0	173	step_1_no_load	1	2	2	346	
94	0	173	step_2_no_load	5	6	0.667027212577	0.462866379815	5	607	1	
94	0	174	step_1_no_load	1	2	2	347	
94	0	174	step_2_no_load	5	6	0.729877433725	0.46236234172	5	532	1	
94	0	175	step_1_no_load	1	2	2	369	
94	0	175	step_2_no_load	5	6	0.693968268443	0.484825491933	5	395	1	
94	0	176	step_1_no_load	1	2	2	350	
94	0	176	step_2_no_load	3	4	0.474046874473	0.383231572002	3	456	0	
94	0	177	step_1_no_load	1	2	2	288	
94	0	177	step_2_no_load	3	4	0.501268576771	0.357425668099	4	587	1	
94	0	178	step_1_no_load	1	2	2	348	
94	0	178	step_2_no_load	5	6	0.705993797498	0.49020858644	5	689	0	
94	0	179	step_1_no_load	1	2	2	300	
94	0	179	step_2_no_load	5	6	0.709345707515	0.493565996034	6	580	0	
94	0	180	step_1_no_load	1	2	1	342	
94	0	180	step_2_no_load	5	6	0.719795072986	0.489345734128	5	843	1	
94	0	181	step_1_no_load	1	2	1	369	
94	0	181	step_2_no_load	3	4	0.508735114046	0.342402764747	4	783	1	
94	0	182	step_1_no_load	1	2	1	541	
94	0	182	step_2_no_load	3	4	0.506773281362	0.340533666308	4	637	0	
94	0	183	step_1_no_load	1	2	1	516	
94	0	183	step_2_no_load	3	4	0.502991759047	0.350175837802	3	1154	0	
94	0	184	step_1_no_load	1	2	2	394	
94	0	184	step_2_no_load	5	6	0.657291439324	0.480863422096	6	789	0	
94	0	185	step_1_no_load	1	2	2	373	
94	0	185	step_2_no_load	3	4	0.479703516092	0.362611152222	3	939	1	
94	0	186	step_1_no_load	1	2	2	300	
94	0	186	step_2_no_load	3	4	0.46870859828	0.332733011923	3	628	1	
94	0	187	step_1_no_load	1	2	2	379	
94	0	187	step_2_no_load	5	6	0.678211978625	0.498596507669	6	1141	1	
94	0	188	step_1_no_load	1	2	2	359	
94	0	188	step_2_no_load	5	6	0.696362660087	0.548350535247	6	519	0	
94	0	189	step_1_no_load	1	2	1	512	
94	0	189	step_2_no_load	3	4	0.448897869069	0.285168135955	4	824	0	
94	0	190	step_1_no_load	1	2	1	308	
94	0	190	step_2_no_load	5	6	0.667655825994	0.505820429042	6	942	0	
94	0	191	step_1_no_load	1	2	1	254	
94	0	191	step_2_no_load	5	6	0.664271461991	0.512103523931	5	1118	1	
94	0	192	step_1_no_load	1	2	1	417	
94	0	192	step_2_no_load	5	6	0.705517419189	0.493851022417	5	974	1	
94	0	193	step_1_no_load	1	2	1	378	
94	0	193	step_2_no_load	5	6	0.679792491164	0.504944704439	5	577	0	
94	0	194	step_1_no_load	1	2	2	370	
94	0	194	step_2_no_load	3	4	0.433250459893	0.342437174514	3	779	1	
94	0	195	step_1_no_load	1	2	2	406	
94	0	195	step_2_no_load	5	6	0.646280688878	0.494102184238	5	758	1	
94	0	196	step_1_no_load	1	2	2	341	
94	0	196	step_2_no_load	3	4	0.421761207498	0.365373286058	3	906	1	
94	0	197	step_1_no_load	1	2	2	441	
94	0	197	step_2_no_load	5	6	0.686552522522	0.47786945426	5	509	1	
94	0	198	step_1_no_load	1	2	2	402	
94	0	198	step_2_no_load	5	6	0.68660989813	0.485065498391	5	803	1	
94	0	199	step_1_no_load	1	2	2	303	
94	0	199	step_2_no_load	5	6	0.73697129762	0.529438031858	5	619	1	
94	0	200	step_1_no_load	1	2	2	320	
94	0	200	step_2_no_load	5	6	0.728996708473	0.507902534353	5	544	1	

Fri Mar 17 18:07:41 2017
