Thu Mar 30 12:40:59 2017	
96	0	1	step_1_no_load	1	2	1	998	
96	0	1	step_2_no_load	3	4	0.511789129507	0.594299910136	-1	-1	-1	
96	0	2	step_1_no_load	1	2	1	132	
96	0	2	step_2_no_load	3	4	0.533203491871	0.610961032466	4	1112	0	
96	0	3	step_1_no_load	1	2	1	7	
96	0	3	step_2_no_load	5	6	0.476767372206	0.584197065669	5	515	0	
96	0	4	step_1_no_load	1	2	1	294	
96	0	4	step_2_no_load	3	4	0.494597764192	0.564086293706	4	637	1	
96	0	5	step_1_no_load	1	2	2	604	
96	0	5	step_2_no_load	5	6	0.495568760483	0.623810210114	6	547	0	
96	0	6	step_1_no_load	1	2	2	450	
96	0	6	step_2_no_load	5	6	0.506877622204	0.585722686883	5	360	1	
96	0	7	step_1_no_load	1	2	1	385	
96	0	7	step_2_no_load	3	4	0.506408070053	0.622642364361	3	1358	1	
96	0	8	step_1_no_load	1	2	1	292	
96	0	8	step_2_no_load	3	4	0.499203529332	0.624210374623	3	160	1	
96	0	9	step_1_no_load	1	2	1	412	
96	0	9	step_2_no_load	3	4	0.54429228266	0.641106877158	3	628	0	
96	0	10	step_1_no_load	1	2	1	287	
96	0	10	step_2_no_load	3	4	0.576063520885	0.636063269715	4	548	0	
96	0	11	step_1_no_load	1	2	2	321	
96	0	11	step_2_no_load	3	4	0.59022801242	0.609191465743	3	375	0	
96	0	12	step_1_no_load	1	2	2	14	
96	0	12	step_2_no_load	5	6	0.48457206759	0.682786328054	6	711	0	
96	0	13	step_1_no_load	1	2	1	172	
96	0	13	step_2_no_load	3	4	0.595790490356	0.558313135925	4	604	1	
96	0	14	step_1_no_load	1	2	1	363	
96	0	14	step_2_no_load	5	6	0.491234392147	0.629137942344	6	698	0	
96	0	15	step_1_no_load	1	2	1	285	
96	0	15	step_2_no_load	3	4	0.633564630036	0.570419113221	3	331	1	
96	0	16	step_1_no_load	1	2	1	1	
96	0	16	step_2_no_load	5	6	0.510958036527	0.628091198119	5	562	0	
96	0	17	step_1_no_load	1	2	1	624	
96	0	17	step_2_no_load	3	4	0.643116883134	0.562895132605	4	536	0	
96	0	18	step_1_no_load	1	2	1	353	
96	0	18	step_2_no_load	3	4	0.626895526976	0.553554620302	3	532	1	
96	0	19	step_1_no_load	1	2	1	384	
96	0	19	step_2_no_load	5	6	0.498240186199	0.619895761657	-1	-1	-1	
96	0	20	step_1_no_load	1	2	1	293	
96	0	20	step_2_no_load	5	6	0.478025448397	0.636521555122	6	348	1	
96	0	21	step_1_no_load	1	2	1	293	
96	0	21	step_2_no_load	3	4	0.611328949295	0.470207377245	3	332	1	
96	0	22	step_1_no_load	1	2	1	318	
96	0	22	step_2_no_load	3	4	0.618527126547	0.468700882609	4	1277	0	
96	0	23	step_1_no_load	1	2	-1	-1	
96	0	24	step_1_no_load	1	2	-1	-1	
96	0	25	step_1_no_load	1	2	-1	-1	
96	0	26	step_1_no_load	1	2	-1	-1	
96	0	27	step_1_no_load	1	2	1	419	
96	0	27	step_2_no_load	3	4	0.642144756622	0.54756089792	3	649	0	
96	0	28	step_1_no_load	1	2	1	299	
96	0	28	step_2_no_load	5	6	0.520177259699	0.588356036098	6	1060	0	
96	0	29	step_1_no_load	1	2	1	450	
96	0	29	step_2_no_load	3	4	0.618626354124	0.561957580386	3	336	1	
96	0	30	step_1_no_load	1	2	1	535	
96	0	30	step_2_no_load	3	4	0.610227092493	0.574272497114	4	1191	1	
96	0	31	step_1_no_load	1	2	1	352	
96	0	31	step_2_no_load	5	6	0.483156722265	0.636602545794	5	321	0	
96	0	32	step_1_no_load	1	2	1	310	
96	0	32	step_2_no_load	3	4	0.605616211083	0.522993086096	4	828	1	
96	0	33	step_1_no_load	1	2	1	289	
96	0	33	step_2_no_load	5	6	0.487664344039	0.611700032906	5	345	0	
96	0	34	step_1_no_load	1	2	1	8	
96	0	34	step_2_no_load	3	4	0.670290552209	0.538523758058	4	1220	0	
96	0	35	step_1_no_load	1	2	1	381	
96	0	35	step_2_no_load	3	4	0.649776015006	0.594167768198	4	431	0	
96	0	36	step_1_no_load	1	2	2	501	
96	0	36	step_2_no_load	3	4	0.661229326326	0.611274573488	4	453	1	
96	0	37	step_1_no_load	1	2	2	113	
96	0	37	step_2_no_load	3	4	0.660658056664	0.598446394142	4	424	0	
96	0	38	step_1_no_load	1	2	2	510	
96	0	38	step_2_no_load	3	4	0.651263699161	0.595113730206	3	438	0	
96	0	39	step_1_no_load	1	2	2	455	
96	0	39	step_2_no_load	5	6	0.578640235206	0.557005857101	5	530	1	
96	0	40	step_1_no_load	1	2	2	526	
96	0	40	step_2_no_load	5	6	0.5691386571	0.580760785074	5	689	1	
96	0	41	step_1_no_load	1	2	1	414	
96	0	41	step_2_no_load	3	4	0.633285941184	0.588857868869	3	746	0	
96	0	42	step_1_no_load	1	2	1	241	
96	0	42	step_2_no_load	3	4	0.606696263624	0.609164606591	4	601	1	
96	0	43	step_1_no_load	1	2	1	404	
96	0	43	step_2_no_load	5	6	0.548128010644	0.553703096215	6	830	0	
96	0	44	step_1_no_load	1	2	1	314	
96	0	44	step_2_no_load	3	4	0.589653131867	0.611481438855	3	500	0	
96	0	45	step_1_no_load	1	2	1	526	
96	0	45	step_2_no_load	5	6	0.5288039409	0.579346234508	6	48	0	
96	0	46	step_1_no_load	1	2	2	0	
96	0	46	step_2_no_load	5	6	0.532238720495	0.55511883717	6	452	1	
96	0	47	step_1_no_load	1	2	2	465	
96	0	47	step_2_no_load	5	6	0.493112702321	0.546259467838	6	467	1	
96	0	48	step_1_no_load	1	2	2	545	
96	0	48	step_2_no_load	3	4	0.657624935632	0.615767119776	4	439	1	
96	0	49	step_1_no_load	1	2	2	0	
96	0	49	step_2_no_load	5	6	0.489287375157	0.512405963374	5	765	1	
96	0	50	step_1_no_load	1	2	2	425	
96	0	50	step_2_no_load	3	4	0.593458480934	0.606862017918	3	657	1	
96	0	51	step_1_no_load	1	2	2	293	
96	0	51	step_2_no_load	5	6	0.469943944943	0.508197321577	6	930	1	
96	0	52	step_1_no_load	1	2	2	321	
96	0	52	step_2_no_load	5	6	0.429622901875	0.513589895419	6	620	0	
96	0	53	step_1_no_load	1	2	1	395	
96	0	53	step_2_no_load	5	6	0.451905460347	0.475342927439	6	868	1	
96	0	54	step_1_no_load	1	2	1	504	
96	0	54	step_2_no_load	5	6	0.491512498697	0.493362545513	6	827	0	
96	0	55	step_1_no_load	1	2	1	248	
96	0	55	step_2_no_load	3	4	0.639840796975	0.574045915747	3	725	0	
96	0	56	step_1_no_load	1	2	1	328	
96	0	56	step_2_no_load	5	6	0.459773408493	0.538512915562	6	729	0	
96	0	57	step_1_no_load	1	2	1	312	
96	0	57	step_2_no_load	3	4	0.586335094239	0.641849303307	3	328	0	
96	0	58	step_1_no_load	1	2	1	416	
96	0	58	step_2_no_load	3	4	0.610896130115	0.664682809182	4	672	1	
96	0	59	step_1_no_load	1	2	1	353	
96	0	59	step_2_no_load	3	4	0.608951267756	0.632500293208	3	1106	1	
96	0	60	step_1_no_load	1	2	1	331	
96	0	60	step_2_no_load	3	4	0.599559577859	0.623687406259	3	613	1	
96	0	61	step_1_no_load	1	2	1	580	
96	0	61	step_2_no_load	3	4	0.602879526975	0.669587072502	3	488	1	
96	0	62	step_1_no_load	1	2	1	522	
96	0	62	step_2_no_load	3	4	0.622820395113	0.691137204746	3	649	1	
96	0	63	step_1_no_load	1	2	1	203	
96	0	63	step_2_no_load	3	4	0.642623127313	0.664284493458	3	634	1	
96	0	64	step_1_no_load	1	2	1	261	
96	0	64	step_2_no_load	5	6	0.555062911513	0.533849886794	6	424	0	
96	0	65	step_1_no_load	1	2	1	306	
96	0	65	step_2_no_load	3	4	0.619953360065	0.612660225018	3	445	1	
96	0	66	step_1_no_load	1	2	1	316	
96	0	66	step_2_no_load	3	4	0.630357351236	0.606938648072	3	534	0	
96	0	67	step_1_no_load	1	2	1	283	
96	0	67	step_2_no_load	5	6	0.542076810516	0.538279387614	6	868	1	
96	0	68	step_1_no_load	1	2	1	375	
96	0	68	step_2_no_load	3	4	0.719455209845	0.622963076372	3	683	1	
96	0	69	step_1_no_load	1	2	1	420	
96	0	69	step_2_no_load	3	4	0.718756538957	0.622221685203	4	1196	1	
96	0	70	step_1_no_load	1	2	1	429	
96	0	70	step_2_no_load	3	4	0.697741832068	0.637556284465	3	1102	1	
96	0	71	step_1_no_load	1	2	1	280	
96	0	71	step_2_no_load	3	4	0.706816191949	0.639174917797	4	761	0	
96	0	72	step_1_no_load	1	2	1	273	
96	0	72	step_2_no_load	3	4	0.705884789502	0.626024641967	3	416	0	
96	0	73	step_1_no_load	1	2	1	444	
96	0	73	step_2_no_load	5	6	0.435957313805	0.50185699984	6	702	0	
96	0	74	step_1_no_load	1	2	2	18	
96	0	74	step_2_no_load	5	6	0.453420386428	0.491044983779	5	805	0	
96	0	75	step_1_no_load	1	2	2	250	
96	0	75	step_2_no_load	5	6	0.44832280175	0.483983914712	5	501	1	
96	0	76	step_1_no_load	1	2	1	430	
96	0	76	step_2_no_load	5	6	0.488583631821	0.518881389358	6	603	1	
96	0	77	step_1_no_load	1	2	1	330	
96	0	77	step_2_no_load	3	4	0.679737625371	0.564257587118	3	738	0	
96	0	78	step_1_no_load	1	2	1	92	
96	0	78	step_2_no_load	3	4	0.647586191228	0.536711448352	3	483	1	
96	0	79	step_1_no_load	1	2	1	355	
96	0	79	step_2_no_load	5	6	0.389124152368	0.540085062695	6	779	0	
96	0	80	step_1_no_load	1	2	2	285	
96	0	80	step_2_no_load	5	6	0.396016175285	0.49921021142	6	380	0	
96	0	81	step_1_no_load	1	2	2	268	
96	0	81	step_2_no_load	3	4	0.702400933084	0.529745690463	4	357	1	
96	0	82	step_1_no_load	1	2	1	353	
96	0	82	step_2_no_load	3	4	0.688340116885	0.564729328387	3	670	1	
96	0	83	step_1_no_load	1	2	2	412	
96	0	83	step_2_no_load	5	6	0.382772464038	0.483255412498	5	477	0	
96	0	84	step_1_no_load	1	2	2	341	
96	0	84	step_2_no_load	5	6	0.385087938645	0.505586222209	6	356	0	
96	0	85	step_1_no_load	1	2	1	416	
96	0	85	step_2_no_load	5	6	0.384458259121	0.485785534744	6	604	1	
96	0	86	step_1_no_load	1	2	1	486	
96	0	86	step_2_no_load	5	6	0.345323068124	0.486462788728	5	702	1	
96	0	87	step_1_no_load	1	2	1	345	
96	0	87	step_2_no_load	5	6	0.40000499778	0.493867001103	5	544	1	
96	0	88	step_1_no_load	1	2	1	535	
96	0	88	step_2_no_load	3	4	0.696773608304	0.717410082358	4	974	1	
96	0	89	step_1_no_load	1	2	1	281	
96	0	89	step_2_no_load	3	4	0.660112261017	0.690772436485	3	966	1	
96	0	90	step_1_no_load	1	2	1	350	
96	0	90	step_2_no_load	3	4	0.688736868033	0.712247848046	3	741	1	
96	0	91	step_1_no_load	1	2	1	31	
96	0	91	step_2_no_load	3	4	0.657820521772	0.685023809334	3	400	0	
96	0	92	step_1_no_load	1	2	1	209	
96	0	92	step_2_no_load	3	4	0.679381608313	0.692406274724	4	451	1	
96	0	93	step_1_no_load	1	2	1	330	
96	0	93	step_2_no_load	3	4	0.662863370634	0.70415710998	3	658	1	
96	0	94	step_1_no_load	1	2	1	264	
96	0	94	step_2_no_load	3	4	0.668295023896	0.719464414227	4	650	0	
96	0	95	step_1_no_load	1	2	2	293	
96	0	95	step_2_no_load	3	4	0.640209855442	0.715495469274	4	624	1	
96	0	96	step_1_no_load	1	2	2	329	
96	0	96	step_2_no_load	3	4	0.663095813561	0.693739812506	3	604	0	
96	0	97	step_1_no_load	1	2	2	464	
96	0	97	step_2_no_load	5	6	0.392885664353	0.455601814112	6	590	0	
96	0	98	step_1_no_load	1	2	2	376	
96	0	98	step_2_no_load	5	6	0.409778171713	0.431479829356	6	578	0	
96	0	99	step_1_no_load	1	2	2	285	
96	0	99	step_2_no_load	5	6	0.397561363605	0.375249961522	5	439	1	
96	0	100	step_1_no_load	1	2	2	451	
96	0	100	step_2_no_load	5	6	0.4333505304	0.363162156005	5	448	0	
96	0	101	step_1_no_load	1	2	1	98	
96	0	101	step_2_no_load	3	4	0.655903528958	0.623812401974	4	330	0	
96	0	102	step_1_no_load	1	2	1	311	
96	0	102	step_2_no_load	3	4	0.663124617603	0.666304534392	-1	-1	-1	
96	0	103	step_1_no_load	1	2	1	38	
96	0	103	step_2_no_load	3	4	0.69058998368	0.663997796029	3	953	1	
96	0	104	step_1_no_load	1	2	1	859	
96	0	104	step_2_no_load	3	4	0.743372642809	0.703870701136	3	539	1	
96	0	105	step_1_no_load	1	2	1	600	
96	0	105	step_2_no_load	5	6	0.514318365187	0.352639603242	-1	-1	-1	
96	0	106	step_1_no_load	1	2	1	520	
96	0	106	step_2_no_load	3	4	0.699623252899	0.712883638252	3	659	1	
96	0	107	step_1_no_load	1	2	2	480	
96	0	107	step_2_no_load	5	6	0.565220528809	0.388257337796	6	758	1	
96	0	108	step_1_no_load	1	2	2	530	
96	0	108	step_2_no_load	5	6	0.526955028982	0.388185708856	6	785	1	
96	0	109	step_1_no_load	1	2	2	492	
96	0	109	step_2_no_load	3	4	0.68658494263	0.71632547018	4	1198	1	
96	0	110	step_1_no_load	1	2	2	567	
96	0	110	step_2_no_load	5	6	0.432626681236	0.395544455384	6	826	0	
96	0	111	step_1_no_load	1	2	1	442	
96	0	111	step_2_no_load	5	6	0.384948378665	0.407158158569	5	903	0	
96	0	112	step_1_no_load	1	2	1	311	
96	0	112	step_2_no_load	3	4	0.635252945963	0.725701866094	3	546	1	
96	0	113	step_1_no_load	1	2	1	538	
96	0	113	step_2_no_load	5	6	0.370697120277	0.387112818105	5	1167	0	
96	0	114	step_1_no_load	1	2	1	297	
96	0	114	step_2_no_load	3	4	0.657654904272	0.718213323791	3	411	1	
96	0	115	step_1_no_load	1	2	1	302	
96	0	115	step_2_no_load	5	6	0.390027643099	0.357661171116	6	570	1	
96	0	116	step_1_no_load	1	2	1	312	
96	0	116	step_2_no_load	3	4	0.680124293449	0.706736514943	3	528	1	
96	0	117	step_1_no_load	1	2	2	620	
96	0	117	step_2_no_load	5	6	0.374621793791	0.363056877927	6	588	0	
96	0	118	step_1_no_load	1	2	2	291	
96	0	118	step_2_no_load	5	6	0.357645851833	0.362977115924	6	566	0	
96	0	119	step_1_no_load	1	2	2	303	
96	0	119	step_2_no_load	5	6	0.357515098446	0.358243439099	5	523	1	
96	0	120	step_1_no_load	1	2	1	429	
96	0	120	step_2_no_load	3	4	0.666433355915	0.70587238626	3	434	1	
96	0	121	step_1_no_load	1	2	1	268	
96	0	121	step_2_no_load	3	4	0.671052306195	0.658856304095	3	376	1	
96	0	122	step_1_no_load	1	2	1	280	
96	0	122	step_2_no_load	3	4	0.672193618854	0.6136886145	3	931	0	
96	0	123	step_1_no_load	1	2	1	310	
96	0	123	step_2_no_load	3	4	0.664849878232	0.583607229978	3	488	0	
96	0	124	step_1_no_load	1	2	1	231	
96	0	124	step_2_no_load	3	4	0.624161788269	0.603013298253	4	518	1	
96	0	125	step_1_no_load	1	2	1	329	
96	0	125	step_2_no_load	3	4	0.633566302563	0.559596800931	3	576	1	
96	0	126	step_1_no_load	1	2	1	355	
96	0	126	step_2_no_load	5	6	0.300846667696	0.267206368684	5	640	1	
96	0	127	step_1_no_load	1	2	1	387	
96	0	127	step_2_no_load	3	4	0.646945556251	0.560824094575	3	1075	0	
96	0	128	step_1_no_load	1	2	1	325	
96	0	128	step_2_no_load	3	4	0.620672334996	0.636905534066	4	845	0	
96	0	129	step_1_no_load	1	2	1	731	
96	0	129	step_2_no_load	3	4	0.632682846317	0.685297910719	3	672	1	
96	0	130	step_1_no_load	1	2	1	293	
96	0	130	step_2_no_load	5	6	0.274560758494	0.267460866951	6	939	0	
96	0	131	step_1_no_load	1	2	1	254	
96	0	131	step_2_no_load	3	4	0.638450601212	0.678044920845	3	436	1	
96	0	132	step_1_no_load	1	2	1	255	
96	0	132	step_2_no_load	3	4	0.660013924697	0.668578020634	3	381	0	
96	0	133	step_1_no_load	1	2	1	7	
96	0	133	step_2_no_load	5	6	0.312642735495	0.315608831386	5	884	0	
96	0	134	step_1_no_load	1	2	1	287	
96	0	134	step_2_no_load	3	4	0.685529359147	0.621945110858	4	464	1	
96	0	135	step_1_no_load	1	2	1	260	
96	0	135	step_2_no_load	3	4	0.700779221781	0.593710006149	3	637	1	
96	0	136	step_1_no_load	1	2	1	281	
96	0	136	step_2_no_load	3	4	0.674914008636	0.597814413435	4	1380	0	
96	0	137	step_1_no_load	1	2	1	277	
96	0	137	step_2_no_load	5	6	0.325016613024	0.346433498467	6	973	0	
96	0	138	step_1_no_load	1	2	1	281	
96	0	138	step_2_no_load	3	4	0.688182193337	0.63240964674	3	403	1	
96	0	139	step_1_no_load	1	2	2	336	
96	0	139	step_2_no_load	3	4	0.696355985729	0.636630981281	4	755	1	
96	0	140	step_1_no_load	1	2	2	396	
96	0	140	step_2_no_load	5	6	0.328174526491	0.348740542008	6	803	0	
96	0	141	step_1_no_load	1	2	2	287	
96	0	141	step_2_no_load	5	6	0.311809871418	0.390227133375	6	572	0	
96	0	142	step_1_no_load	1	2	1	313	
96	0	142	step_2_no_load	3	4	0.627356259123	0.690276058009	3	492	1	
96	0	143	step_1_no_load	1	2	1	258	
96	0	143	step_2_no_load	3	4	0.610219102298	0.661365099615	3	634	0	
96	0	144	step_1_no_load	1	2	1	140	
96	0	144	step_2_no_load	3	4	0.639347300184	0.626443722248	4	516	1	
96	0	145	step_1_no_load	1	2	1	345	
96	0	145	step_2_no_load	5	6	0.266265924094	0.355256413269	5	457	0	
96	0	146	step_1_no_load	1	2	1	235	
96	0	146	step_2_no_load	3	4	0.593778463268	0.681611991725	3	503	1	
96	0	147	step_1_no_load	1	2	1	256	
96	0	147	step_2_no_load	3	4	0.594861186319	0.647798886916	3	388	0	
96	0	148	step_1_no_load	1	2	1	246	
96	0	148	step_2_no_load	3	4	0.648050021239	0.619272702026	3	378	0	
96	0	149	step_1_no_load	1	2	1	254	
96	0	149	step_2_no_load	3	4	0.623203869836	0.601870110183	4	399	0	
96	0	150	step_1_no_load	1	2	1	0	
96	0	150	step_2_no_load	5	6	0.305587692243	0.306860041627	5	489	1	
96	0	151	step_1_no_load	1	2	1	280	
96	0	151	step_2_no_load	3	4	0.614159737668	0.59154759351	3	820	1	
96	0	152	step_1_no_load	1	2	1	266	
96	0	152	step_2_no_load	5	6	0.307702500543	0.323194010514	6	597	1	
96	0	153	step_1_no_load	1	2	1	352	
96	0	153	step_2_no_load	5	6	0.309356532263	0.343622632154	6	638	1	
96	0	154	step_1_no_load	1	2	1	253	
96	0	154	step_2_no_load	3	4	0.671672162443	0.638934099562	3	409	0	
96	0	155	step_1_no_load	1	2	1	321	
96	0	155	step_2_no_load	3	4	0.716100930629	0.632486591889	4	680	1	
96	0	156	step_1_no_load	1	2	1	362	
96	0	156	step_2_no_load	3	4	0.734436160799	0.631048201903	4	647	1	
96	0	157	step_1_no_load	1	2	1	490	
96	0	157	step_2_no_load	3	4	0.720725456325	0.585191807512	4	595	0	
96	0	158	step_1_no_load	1	2	1	468	
96	0	158	step_2_no_load	3	4	0.694270715354	0.532722108502	3	423	1	
96	0	159	step_1_no_load	1	2	1	325	
96	0	159	step_2_no_load	3	4	0.697903160072	0.541222065796	3	582	1	
96	0	160	step_1_no_load	1	2	1	317	
96	0	160	step_2_no_load	3	4	0.710728171711	0.521229931064	3	627	1	
96	0	161	step_1_no_load	1	2	1	263	
96	0	161	step_2_no_load	3	4	0.719896286569	0.516036498158	3	579	1	
96	0	162	step_1_no_load	1	2	1	343	
96	0	162	step_2_no_load	3	4	0.695144769903	0.566496468084	3	639	1	
96	0	163	step_1_no_load	1	2	1	537	
96	0	163	step_2_no_load	3	4	0.697095951435	0.5863391277	4	370	0	
96	0	164	step_1_no_load	1	2	1	330	
96	0	164	step_2_no_load	5	6	0.432761720497	0.430844125626	5	299	0	
96	0	165	step_1_no_load	1	2	1	225	
96	0	165	step_2_no_load	3	4	0.717506143195	0.538026607649	4	305	0	
96	0	166	step_1_no_load	1	2	1	571	
96	0	166	step_2_no_load	5	6	0.422282731054	0.356317216644	5	336	0	
96	0	167	step_1_no_load	1	2	1	220	
96	0	167	step_2_no_load	3	4	0.706271792549	0.585131062446	4	406	1	
96	0	168	step_1_no_load	1	2	1	294	
96	0	168	step_2_no_load	3	4	0.67192508984	0.613361520676	3	347	1	
96	0	169	step_1_no_load	1	2	1	290	
96	0	169	step_2_no_load	5	6	0.42098542374	0.365156560071	5	660	0	
96	0	170	step_1_no_load	1	2	1	266	
96	0	170	step_2_no_load	3	4	0.67334314737	0.57151385403	3	491	1	
96	0	171	step_1_no_load	1	2	1	263	
96	0	171	step_2_no_load	3	4	0.727248140829	0.553314431843	4	513	0	
96	0	172	step_1_no_load	1	2	1	316	
96	0	172	step_2_no_load	5	6	0.363617002148	0.490120307546	5	420	1	
96	0	173	step_1_no_load	1	2	1	241	
96	0	173	step_2_no_load	3	4	0.667027212577	0.484428109849	3	478	1	
96	0	174	step_1_no_load	1	2	1	335	
96	0	174	step_2_no_load	5	6	0.387867297446	0.46236234172	5	699	0	
96	0	175	step_1_no_load	1	2	1	513	
96	0	175	step_2_no_load	5	6	0.426185553904	0.484825491933	6	557	1	
96	0	176	step_1_no_load	1	2	1	314	
96	0	176	step_2_no_load	3	4	0.679250000396	0.474046874473	4	325	0	
96	0	177	step_1_no_load	1	2	1	442	
96	0	177	step_2_no_load	3	4	0.714070205704	0.501268576771	3	376	1	
96	0	178	step_1_no_load	1	2	1	334	
96	0	178	step_2_no_load	5	6	0.36473828006	0.49020858644	6	711	1	
96	0	179	step_1_no_load	1	2	1	381	
96	0	179	step_2_no_load	5	6	0.324685418097	0.493565996034	6	443	0	
96	0	180	step_1_no_load	1	2	1	287	
96	0	180	step_2_no_load	3	4	0.719795072986	0.482853857291	3	271	1	
96	0	181	step_1_no_load	1	2	1	1	
96	0	181	step_2_no_load	3	4	0.746910336326	0.508735114046	3	479	1	
96	0	182	step_1_no_load	1	2	1	369	
96	0	182	step_2_no_load	3	4	0.72717560423	0.506773281362	3	472	1	
96	0	183	step_1_no_load	1	2	1	264	
96	0	183	step_2_no_load	3	4	0.720388040749	0.502991759047	3	493	1	
96	0	184	step_1_no_load	1	2	1	244	
96	0	184	step_2_no_load	5	6	0.362743255194	0.480863422096	5	476	1	
96	0	185	step_1_no_load	1	2	1	356	
96	0	185	step_2_no_load	3	4	0.665622647081	0.479703516092	3	645	1	
96	0	186	step_1_no_load	1	2	1	192	
96	0	186	step_2_no_load	3	4	0.656308636836	0.46870859828	3	510	0	
96	0	187	step_1_no_load	1	2	1	290	
96	0	187	step_2_no_load	3	4	0.678211978625	0.443962917772	3	377	0	
96	0	188	step_1_no_load	1	2	1	42	
96	0	188	step_2_no_load	3	4	0.696362660087	0.471319680586	3	447	1	
96	0	189	step_1_no_load	1	2	1	270	
96	0	189	step_2_no_load	3	4	0.688353284054	0.448897869069	3	412	1	
96	0	190	step_1_no_load	1	2	1	330	
96	0	190	step_2_no_load	5	6	0.304557739386	0.505820429042	6	1023	1	
96	0	191	step_1_no_load	1	2	1	354	
96	0	191	step_2_no_load	3	4	0.664271461991	0.435748387321	4	600	0	
96	0	192	step_1_no_load	1	2	1	286	
96	0	192	step_2_no_load	5	6	0.299297135717	0.493851022417	5	389	0	
96	0	193	step_1_no_load	1	2	1	525	
96	0	193	step_2_no_load	3	4	0.679792491164	0.440813209638	3	437	1	
96	0	194	step_1_no_load	1	2	1	406	
96	0	194	step_2_no_load	5	6	0.342437174514	0.505359594715	5	395	1	
96	0	195	step_1_no_load	1	2	1	243	
96	0	195	step_2_no_load	3	4	0.646280688878	0.466795336969	3	487	1	
96	0	196	step_1_no_load	1	2	1	225	
96	0	196	step_2_no_load	5	6	0.365373286058	0.496717662777	5	287	0	
96	0	197	step_1_no_load	1	2	1	289	
96	0	197	step_2_no_load	5	6	0.316987700969	0.47786945426	6	423	0	
96	0	198	step_1_no_load	1	2	1	131	
96	0	198	step_2_no_load	5	6	0.303352625941	0.485065498391	5	360	1	
96	0	199	step_1_no_load	1	2	1	234	
96	0	199	step_2_no_load	3	4	0.73697129762	0.39793773834	4	373	0	
96	0	200	step_1_no_load	1	2	1	0	
96	0	200	step_2_no_load	3	4	0.728996708473	0.372436949782	3	536	1	

Thu Mar 30 12:59:24 2017
