Fri Mar 31 11:04:35 2017	
98	0	1	step_1_no_load	1	2	1	791	
98	0	1	step_2_no_load	5	6	0.598297890399	0.511789129507	5	804	1	
98	0	2	step_1_no_load	1	2	1	528	
98	0	2	step_2_no_load	5	6	0.580156942153	0.533203491871	5	428	1	
98	0	3	step_1_no_load	1	2	1	340	
98	0	3	step_2_no_load	3	4	0.589215227351	0.476767372206	3	333	0	
98	0	4	step_1_no_load	1	2	1	911	
98	0	4	step_2_no_load	3	4	0.564086293706	0.478607661228	4	1098	1	
98	0	5	step_1_no_load	1	2	1	689	
98	0	5	step_2_no_load	5	6	0.623810210114	0.543908521457	5	662	0	
98	0	6	step_1_no_load	1	2	2	1189	
98	0	6	step_2_no_load	5	6	0.585722686883	0.490454120702	6	783	0	
98	0	7	step_1_no_load	1	2	2	407	
98	0	7	step_2_no_load	5	6	0.568656746487	0.506408070053	5	1095	1	
98	0	8	step_1_no_load	1	2	2	531	
98	0	8	step_2_no_load	3	4	0.624210374623	0.489816616396	4	933	0	
98	0	9	step_1_no_load	1	2	2	842	
98	0	9	step_2_no_load	5	6	0.598049061473	0.54429228266	5	499	1	
98	0	10	step_1_no_load	1	2	2	483	
98	0	10	step_2_no_load	5	6	0.652626043146	0.576063520885	5	903	1	
98	0	11	step_1_no_load	1	2	2	420	
98	0	11	step_2_no_load	3	4	0.609191465743	0.477013315682	3	589	1	
98	0	12	step_1_no_load	1	2	2	620	
98	0	12	step_2_no_load	5	6	0.682786328054	0.597131918027	5	766	1	
98	0	13	step_1_no_load	1	2	2	436	
98	0	13	step_2_no_load	5	6	0.653587098421	0.595790490356	5	774	1	
98	0	14	step_1_no_load	1	2	2	302	
98	0	14	step_2_no_load	3	4	0.545555696267	0.491234392147	3	409	1	
98	0	15	step_1_no_load	1	2	2	527	
98	0	15	step_2_no_load	5	6	0.612260006668	0.633564630036	5	622	1	
98	0	16	step_1_no_load	1	2	2	382	
98	0	16	step_2_no_load	3	4	0.553308964466	0.510958036527	3	565	1	
98	0	17	step_1_no_load	1	2	2	342	
98	0	17	step_2_no_load	5	6	0.633350170016	0.643116883134	5	400	1	
98	0	18	step_1_no_load	1	2	2	289	
98	0	18	step_2_no_load	3	4	0.553554620302	0.517514133912	3	567	0	
98	0	19	step_1_no_load	1	2	2	443	
98	0	19	step_2_no_load	5	6	0.619895761657	0.644773170243	5	895	1	
98	0	20	step_1_no_load	1	2	2	523	
98	0	20	step_2_no_load	5	6	0.636521555122	0.60665343963	5	807	1	
98	0	21	step_1_no_load	1	2	2	458	
98	0	21	step_2_no_load	5	6	0.630305464549	0.611328949295	5	632	1	
98	0	22	step_1_no_load	1	2	2	245	
98	0	22	step_2_no_load	3	4	0.468700882609	0.506100011497	4	1011	0	
98	0	23	step_1_no_load	1	2	2	329	
98	0	23	step_2_no_load	3	4	0.513759772011	0.520606588181	3	575	0	
98	0	24	step_1_no_load	1	2	2	413	
98	0	24	step_2_no_load	5	6	0.582115115688	0.5800912085	5	636	1	
98	0	25	step_1_no_load	1	2	2	366	
98	0	25	step_2_no_load	5	6	0.565698722896	0.629917901014	5	423	0	
98	0	26	step_1_no_load	1	2	2	347	
98	0	26	step_2_no_load	5	6	0.592410219737	0.640635035276	6	694	0	
98	0	27	step_1_no_load	1	2	2	294	
98	0	27	step_2_no_load	5	6	0.57860777711	0.642144756622	6	860	0	
98	0	28	step_1_no_load	1	2	2	356	
98	0	28	step_2_no_load	5	6	0.588356036098	0.647441527317	5	556	1	
98	0	29	step_1_no_load	1	2	2	353	
98	0	29	step_2_no_load	3	4	0.561957580386	0.521159009103	3	801	0	
98	0	30	step_1_no_load	1	2	2	473	
98	0	30	step_2_no_load	5	6	0.608245979832	0.610227092493	5	476	0	
98	0	31	step_1_no_load	1	2	2	452	
98	0	31	step_2_no_load	3	4	0.541819886458	0.483156722265	3	639	1	
98	0	32	step_1_no_load	1	2	2	353	
98	0	32	step_2_no_load	5	6	0.634585171267	0.605616211083	6	557	0	
98	0	33	step_1_no_load	1	2	2	280	
98	0	33	step_2_no_load	5	6	0.611700032906	0.618000238621	5	356	0	
98	0	34	step_1_no_load	1	2	2	285	
98	0	34	step_2_no_load	5	6	0.575802910074	0.670290552209	5	488	1	
98	0	35	step_1_no_load	1	2	2	332	
98	0	35	step_2_no_load	5	6	0.566827313385	0.649776015006	5	405	0	
98	0	36	step_1_no_load	1	2	2	371	
98	0	36	step_2_no_load	5	6	0.527635087561	0.661229326326	5	555	0	
98	0	37	step_1_no_load	1	2	2	473	
98	0	37	step_2_no_load	5	6	0.513822304161	0.660658056664	5	342	0	
98	0	38	step_1_no_load	1	2	2	460	
98	0	38	step_2_no_load	3	4	0.595113730206	0.553931241266	4	870	1	
98	0	39	step_1_no_load	1	2	2	506	
98	0	39	step_2_no_load	5	6	0.557005857101	0.634483337633	6	681	1	
98	0	40	step_1_no_load	1	2	2	417	
98	0	40	step_2_no_load	5	6	0.580760785074	0.636994900683	6	632	1	
98	0	41	step_1_no_load	1	2	2	343	
98	0	41	step_2_no_load	5	6	0.524862294848	0.633285941184	6	411	1	
98	0	42	step_1_no_load	1	2	2	292	
98	0	42	step_2_no_load	5	6	0.533857158543	0.606696263624	6	673	1	
98	0	43	step_1_no_load	1	2	2	392	
98	0	43	step_2_no_load	5	6	0.553703096215	0.581931546759	6	456	1	
98	0	44	step_1_no_load	1	2	2	322	
98	0	44	step_2_no_load	3	4	0.611481438855	0.537842745081	3	874	1	
98	0	45	step_1_no_load	1	2	2	524	
98	0	45	step_2_no_load	5	6	0.579346234508	0.620699591043	6	471	1	
98	0	46	step_1_no_load	1	2	2	433	
98	0	46	step_2_no_load	5	6	0.55511883717	0.654261318712	6	737	1	
98	0	47	step_1_no_load	1	2	2	353	
98	0	47	step_2_no_load	5	6	0.546259467838	0.634373567175	6	737	1	
98	0	48	step_1_no_load	1	2	2	217	
98	0	48	step_2_no_load	5	6	0.534690828011	0.657624935632	6	752	1	
98	0	49	step_1_no_load	1	2	2	381	
98	0	49	step_2_no_load	5	6	0.512405963374	0.614679490594	6	588	1	
98	0	50	step_1_no_load	1	2	2	476	
98	0	50	step_2_no_load	3	4	0.606862017918	0.47381367271	3	996	1	
98	0	51	step_1_no_load	1	2	2	332	
98	0	51	step_2_no_load	5	6	0.508197321577	0.613357430892	6	542	0	
98	0	52	step_1_no_load	1	2	2	327	
98	0	52	step_2_no_load	5	6	0.513589895419	0.613408921915	5	823	1	
98	0	53	step_1_no_load	1	2	2	358	
98	0	53	step_2_no_load	5	6	0.475342927439	0.630956764252	5	652	0	
98	0	54	step_1_no_load	1	2	2	299	
98	0	54	step_2_no_load	3	4	0.570223904064	0.491512498697	3	811	1	
98	0	55	step_1_no_load	1	2	2	379	
98	0	55	step_2_no_load	5	6	0.526704292526	0.639840796975	5	708	0	
98	0	56	step_1_no_load	1	2	2	250	
98	0	56	step_2_no_load	5	6	0.538512915562	0.60038825769	5	568	1	
98	0	57	step_1_no_load	1	2	2	408	
98	0	57	step_2_no_load	3	4	0.641849303307	0.466449077359	3	594	1	
98	0	58	step_1_no_load	1	2	2	257	
98	0	58	step_2_no_load	5	6	0.528376440027	0.610896130115	5	603	1	
98	0	59	step_1_no_load	1	2	2	344	
98	0	59	step_2_no_load	5	6	0.537400760025	0.608951267756	5	492	0	
98	0	60	step_1_no_load	1	2	2	237	
98	0	60	step_2_no_load	3	4	0.623687406259	0.491916707098	3	494	1	
98	0	61	step_1_no_load	1	2	2	267	
98	0	61	step_2_no_load	5	6	0.527144452559	0.602879526975	5	545	1	
98	0	62	step_1_no_load	1	2	2	289	
98	0	62	step_2_no_load	5	6	0.533031417444	0.622820395113	5	386	1	
98	0	63	step_1_no_load	1	2	2	337	
98	0	63	step_2_no_load	3	4	0.664284493458	0.53192660365	3	413	1	
98	0	64	step_1_no_load	1	2	2	317	
98	0	64	step_2_no_load	5	6	0.533849886794	0.626149195169	5	71	1	
98	0	65	step_1_no_load	1	2	2	568	
98	0	65	step_2_no_load	5	6	0.517687993213	0.619953360065	5	495	0	
98	0	66	step_1_no_load	1	2	2	462	
98	0	66	step_2_no_load	5	6	0.555324764318	0.630357351236	6	743	0	
98	0	67	step_1_no_load	1	2	2	421	
98	0	67	step_2_no_load	5	6	0.538279387614	0.674463681351	5	760	1	
98	0	68	step_1_no_load	1	2	1	469	
98	0	68	step_2_no_load	3	4	0.622963076372	0.509127161919	3	417	1	
98	0	69	step_1_no_load	1	2	1	329	
98	0	69	step_2_no_load	3	4	0.622221685203	0.499137600991	3	320	0	
98	0	70	step_1_no_load	1	2	2	449	
98	0	70	step_2_no_load	5	6	0.548075770764	0.697741832068	5	463	0	
98	0	71	step_1_no_load	1	2	2	333	
98	0	71	step_2_no_load	5	6	0.546215110045	0.706816191949	6	400	1	
98	0	72	step_1_no_load	1	2	1	489	
98	0	72	step_2_no_load	3	4	0.626024641967	0.47409116389	3	375	0	
98	0	73	step_1_no_load	1	2	2	342	
98	0	73	step_2_no_load	5	6	0.50185699984	0.727961155836	6	880	0	
98	0	74	step_1_no_load	1	2	2	801	
98	0	74	step_2_no_load	3	4	0.614462146454	0.453420386428	3	1033	1	
98	0	75	step_1_no_load	1	2	2	490	
98	0	75	step_2_no_load	5	6	0.483983914712	0.697629587097	5	628	0	
98	0	76	step_1_no_load	1	2	1	537	
98	0	76	step_2_no_load	3	4	0.62770291155	0.488583631821	3	512	0	
98	0	77	step_1_no_load	1	2	1	385	
98	0	77	step_2_no_load	3	4	0.564257587118	0.446809557226	3	431	0	
98	0	78	step_1_no_load	1	2	2	988	
98	0	78	step_2_no_load	5	6	0.538654072849	0.647586191228	5	601	1	
98	0	79	step_1_no_load	1	2	2	592	
98	0	79	step_2_no_load	3	4	0.513695512795	0.389124152368	3	466	1	
98	0	80	step_1_no_load	1	2	2	432	
98	0	80	step_2_no_load	3	4	0.518583383166	0.396016175285	3	583	0	
98	0	81	step_1_no_load	1	2	2	594	
98	0	81	step_2_no_load	3	4	0.529745690463	0.419265522488	3	596	0	
98	0	82	step_1_no_load	1	2	2	653	
98	0	82	step_2_no_load	5	6	0.482727017837	0.688340116885	5	437	1	
98	0	83	step_1_no_load	1	2	2	362	
98	0	83	step_2_no_load	5	6	0.483255412498	0.726885136842	5	404	0	
98	0	84	step_1_no_load	1	2	1	991	
98	0	84	step_2_no_load	3	4	0.65843840156	0.385087938645	4	350	1	
98	0	85	step_1_no_load	1	2	1	582	
98	0	85	step_2_no_load	5	6	0.485785534744	0.712989604416	6	313	0	
98	0	86	step_1_no_load	1	2	1	380	
98	0	86	step_2_no_load	5	6	0.486462788728	0.721207648497	5	1345	0	
98	0	87	step_1_no_load	1	2	1	295	
98	0	87	step_2_no_load	5	6	0.493867001103	0.690012761069	5	752	0	
98	0	88	step_1_no_load	1	2	1	282	
98	0	88	step_2_no_load	5	6	0.509563243675	0.696773608304	6	1190	0	
98	0	89	step_1_no_load	1	2	2	429	
98	0	89	step_2_no_load	3	4	0.690772436485	0.415882489686	4	1026	0	
98	0	90	step_1_no_load	1	2	2	480	
98	0	90	step_2_no_load	5	6	0.530126112124	0.688736868033	5	376	0	
98	0	91	step_1_no_load	1	2	2	267	
98	0	91	step_2_no_load	3	4	0.685023809334	0.43534164751	4	1038	0	
98	0	92	step_1_no_load	1	2	2	285	
98	0	92	step_2_no_load	5	6	0.484260039873	0.679381608313	5	319	1	
98	0	93	step_1_no_load	1	2	2	664	
98	0	93	step_2_no_load	3	4	0.70415710998	0.439878153082	3	590	0	
98	0	94	step_1_no_load	1	2	1	459	
98	0	94	step_2_no_load	3	4	0.719464414227	0.429211756872	3	790	1	
98	0	95	step_1_no_load	1	2	1	357	
98	0	95	step_2_no_load	3	4	0.715495469274	0.427150666411	3	540	1	
98	0	96	step_1_no_load	1	2	1	280	
98	0	96	step_2_no_load	3	4	0.693739812506	0.383038640121	3	429	1	
98	0	97	step_1_no_load	1	2	1	317	
98	0	97	step_2_no_load	3	4	0.681272614291	0.392885664353	3	383	0	
98	0	98	step_1_no_load	1	2	2	299	
98	0	98	step_2_no_load	5	6	0.431479829356	0.646040060297	5	471	0	
98	0	99	step_1_no_load	1	2	2	462	
98	0	99	step_2_no_load	5	6	0.375249961522	0.645191748454	5	412	1	
98	0	100	step_1_no_load	1	2	2	403	
98	0	100	step_2_no_load	5	6	0.363162156005	0.66579920021	5	466	0	
98	0	101	step_1_no_load	1	2	2	599	
98	0	101	step_2_no_load	5	6	0.366879421891	0.655903528958	6	426	1	
98	0	102	step_1_no_load	1	2	2	562	
98	0	102	step_2_no_load	5	6	0.326080462175	0.663124617603	6	575	0	
98	0	103	step_1_no_load	1	2	1	811	
98	0	103	step_2_no_load	3	4	0.663997796029	0.481975449893	3	692	1	
98	0	104	step_1_no_load	1	2	1	450	
98	0	104	step_2_no_load	5	6	0.303696146503	0.743372642809	6	1351	1	
98	0	105	step_1_no_load	1	2	1	447	
98	0	105	step_2_no_load	3	4	0.689135357059	0.514318365187	3	444	1	
98	0	106	step_1_no_load	1	2	1	115	
98	0	106	step_2_no_load	3	4	0.712883638252	0.508908032404	3	748	1	
98	0	107	step_1_no_load	1	2	1	876	
98	0	107	step_2_no_load	3	4	0.692607431435	0.565220528809	3	463	1	
98	0	108	step_1_no_load	1	2	1	283	
98	0	108	step_2_no_load	3	4	0.695928523711	0.526955028982	3	295	1	
98	0	109	step_1_no_load	1	2	1	505	
98	0	109	step_2_no_load	3	4	0.71632547018	0.479977531501	3	468	0	
98	0	110	step_1_no_load	1	2	2	335	
98	0	110	step_2_no_load	5	6	0.395544455384	0.65455226558	6	802	0	
98	0	111	step_1_no_load	1	2	2	413	
98	0	111	step_2_no_load	3	4	0.724852671171	0.384948378665	3	800	0	
98	0	112	step_1_no_load	1	2	2	353	
98	0	112	step_2_no_load	3	4	0.725701866094	0.392887565883	4	1069	0	
98	0	113	step_1_no_load	1	2	2	544	
98	0	113	step_2_no_load	3	4	0.719324307956	0.370697120277	3	611	1	
98	0	114	step_1_no_load	1	2	2	404	
98	0	114	step_2_no_load	3	4	0.718213323791	0.380324086676	3	557	0	
98	0	115	step_1_no_load	1	2	1	637	
98	0	115	step_2_no_load	3	4	0.739704344621	0.390027643099	3	808	1	
98	0	116	step_1_no_load	1	2	1	413	
98	0	116	step_2_no_load	5	6	0.369438791876	0.680124293449	5	1013	1	
98	0	117	step_1_no_load	1	2	1	32	
98	0	117	step_2_no_load	3	4	0.747012267642	0.374621793791	3	430	1	
98	0	118	step_1_no_load	1	2	2	421	
98	0	118	step_2_no_load	5	6	0.362977115924	0.690484235012	5	418	1	
98	0	119	step_1_no_load	1	2	2	311	
98	0	119	step_2_no_load	3	4	0.690424535099	0.357515098446	3	423	1	
98	0	120	step_1_no_load	1	2	2	398	
98	0	120	step_2_no_load	5	6	0.333809617664	0.666433355915	5	410	1	
98	0	121	step_1_no_load	1	2	2	496	
98	0	121	step_2_no_load	5	6	0.310775244958	0.671052306195	5	354	0	
98	0	122	step_1_no_load	1	2	1	239	
98	0	122	step_2_no_load	3	4	0.6136886145	0.329624572119	3	370	1	
98	0	123	step_1_no_load	1	2	1	337	
98	0	123	step_2_no_load	3	4	0.583607229978	0.337526896345	3	372	1	
98	0	124	step_1_no_load	1	2	1	252	
98	0	124	step_2_no_load	3	4	0.603013298253	0.309430836661	3	415	1	
98	0	125	step_1_no_load	1	2	1	235	
98	0	125	step_2_no_load	5	6	0.290374841566	0.633566302563	5	402	0	
98	0	126	step_1_no_load	1	2	1	395	
98	0	126	step_2_no_load	5	6	0.267206368684	0.600985760967	5	492	0	
98	0	127	step_1_no_load	1	2	2	27	
98	0	127	step_2_no_load	3	4	0.560824094575	0.274944938508	3	624	1	
98	0	128	step_1_no_load	1	2	2	249	
98	0	128	step_2_no_load	5	6	0.260252451606	0.620672334996	6	711	1	
98	0	129	step_1_no_load	1	2	2	236	
98	0	129	step_2_no_load	5	6	0.268213321963	0.632682846317	6	639	0	
98	0	130	step_1_no_load	1	2	2	327	
98	0	130	step_2_no_load	5	6	0.267460866951	0.630285316669	5	437	0	
98	0	131	step_1_no_load	1	2	1	330	
98	0	131	step_2_no_load	3	4	0.678044920845	0.311475039155	3	518	1	
98	0	132	step_1_no_load	1	2	1	430	
98	0	132	step_2_no_load	3	4	0.668578020634	0.315328810424	3	479	0	
98	0	133	step_1_no_load	1	2	1	404	
98	0	133	step_2_no_load	3	4	0.617383991623	0.312642735495	4	768	0	
98	0	134	step_1_no_load	1	2	1	273	
98	0	134	step_2_no_load	3	4	0.621945110858	0.302839427162	3	323	0	
98	0	135	step_1_no_load	1	2	1	463	
98	0	135	step_2_no_load	3	4	0.593710006149	0.287118934166	3	576	1	
98	0	136	step_1_no_load	1	2	1	268	
98	0	136	step_2_no_load	3	4	0.597814413435	0.284521085726	3	351	1	
98	0	137	step_1_no_load	1	2	1	265	
98	0	137	step_2_no_load	3	4	0.605896884497	0.325016613024	3	542	0	
98	0	138	step_1_no_load	1	2	1	515	
98	0	138	step_2_no_load	5	6	0.366701525561	0.688182193337	5	1138	1	
98	0	139	step_1_no_load	1	2	1	257	
98	0	139	step_2_no_load	5	6	0.325611400511	0.696355985729	5	664	0	
98	0	140	step_1_no_load	1	2	1	358	
98	0	140	step_2_no_load	3	4	0.671213945178	0.328174526491	4	499	0	
98	0	141	step_1_no_load	1	2	1	407	
98	0	141	step_2_no_load	5	6	0.390227133375	0.616803346728	5	303	1	
98	0	142	step_1_no_load	1	2	1	365	
98	0	142	step_2_no_load	3	4	0.690276058009	0.304203281606	3	449	0	
98	0	143	step_1_no_load	1	2	2	262	
98	0	143	step_2_no_load	5	6	0.410970957547	0.610219102298	5	481	1	
98	0	144	step_1_no_load	1	2	2	314	
98	0	144	step_2_no_load	3	4	0.626443722248	0.275932517017	3	1039	0	
98	0	145	step_1_no_load	1	2	2	216	
98	0	145	step_2_no_load	3	4	0.6669125229	0.266265924094	3	885	0	
98	0	146	step_1_no_load	1	2	2	302	
98	0	146	step_2_no_load	5	6	0.320877500969	0.593778463268	5	457	0	
98	0	147	step_1_no_load	1	2	2	503	
98	0	147	step_2_no_load	3	4	0.647798886916	0.265578160642	3	894	1	
98	0	148	step_1_no_load	1	2	1	908	
98	0	148	step_2_no_load	3	4	0.619272702026	0.305288021243	3	489	1	
98	0	149	step_1_no_load	1	2	1	280	
98	0	149	step_2_no_load	3	4	0.601870110183	0.269951834184	3	896	1	
98	0	150	step_1_no_load	1	2	1	619	
98	0	150	step_2_no_load	5	6	0.306860041627	0.605912419156	5	997	0	
98	0	151	step_1_no_load	1	2	1	339	
98	0	151	step_2_no_load	3	4	0.59154759351	0.348172164421	3	387	0	
98	0	152	step_1_no_load	1	2	1	433	
98	0	152	step_2_no_load	3	4	0.595108765344	0.307702500543	4	595	1	
98	0	153	step_1_no_load	1	2	1	658	
98	0	153	step_2_no_load	3	4	0.613336203392	0.309356532263	4	484	1	
98	0	154	step_1_no_load	1	2	1	321	
98	0	154	step_2_no_load	5	6	0.348349389262	0.671672162443	5	854	1	
98	0	155	step_1_no_load	1	2	1	271	
98	0	155	step_2_no_load	3	4	0.632486591889	0.296093457977	3	375	0	
98	0	156	step_1_no_load	1	2	1	439	
98	0	156	step_2_no_load	3	4	0.631048201903	0.32564867104	4	726	0	
98	0	157	step_1_no_load	1	2	2	357	
98	0	157	step_2_no_load	5	6	0.324728201487	0.720725456325	5	265	0	
98	0	158	step_1_no_load	1	2	2	502	
98	0	158	step_2_no_load	3	4	0.532722108502	0.408728803896	3	723	0	
98	0	159	step_1_no_load	1	2	2	215	
98	0	159	step_2_no_load	3	4	0.541222065796	0.413026375257	3	1158	1	
98	0	160	step_1_no_load	1	2	2	230	
98	0	160	step_2_no_load	3	4	0.521229931064	0.415052912783	3	561	1	
98	0	161	step_1_no_load	1	2	2	626	
98	0	161	step_2_no_load	5	6	0.438878285506	0.719896286569	6	767	1	
98	0	162	step_1_no_load	1	2	2	556	
98	0	162	step_2_no_load	5	6	0.455329532209	0.695144769903	6	455	1	
98	0	163	step_1_no_load	1	2	2	317	
98	0	163	step_2_no_load	5	6	0.430920885959	0.697095951435	6	445	1	
98	0	164	step_1_no_load	1	2	2	318	
98	0	164	step_2_no_load	5	6	0.430844125626	0.692137394606	6	401	1	
98	0	165	step_1_no_load	1	2	2	373	
98	0	165	step_2_no_load	5	6	0.347974240867	0.717506143195	6	398	1	
98	0	166	step_1_no_load	1	2	2	335	
98	0	166	step_2_no_load	5	6	0.356317216644	0.686594248975	6	256	0	
98	0	167	step_1_no_load	1	2	1	351	
98	0	167	step_2_no_load	5	6	0.331115714939	0.706271792549	5	518	0	
98	0	168	step_1_no_load	1	2	1	365	
98	0	168	step_2_no_load	3	4	0.613361520676	0.400817642375	3	546	1	
98	0	169	step_1_no_load	1	2	1	313	
98	0	169	step_2_no_load	3	4	0.586049140041	0.42098542374	3	360	1	
98	0	170	step_1_no_load	1	2	1	347	
98	0	170	step_2_no_load	3	4	0.57151385403	0.411067820436	3	300	0	
98	0	171	step_1_no_load	1	2	2	286	
98	0	171	step_2_no_load	5	6	0.425122034074	0.727248140829	5	757	1	
98	0	172	step_1_no_load	1	2	1	640	
98	0	172	step_2_no_load	3	4	0.519090471457	0.363617002148	3	963	1	
98	0	173	step_1_no_load	1	2	1	245	
98	0	173	step_2_no_load	3	4	0.484428109849	0.385349297983	3	700	1	
98	0	174	step_1_no_load	1	2	1	485	
98	0	174	step_2_no_load	3	4	0.472729524832	0.387867297446	3	612	0	
98	0	175	step_1_no_load	1	2	2	229	
98	0	175	step_2_no_load	5	6	0.484825491933	0.693968268443	5	528	0	
98	0	176	step_1_no_load	1	2	2	353	
98	0	176	step_2_no_load	5	6	0.500856457218	0.679250000396	6	396	1	
98	0	177	step_1_no_load	1	2	2	229	
98	0	177	step_2_no_load	3	4	0.501268576771	0.357425668099	3	680	1	
98	0	178	step_1_no_load	1	2	2	207	
98	0	178	step_2_no_load	5	6	0.49020858644	0.705993797498	6	707	1	
98	0	179	step_1_no_load	1	2	2	376	
98	0	179	step_2_no_load	5	6	0.493565996034	0.709345707515	6	721	1	
98	0	180	step_1_no_load	1	2	2	381	
98	0	180	step_2_no_load	5	6	0.489345734128	0.719795072986	6	465	1	
98	0	181	step_1_no_load	1	2	2	468	
98	0	181	step_2_no_load	5	6	0.480141179559	0.746910336326	6	347	0	
98	0	182	step_1_no_load	1	2	1	345	
98	0	182	step_2_no_load	3	4	0.506773281362	0.340533666308	3	383	0	
98	0	183	step_1_no_load	1	2	1	417	
98	0	183	step_2_no_load	5	6	0.492742497507	0.720388040749	6	621	0	
98	0	184	step_1_no_load	1	2	1	396	
98	0	184	step_2_no_load	5	6	0.480863422096	0.657291439324	5	1044	1	
98	0	185	step_1_no_load	1	2	1	241	
98	0	185	step_2_no_load	3	4	0.479703516092	0.362611152222	4	498	0	
98	0	186	step_1_no_load	1	2	2	280	
98	0	186	step_2_no_load	3	4	0.46870859828	0.332733011923	3	728	1	
98	0	187	step_1_no_load	1	2	2	265	
98	0	187	step_2_no_load	5	6	0.498596507669	0.678211978625	5	530	0	
98	0	188	step_1_no_load	1	2	1	514	
98	0	188	step_2_no_load	3	4	0.471319680586	0.291508050861	3	722	0	
98	0	189	step_1_no_load	1	2	2	243	
98	0	189	step_2_no_load	5	6	0.534753756004	0.688353284054	5	572	1	
98	0	190	step_1_no_load	1	2	2	305	
98	0	190	step_2_no_load	5	6	0.505820429042	0.667655825994	5	470	1	
98	0	191	step_1_no_load	1	2	2	138	
98	0	191	step_2_no_load	3	4	0.435748387321	0.318839908867	3	395	1	
98	0	192	step_1_no_load	1	2	2	404	
98	0	192	step_2_no_load	3	4	0.450791310283	0.299297135717	3	392	0	
98	0	193	step_1_no_load	1	2	1	349	
98	0	193	step_2_no_load	3	4	0.440813209638	0.321008037746	3	493	0	
98	0	194	step_1_no_load	1	2	1	334	
98	0	194	step_2_no_load	3	4	0.433250459893	0.342437174514	4	440	1	
98	0	195	step_1_no_load	1	2	1	234	
98	0	195	step_2_no_load	3	4	0.466795336969	0.348571348505	4	418	0	
98	0	196	step_1_no_load	1	2	1	414	
98	0	196	step_2_no_load	3	4	0.421761207498	0.365373286058	3	490	0	
98	0	197	step_1_no_load	1	2	2	98	
98	0	197	step_2_no_load	3	4	0.422511153127	0.316987700969	3	923	1	
98	0	198	step_1_no_load	1	2	1	249	
98	0	198	step_2_no_load	3	4	0.397292432346	0.303352625941	3	416	0	
98	0	199	step_1_no_load	1	2	2	322	
98	0	199	step_2_no_load	5	6	0.529438031858	0.73697129762	5	418	0	
98	0	200	step_1_no_load	1	2	2	207	
98	0	200	step_2_no_load	3	4	0.372436949782	0.299128796668	3	594	0	

Fri Mar 31 11:22:28 2017
