Sun Apr  2 14:17:24 2017	
99	0	1	step_1_no_load	1	2	1	1320	
99	0	1	step_2_no_load	3	4	0.598297890399	0.457620150462	3	975	0	
99	0	2	step_1_no_load	1	2	1	407	
99	0	2	step_2_no_load	3	4	0.580156942153	0.474613197709	3	337	1	
99	0	3	step_1_no_load	1	2	1	407	
99	0	3	step_2_no_load	3	4	0.584197065669	0.476767372206	3	698	1	
99	0	4	step_1_no_load	1	2	1	609	
99	0	4	step_2_no_load	3	4	0.597491569846	0.478607661228	4	538	0	
99	0	5	step_1_no_load	1	2	1	273	
99	0	5	step_2_no_load	3	4	0.623810210114	0.495568760483	3	318	1	
99	0	6	step_1_no_load	1	2	1	286	
99	0	6	step_2_no_load	3	4	0.585722686883	0.506877622204	3	268	1	
99	0	7	step_1_no_load	1	2	2	318	
99	0	7	step_2_no_load	3	4	0.568656746487	0.500071913476	4	365	0	
99	0	8	step_1_no_load	1	2	2	281	
99	0	8	step_2_no_load	5	6	0.499203529332	0.624210374623	6	272	1	
99	0	9	step_1_no_load	1	2	2	600	
99	0	9	step_2_no_load	5	6	0.54429228266	0.641106877158	6	511	1	
99	0	10	step_1_no_load	1	2	2	298	
99	0	10	step_2_no_load	5	6	0.576063520885	0.636063269715	6	463	1	
99	0	11	step_1_no_load	1	2	2	334	
99	0	11	step_2_no_load	5	6	0.59022801242	0.609191465743	5	389	0	
99	0	12	step_1_no_load	1	2	2	349	
99	0	12	step_2_no_load	5	6	0.597131918027	0.552770607849	6	346	0	
99	0	13	step_1_no_load	1	2	1	264	
99	0	13	step_2_no_load	3	4	0.653587098421	0.52012981853	3	290	0	
99	0	14	step_1_no_load	1	2	1	382	
99	0	14	step_2_no_load	3	4	0.629137942344	0.491234392147	3	433	1	
99	0	15	step_1_no_load	1	2	1	344	
99	0	15	step_2_no_load	5	6	0.633564630036	0.570419113221	6	1054	1	
99	0	16	step_1_no_load	1	2	1	323	
99	0	16	step_2_no_load	5	6	0.626326396372	0.553308964466	5	393	0	
99	0	17	step_1_no_load	1	2	1	329	
99	0	17	step_2_no_load	5	6	0.643116883134	0.562895132605	6	597	1	
99	0	18	step_1_no_load	1	2	1	458	
99	0	18	step_2_no_load	3	4	0.626834332012	0.517514133912	3	355	1	
99	0	19	step_1_no_load	1	2	1	301	
99	0	19	step_2_no_load	3	4	0.619895761657	0.498240186199	3	282	0	
99	0	20	step_1_no_load	1	2	2	267	
99	0	20	step_2_no_load	5	6	0.60665343963	0.491720931314	6	347	1	
99	0	21	step_1_no_load	1	2	2	591	
99	0	21	step_2_no_load	3	4	0.630305464549	0.49769376036	4	628	1	
99	0	22	step_1_no_load	1	2	2	686	
99	0	22	step_2_no_load	5	6	0.618527126547	0.468700882609	6	385	0	
99	0	23	step_1_no_load	1	2	2	698	
99	0	23	step_2_no_load	3	4	0.640163623731	0.520606588181	4	462	1	
99	0	24	step_1_no_load	1	2	2	526	
99	0	24	step_2_no_load	5	6	0.5800912085	0.503316199018	6	852	1	
99	0	25	step_1_no_load	1	2	2	302	
99	0	25	step_2_no_load	3	4	0.565698722896	0.503316372362	4	451	0	
99	0	26	step_1_no_load	1	2	2	294	
99	0	26	step_2_no_load	5	6	0.640635035276	0.532884212818	6	715	1	
99	0	27	step_1_no_load	1	2	2	503	
99	0	27	step_2_no_load	5	6	0.642144756622	0.54756089792	6	575	1	
99	0	28	step_1_no_load	1	2	2	932	
99	0	28	step_2_no_load	3	4	0.588356036098	0.520177259699	3	1145	1	
99	0	29	step_1_no_load	1	2	2	528	
99	0	29	step_2_no_load	5	6	0.618626354124	0.561957580386	6	578	1	
99	0	30	step_1_no_load	1	2	1	455	
99	0	30	step_2_no_load	3	4	0.608245979832	0.4919199548	3	514	1	
99	0	31	step_1_no_load	1	2	1	470	
99	0	31	step_2_no_load	3	4	0.636602545794	0.483156722265	3	497	1	
99	0	32	step_1_no_load	1	2	1	380	
99	0	32	step_2_no_load	3	4	0.634585171267	0.520318771114	3	469	1	
99	0	33	step_1_no_load	1	2	1	265	
99	0	33	step_2_no_load	5	6	0.618000238621	0.542309898544	6	1022	0	
99	0	34	step_1_no_load	1	2	1	465	
99	0	34	step_2_no_load	5	6	0.670290552209	0.538523758058	-1	-1	-1	
99	0	35	step_1_no_load	1	2	1	448	
99	0	35	step_2_no_load	5	6	0.649776015006	0.594167768198	5	428	1	
99	0	36	step_1_no_load	1	2	1	607	
99	0	36	step_2_no_load	3	4	0.527635087561	0.513210053121	3	536	0	
99	0	37	step_1_no_load	1	2	1	415	
99	0	37	step_2_no_load	3	4	0.513822304161	0.543074626387	4	406	1	
99	0	38	step_1_no_load	1	2	1	332	
99	0	38	step_2_no_load	3	4	0.539078491643	0.553931241266	4	435	0	
99	0	39	step_1_no_load	1	2	1	306	
99	0	39	step_2_no_load	3	4	0.557005857101	0.578640235206	3	701	0	
99	0	40	step_1_no_load	1	2	2	302	
99	0	40	step_2_no_load	5	6	0.636994900683	0.607992802154	6	403	1	
99	0	41	step_1_no_load	1	2	2	291	
99	0	41	step_2_no_load	5	6	0.633285941184	0.588857868869	6	426	1	
99	0	42	step_1_no_load	1	2	2	350	
99	0	42	step_2_no_load	5	6	0.606696263624	0.609164606591	6	869	0	
99	0	43	step_1_no_load	1	2	2	315	
99	0	43	step_2_no_load	3	4	0.553703096215	0.548128010644	3	947	0	
99	0	44	step_1_no_load	1	2	2	642	
99	0	44	step_2_no_load	5	6	0.589653131867	0.611481438855	6	573	1	
99	0	45	step_1_no_load	1	2	2	414	
99	0	45	step_2_no_load	5	6	0.620699591043	0.632991467829	6	466	1	
99	0	46	step_1_no_load	1	2	2	325	
99	0	46	step_2_no_load	3	4	0.55511883717	0.532238720495	3	1101	1	
99	0	47	step_1_no_load	1	2	1	406	
99	0	47	step_2_no_load	3	4	0.546259467838	0.493112702321	3	418	0	
99	0	48	step_1_no_load	1	2	2	599	
99	0	48	step_2_no_load	3	4	0.534690828011	0.488280685105	4	375	0	
99	0	49	step_1_no_load	1	2	2	324	
99	0	49	step_2_no_load	3	4	0.512405963374	0.489287375157	3	859	1	
99	0	50	step_1_no_load	1	2	2	408	
99	0	50	step_2_no_load	5	6	0.593458480934	0.606862017918	6	514	1	
99	0	51	step_1_no_load	1	2	2	301	
99	0	51	step_2_no_load	5	6	0.613357430892	0.564866799699	6	540	1	
99	0	52	step_1_no_load	1	2	2	565	
99	0	52	step_2_no_load	5	6	0.613408921915	0.539065404057	6	570	0	
99	0	53	step_1_no_load	1	2	2	217	
99	0	53	step_2_no_load	5	6	0.630956764252	0.551457882502	5	421	1	
99	0	54	step_1_no_load	1	2	2	291	
99	0	54	step_2_no_load	3	4	0.493362545513	0.491512498697	3	368	1	
99	0	55	step_1_no_load	1	2	2	308	
99	0	55	step_2_no_load	5	6	0.639840796975	0.574045915747	5	785	1	
99	0	56	step_1_no_load	1	2	2	453	
99	0	56	step_2_no_load	5	6	0.60038825769	0.601856598146	5	560	0	
99	0	57	step_1_no_load	1	2	1	305	
99	0	57	step_2_no_load	3	4	0.516475618243	0.466449077359	3	1269	1	
99	0	58	step_1_no_load	1	2	1	330	
99	0	58	step_2_no_load	3	4	0.528376440027	0.478335218822	3	423	1	
99	0	59	step_1_no_load	1	2	1	344	
99	0	59	step_2_no_load	5	6	0.608951267756	0.632500293208	5	454	1	
99	0	60	step_1_no_load	1	2	1	371	
99	0	60	step_2_no_load	3	4	0.479287247283	0.491916707098	3	944	0	
99	0	61	step_1_no_load	1	2	1	258	
99	0	61	step_2_no_load	3	4	0.527144452559	0.464268875813	4	365	1	
99	0	62	step_1_no_load	1	2	1	286	
99	0	62	step_2_no_load	3	4	0.533031417444	0.50724109756	4	353	0	
99	0	63	step_1_no_load	1	2	2	334	
99	0	63	step_2_no_load	3	4	0.519445130796	0.53192660365	4	479	1	
99	0	64	step_1_no_load	1	2	2	336	
99	0	64	step_2_no_load	3	4	0.533849886794	0.555062911513	3	663	1	
99	0	65	step_1_no_load	1	2	2	448	
99	0	65	step_2_no_load	5	6	0.619953360065	0.612660225018	6	602	0	
99	0	66	step_1_no_load	1	2	2	327	
99	0	66	step_2_no_load	5	6	0.630357351236	0.606938648072	5	399	1	
99	0	67	step_1_no_load	1	2	2	364	
99	0	67	step_2_no_load	3	4	0.538279387614	0.542076810516	3	330	1	
99	0	68	step_1_no_load	1	2	2	1484	
99	0	68	step_2_no_load	5	6	0.719455209845	0.622963076372	6	755	1	
99	0	69	step_1_no_load	1	2	2	395	
99	0	69	step_2_no_load	5	6	0.718756538957	0.622221685203	6	494	1	
99	0	70	step_1_no_load	1	2	2	425	
99	0	70	step_2_no_load	5	6	0.697741832068	0.637556284465	6	538	1	
99	0	71	step_1_no_load	1	2	2	261	
99	0	71	step_2_no_load	5	6	0.706816191949	0.639174917797	5	456	0	
99	0	72	step_1_no_load	1	2	2	269	
99	0	72	step_2_no_load	3	4	0.556486305476	0.47409116389	3	634	1	
99	0	73	step_1_no_load	1	2	2	273	
99	0	73	step_2_no_load	5	6	0.727961155836	0.657126403029	6	701	1	
99	0	74	step_1_no_load	1	2	2	426	
99	0	74	step_2_no_load	5	6	0.693624670847	0.614462146454	6	456	0	
99	0	75	step_1_no_load	1	2	1	246	
99	0	75	step_2_no_load	5	6	0.697629587097	0.615552849174	5	305	0	
99	0	76	step_1_no_load	1	2	1	297	
99	0	76	step_2_no_load	3	4	0.518881389358	0.488583631821	3	436	0	
99	0	77	step_1_no_load	1	2	1	259	
99	0	77	step_2_no_load	5	6	0.679737625371	0.564257587118	5	340	1	
99	0	78	step_1_no_load	1	2	1	277	
99	0	78	step_2_no_load	3	4	0.538654072849	0.435911167612	3	258	1	
99	0	79	step_1_no_load	1	2	1	298	
99	0	79	step_2_no_load	3	4	0.540085062695	0.389124152368	3	305	1	
99	0	80	step_1_no_load	1	2	1	409	
99	0	80	step_2_no_load	3	4	0.49921021142	0.396016175285	3	322	0	
99	0	81	step_1_no_load	1	2	1	491	
99	0	81	step_2_no_load	5	6	0.702400933084	0.529745690463	6	549	1	
99	0	82	step_1_no_load	1	2	1	468	
99	0	82	step_2_no_load	3	4	0.482727017837	0.395813831323	3	782	0	
99	0	83	step_1_no_load	1	2	1	306	
99	0	83	step_2_no_load	3	4	0.483255412498	0.382772464038	4	931	1	
99	0	84	step_1_no_load	1	2	1	469	
99	0	84	step_2_no_load	3	4	0.505586222209	0.385087938645	4	374	0	
99	0	85	step_1_no_load	1	2	2	277	
99	0	85	step_2_no_load	5	6	0.712989604416	0.692384972752	6	492	0	
99	0	86	step_1_no_load	1	2	2	270	
99	0	86	step_2_no_load	5	6	0.721207648497	0.691782850001	5	235	1	
99	0	87	step_1_no_load	1	2	2	318	
99	0	87	step_2_no_load	3	4	0.493867001103	0.40000499778	3	382	0	
99	0	88	step_1_no_load	1	2	2	349	
99	0	88	step_2_no_load	3	4	0.509563243675	0.377947492322	3	1472	0	
99	0	89	step_1_no_load	1	2	2	360	
99	0	89	step_2_no_load	5	6	0.660112261017	0.690772436485	6	753	0	
99	0	90	step_1_no_load	1	2	2	517	
99	0	90	step_2_no_load	5	6	0.688736868033	0.712247848046	6	669	0	
99	0	91	step_1_no_load	1	2	2	316	
99	0	91	step_2_no_load	5	6	0.657820521772	0.685023809334	5	362	1	
99	0	92	step_1_no_load	1	2	2	390	
99	0	92	step_2_no_load	5	6	0.679381608313	0.692406274724	5	636	1	
99	0	93	step_1_no_load	1	2	2	300	
99	0	93	step_2_no_load	5	6	0.662863370634	0.70415710998	5	409	1	
99	0	94	step_1_no_load	1	2	2	263	
99	0	94	step_2_no_load	3	4	0.468637558205	0.429211756872	3	279	0	
99	0	95	step_1_no_load	1	2	2	300	
99	0	95	step_2_no_load	5	6	0.640209855442	0.715495469274	5	635	1	
99	0	96	step_1_no_load	1	2	2	315	
99	0	96	step_2_no_load	5	6	0.663095813561	0.693739812506	5	565	0	
99	0	97	step_1_no_load	1	2	2	316	
99	0	97	step_2_no_load	3	4	0.455601814112	0.392885664353	3	1095	0	
99	0	98	step_1_no_load	1	2	2	526	
99	0	98	step_2_no_load	5	6	0.646040060297	0.70287861952	6	603	0	
99	0	99	step_1_no_load	1	2	1	301	
99	0	99	step_2_no_load	3	4	0.375249961522	0.397561363605	3	857	0	
99	0	100	step_1_no_load	1	2	1	259	
99	0	100	step_2_no_load	3	4	0.363162156005	0.4333505304	4	368	1	
99	0	101	step_1_no_load	1	2	1	399	
99	0	101	step_2_no_load	5	6	0.655903528958	0.623812401974	6	377	0	
99	0	102	step_1_no_load	1	2	1	286	
99	0	102	step_2_no_load	3	4	0.326080462175	0.494584754513	4	444	0	
99	0	103	step_1_no_load	1	2	1	249	
99	0	103	step_2_no_load	5	6	0.69058998368	0.663997796029	5	268	0	
99	0	104	step_1_no_load	1	2	2	278	
99	0	104	step_2_no_load	5	6	0.743372642809	0.703870701136	5	306	1	
99	0	105	step_1_no_load	1	2	2	427	
99	0	105	step_2_no_load	5	6	0.722851301692	0.689135357059	5	520	1	
99	0	106	step_1_no_load	1	2	2	456	
99	0	106	step_2_no_load	5	6	0.699623252899	0.712883638252	5	526	1	
99	0	107	step_1_no_load	1	2	2	274	
99	0	107	step_2_no_load	3	4	0.388257337796	0.565220528809	4	323	0	
99	0	108	step_1_no_load	1	2	2	340	
99	0	108	step_2_no_load	3	4	0.388185708856	0.526955028982	3	802	0	
99	0	109	step_1_no_load	1	2	2	468	
99	0	109	step_2_no_load	3	4	0.372328831887	0.479977531501	3	633	0	
99	0	110	step_1_no_load	1	2	2	296	
99	0	110	step_2_no_load	5	6	0.65455226558	0.729599891941	6	608	1	
99	0	111	step_1_no_load	1	2	2	292	
99	0	111	step_2_no_load	5	6	0.634599547742	0.724852671171	6	347	0	
99	0	112	step_1_no_load	1	2	1	302	
99	0	112	step_2_no_load	3	4	0.413393106784	0.392887565883	3	324	1	
99	0	113	step_1_no_load	1	2	1	377	
99	0	113	step_2_no_load	3	4	0.387112818105	0.370697120277	3	470	0	
99	0	114	step_1_no_load	1	2	1	305	
99	0	114	step_2_no_load	3	4	0.384736699284	0.380324086676	4	388	0	
99	0	115	step_1_no_load	1	2	2	636	
99	0	115	step_2_no_load	5	6	0.645721217949	0.739704344621	6	332	1	
99	0	116	step_1_no_load	1	2	2	436	
99	0	116	step_2_no_load	5	6	0.680124293449	0.706736514943	6	702	1	
99	0	117	step_1_no_load	1	2	2	432	
99	0	117	step_2_no_load	3	4	0.363056877927	0.374621793791	4	689	1	
99	0	118	step_1_no_load	1	2	2	344	
99	0	118	step_2_no_load	3	4	0.362977115924	0.357645851833	4	596	0	
99	0	119	step_1_no_load	1	2	2	433	
99	0	119	step_2_no_load	3	4	0.358243439099	0.357515098446	3	427	0	
99	0	120	step_1_no_load	1	2	2	366	
99	0	120	step_2_no_load	3	4	0.333809617664	0.370150243662	4	1389	0	
99	0	121	step_1_no_load	1	2	2	318	
99	0	121	step_2_no_load	5	6	0.671052306195	0.658856304095	6	487	1	
99	0	122	step_1_no_load	1	2	2	378	
99	0	122	step_2_no_load	5	6	0.672193618854	0.6136886145	6	543	0	
99	0	123	step_1_no_load	1	2	1	404	
99	0	123	step_2_no_load	3	4	0.269780614928	0.337526896345	3	468	0	
99	0	124	step_1_no_load	1	2	1	306	
99	0	124	step_2_no_load	5	6	0.624161788269	0.603013298253	6	470	1	
99	0	125	step_1_no_load	1	2	1	342	
99	0	125	step_2_no_load	5	6	0.633566302563	0.559596800931	6	869	0	
99	0	126	step_1_no_load	1	2	1	372	
99	0	126	step_2_no_load	3	4	0.267206368684	0.300846667696	3	525	1	
99	0	127	step_1_no_load	1	2	1	379	
99	0	127	step_2_no_load	3	4	0.273483952592	0.274944938508	3	436	0	
99	0	128	step_1_no_load	1	2	2	259	
99	0	128	step_2_no_load	5	6	0.620672334996	0.636905534066	5	285	0	
99	0	129	step_1_no_load	1	2	2	312	
99	0	129	step_2_no_load	3	4	0.268213321963	0.271709703542	4	1142	0	
99	0	130	step_1_no_load	1	2	2	249	
99	0	130	step_2_no_load	5	6	0.630285316669	0.682031489739	6	372	1	
99	0	131	step_1_no_load	1	2	2	468	
99	0	131	step_2_no_load	5	6	0.638450601212	0.678044920845	6	649	1	
99	0	132	step_1_no_load	1	2	2	258	
99	0	132	step_2_no_load	5	6	0.660013924697	0.668578020634	6	978	1	
99	0	133	step_1_no_load	1	2	2	381	
99	0	133	step_2_no_load	5	6	0.691649444281	0.617383991623	6	948	1	
99	0	134	step_1_no_load	1	2	2	408	
99	0	134	step_2_no_load	5	6	0.685529359147	0.621945110858	6	1191	0	
99	0	135	step_1_no_load	1	2	1	444	
99	0	135	step_2_no_load	3	4	0.300079459047	0.287118934166	3	285	0	
99	0	136	step_1_no_load	1	2	1	304	
99	0	136	step_2_no_load	3	4	0.307766925452	0.284521085726	3	571	0	
99	0	137	step_1_no_load	1	2	1	279	
99	0	137	step_2_no_load	3	4	0.346433498467	0.325016613024	4	330	1	
99	0	138	step_1_no_load	1	2	1	377	
99	0	138	step_2_no_load	5	6	0.688182193337	0.63240964674	6	369	1	
99	0	139	step_1_no_load	1	2	1	289	
99	0	139	step_2_no_load	3	4	0.325611400511	0.323660750961	4	577	0	
99	0	140	step_1_no_load	1	2	2	363	
99	0	140	step_2_no_load	3	4	0.348740542008	0.328174526491	4	338	0	
99	0	141	step_1_no_load	1	2	2	347	
99	0	141	step_2_no_load	3	4	0.390227133375	0.311809871418	4	460	0	
99	0	142	step_1_no_load	1	2	2	399	
99	0	142	step_2_no_load	5	6	0.627356259123	0.690276058009	6	639	1	
99	0	143	step_1_no_load	1	2	2	495	
99	0	143	step_2_no_load	5	6	0.610219102298	0.661365099615	6	378	1	
99	0	144	step_1_no_load	1	2	2	398	
99	0	144	step_2_no_load	3	4	0.389234194056	0.275932517017	4	750	0	
99	0	145	step_1_no_load	1	2	2	896	
99	0	145	step_2_no_load	5	6	0.606515632748	0.6669125229	6	654	1	
99	0	146	step_1_no_load	1	2	2	308	
99	0	146	step_2_no_load	5	6	0.593778463268	0.681611991725	6	980	1	
99	0	147	step_1_no_load	1	2	2	307	
99	0	147	step_2_no_load	5	6	0.594861186319	0.647798886916	6	465	0	
99	0	148	step_1_no_load	1	2	1	729	
99	0	148	step_2_no_load	3	4	0.311162711725	0.305288021243	3	647	1	
99	0	149	step_1_no_load	1	2	1	380	
99	0	149	step_2_no_load	3	4	0.300290206122	0.269951834184	3	628	0	
99	0	150	step_1_no_load	1	2	1	474	
99	0	150	step_2_no_load	3	4	0.306860041627	0.305587692243	3	650	0	
99	0	151	step_1_no_load	1	2	2	411	
99	0	151	step_2_no_load	5	6	0.614159737668	0.59154759351	6	453	1	
99	0	152	step_1_no_load	1	2	2	401	
99	0	152	step_2_no_load	5	6	0.644204174791	0.595108765344	6	717	1	
99	0	153	step_1_no_load	1	2	2	430	
99	0	153	step_2_no_load	3	4	0.343622632154	0.309356532263	3	887	0	
99	0	154	step_1_no_load	1	2	2	440	
99	0	154	step_2_no_load	5	6	0.671672162443	0.638934099562	6	388	0	
99	0	155	step_1_no_load	1	2	2	220	
99	0	155	step_2_no_load	5	6	0.716100930629	0.632486591889	5	240	0	
99	0	156	step_1_no_load	1	2	2	291	
99	0	156	step_2_no_load	5	6	0.734436160799	0.631048201903	6	537	0	
99	0	157	step_1_no_load	1	2	2	354	
99	0	157	step_2_no_load	3	4	0.324728201487	0.350909357271	4	324	0	
99	0	158	step_1_no_load	1	2	1	396	
99	0	158	step_2_no_load	3	4	0.334595868098	0.408728803896	3	874	0	
99	0	159	step_1_no_load	1	2	1	393	
99	0	159	step_2_no_load	3	4	0.321150411254	0.413026375257	4	364	0	
99	0	160	step_1_no_load	1	2	2	290	
99	0	160	step_2_no_load	3	4	0.355992626298	0.415052912783	4	303	1	
99	0	161	step_1_no_load	1	2	2	309	
99	0	161	step_2_no_load	5	6	0.719896286569	0.516036498158	6	413	0	
99	0	162	step_1_no_load	1	2	2	492	
99	0	162	step_2_no_load	5	6	0.695144769903	0.566496468084	6	416	1	
99	0	163	step_1_no_load	1	2	2	431	
99	0	163	step_2_no_load	5	6	0.697095951435	0.5863391277	6	359	1	
99	0	164	step_1_no_load	1	2	2	313	
99	0	164	step_2_no_load	5	6	0.692137394606	0.585961845322	6	361	0	
99	0	165	step_1_no_load	1	2	2	290	
99	0	165	step_2_no_load	5	6	0.717506143195	0.538026607649	5	405	0	
99	0	166	step_1_no_load	1	2	2	299	
99	0	166	step_2_no_load	3	4	0.356317216644	0.422282731054	4	253	1	
99	0	167	step_1_no_load	1	2	2	337	
99	0	167	step_2_no_load	3	4	0.331115714939	0.38753671275	4	598	1	
99	0	168	step_1_no_load	1	2	2	407	
99	0	168	step_2_no_load	3	4	0.335777599654	0.400817642375	4	986	0	
99	0	169	step_1_no_load	1	2	2	268	
99	0	169	step_2_no_load	5	6	0.704981910944	0.586049140041	6	694	1	
99	0	170	step_1_no_load	1	2	2	397	
99	0	170	step_2_no_load	5	6	0.67334314737	0.57151385403	6	496	0	
99	0	171	step_1_no_load	1	2	2	472	
99	0	171	step_2_no_load	5	6	0.727248140829	0.553314431843	6	614	1	
99	0	172	step_1_no_load	1	2	2	469	
99	0	172	step_2_no_load	5	6	0.668669556875	0.519090471457	6	714	0	
99	0	173	step_1_no_load	1	2	2	343	
99	0	173	step_2_no_load	5	6	0.667027212577	0.484428109849	6	525	0	
99	0	174	step_1_no_load	1	2	1	273	
99	0	174	step_2_no_load	5	6	0.729877433725	0.472729524832	5	323	1	
99	0	175	step_1_no_load	1	2	1	340	
99	0	175	step_2_no_load	5	6	0.693968268443	0.52644949356	6	1037	0	
99	0	176	step_1_no_load	1	2	1	315	
99	0	176	step_2_no_load	5	6	0.679250000396	0.474046874473	5	384	1	
99	0	177	step_1_no_load	1	2	1	443	
99	0	177	step_2_no_load	3	4	0.4798184927	0.357425668099	3	1129	1	
99	0	178	step_1_no_load	1	2	1	270	
99	0	178	step_2_no_load	3	4	0.49020858644	0.36473828006	3	407	0	
99	0	179	step_1_no_load	1	2	1	247	
99	0	179	step_2_no_load	3	4	0.493565996034	0.324685418097	4	302	0	
99	0	180	step_1_no_load	1	2	1	268	
99	0	180	step_2_no_load	3	4	0.489345734128	0.341214611607	3	344	0	
99	0	181	step_1_no_load	1	2	2	24	
99	0	181	step_2_no_load	5	6	0.746910336326	0.508735114046	6	261	1	
99	0	182	step_1_no_load	1	2	2	297	
99	0	182	step_2_no_load	5	6	0.72717560423	0.506773281362	6	388	0	
99	0	183	step_1_no_load	1	2	2	367	
99	0	183	step_2_no_load	3	4	0.492742497507	0.350175837802	4	1305	0	
99	0	184	step_1_no_load	1	2	2	417	
99	0	184	step_2_no_load	5	6	0.657291439324	0.460890977786	6	511	1	
99	0	185	step_1_no_load	1	2	2	400	
99	0	185	step_2_no_load	5	6	0.665622647081	0.479703516092	5	521	1	
99	0	186	step_1_no_load	1	2	2	291	
99	0	186	step_2_no_load	5	6	0.656308636836	0.46870859828	5	712	0	
99	0	187	step_1_no_load	1	2	2	284	
99	0	187	step_2_no_load	3	4	0.498596507669	0.328890769988	4	1236	0	
99	0	188	step_1_no_load	1	2	2	256	
99	0	188	step_2_no_load	3	4	0.548350535247	0.291508050861	4	312	0	
99	0	189	step_1_no_load	1	2	2	307	
99	0	189	step_2_no_load	3	4	0.534753756004	0.285168135955	4	470	0	
99	0	190	step_1_no_load	1	2	1	544	
99	0	190	step_2_no_load	5	6	0.667655825994	0.433568856946	5	379	1	
99	0	191	step_1_no_load	1	2	1	424	
99	0	191	step_2_no_load	5	6	0.664271461991	0.435748387321	5	1017	1	
99	0	192	step_1_no_load	1	2	1	275	
99	0	192	step_2_no_load	3	4	0.493851022417	0.299297135717	3	825	0	
99	0	193	step_1_no_load	1	2	2	428	
99	0	193	step_2_no_load	5	6	0.679792491164	0.440813209638	6	421	1	
99	0	194	step_1_no_load	1	2	2	360	
99	0	194	step_2_no_load	5	6	0.655261361454	0.433250459893	6	313	0	
99	0	195	step_1_no_load	1	2	2	306	
99	0	195	step_2_no_load	5	6	0.646280688878	0.466795336969	5	215	0	
99	0	196	step_1_no_load	1	2	1	331	
99	0	196	step_2_no_load	3	4	0.496717662777	0.365373286058	4	308	1	
99	0	197	step_1_no_load	1	2	1	315	
99	0	197	step_2_no_load	3	4	0.47786945426	0.316987700969	4	270	0	
99	0	198	step_1_no_load	1	2	1	200	
99	0	198	step_2_no_load	3	4	0.485065498391	0.303352625941	3	255	1	
99	0	199	step_1_no_load	1	2	1	359	
99	0	199	step_2_no_load	3	4	0.529438031858	0.292861528884	3	432	0	
99	0	200	step_1_no_load	1	2	2	353	
99	0	200	step_2_no_load	3	4	0.507902534353	0.299128796668	4	528	1	

Sun Apr  2 14:35:50 2017
